4.905996127238921867e-01 8.713851157755490018e-01 0.000000000000000000e+00 0.000000000000000000e+00 -8.713851157755490018e-01 4.905996127238921867e-01 -0.000000000000000000e+00 0.000000000000000000e+00 -0.000000000000000000e+00 0.000000000000000000e+00 1.000000000000000000e+00 0.000000000000000000e+00
4.905996127238921867e-01 8.713851157755490018e-01 0.000000000000000000e+00 0.000000000000000000e+00 -8.713851157755490018e-01 4.905996127238921867e-01 -0.000000000000000000e+00 0.000000000000000000e+00 -0.000000000000000000e+00 0.000000000000000000e+00 1.000000000000000000e+00 0.000000000000000000e+00
4.858777858329247357e-01 8.740267600217368482e-01 0.000000000000000000e+00 1.585972428321838379e+00 -8.740267600217368482e-01 4.858777858329247357e-01 -0.000000000000000000e+00 -2.756035566329956055e+00 -0.000000000000000000e+00 0.000000000000000000e+00 1.000000000000000000e+00 0.000000000000000000e+00
4.812947998903386315e-01 8.765587918665348477e-01 0.000000000000000000e+00 3.297378540039062500e+00 -8.765587918665348477e-01 4.812947998903386315e-01 -0.000000000000000000e+00 -5.324352741241455078e+00 -0.000000000000000000e+00 0.000000000000000000e+00 1.000000000000000000e+00 0.000000000000000000e+00
4.759312200115726199e-01 8.794825034179452050e-01 0.000000000000000000e+00 4.855685710906982422e+00 -8.794825034179452050e-01 4.759312200115726199e-01 -0.000000000000000000e+00 -8.093390464782714844e+00 -0.000000000000000000e+00 0.000000000000000000e+00 1.000000000000000000e+00 0.000000000000000000e+00
4.708579136213710825e-01 8.822090597925922317e-01 0.000000000000000000e+00 6.541830062866210938e+00 -8.822090597925922317e-01 4.708579136213710825e-01 -0.000000000000000000e+00 -1.085606861114501953e+01 -0.000000000000000000e+00 0.000000000000000000e+00 1.000000000000000000e+00 0.000000000000000000e+00
4.666953865255750733e-01 8.844181229462365623e-01 0.000000000000000000e+00 8.151719093322753906e+00 -8.844181229462365623e-01 4.666953865255750733e-01 -0.000000000000000000e+00 -1.359262657165527344e+01 -0.000000000000000000e+00 0.000000000000000000e+00 1.000000000000000000e+00 0.000000000000000000e+00
4.639146089791970073e-01 8.858799216460878645e-01 0.000000000000000000e+00 9.816929045343243843e+00 -8.858799216460878645e-01 4.639146089791970073e-01 -0.000000000000000000e+00 -1.648042482256005314e+01 -0.000000000000000000e+00 0.000000000000000000e+00 1.000000000000000000e+00 0.000000000000000000e+00
4.567874343342993582e-01 8.895758763783380152e-01 0.000000000000000000e+00 1.129919871299529532e+01 -8.895758763783380152e-01 4.567874343342993582e-01 -0.000000000000000000e+00 -1.928507071973899656e+01 -0.000000000000000000e+00 0.000000000000000000e+00 1.000000000000000000e+00 0.000000000000000000e+00
4.553118278036940580e-01 8.903320388832804966e-01 0.000000000000000000e+00 1.302259349822998047e+01 -8.903320388832804966e-01 4.553118278036940580e-01 -0.000000000000000000e+00 -2.204799461364746094e+01 -0.000000000000000000e+00 0.000000000000000000e+00 1.000000000000000000e+00 0.000000000000000000e+00
4.538349843662738969e-01 8.910857461351650022e-01 0.000000000000000000e+00 1.474593353271484375e+01 -8.910857461351650022e-01 4.538349843662738969e-01 -0.000000000000000000e+00 -2.481081390380859375e+01 -0.000000000000000000e+00 0.000000000000000000e+00 1.000000000000000000e+00 0.000000000000000000e+00
4.485392463037222166e-01 8.937631367008200822e-01 0.000000000000000000e+00 1.619153785705566406e+01 -8.937631367008200822e-01 4.485392463037222166e-01 -0.000000000000000000e+00 -2.756648063659667969e+01 -0.000000000000000000e+00 0.000000000000000000e+00 1.000000000000000000e+00 0.000000000000000000e+00
4.447915246869172945e-01 8.956341326494247079e-01 0.000000000000000000e+00 1.781505012512207031e+01 -8.956341326494247079e-01 4.447915246869172945e-01 -0.000000000000000000e+00 -3.047317886352539062e+01 -0.000000000000000000e+00 0.000000000000000000e+00 1.000000000000000000e+00 0.000000000000000000e+00
4.410359783439261605e-01 8.974894237851586132e-01 0.000000000000000000e+00 1.932691001892089844e+01 -8.974894237851586132e-01 4.410359783439261605e-01 -0.000000000000000000e+00 -3.319130706787109375e+01 -0.000000000000000000e+00 0.000000000000000000e+00 1.000000000000000000e+00 0.000000000000000000e+00
4.322431204244310265e-01 9.017571096729710689e-01 0.000000000000000000e+00 2.240665817260742188e+01 -9.017571096729710689e-01 4.322431204244310265e-01 -0.000000000000000000e+00 -3.884115219116210938e+01 -0.000000000000000000e+00 0.000000000000000000e+00 1.000000000000000000e+00 0.000000000000000000e+00
4.276734009563742944e-01 9.039333283569139788e-01 0.000000000000000000e+00 2.387927436828613281e+01 -9.039333283569139788e-01 4.276734009563742944e-01 -0.000000000000000000e+00 -4.175950622558593750e+01 -0.000000000000000000e+00 0.000000000000000000e+00 1.000000000000000000e+00 0.000000000000000000e+00
4.257792813810931110e-01 9.048270572582365334e-01 0.000000000000000000e+00 2.535584068298339844e+01 -9.048270572582365334e-01 4.257792813810931110e-01 -0.000000000000000000e+00 -4.443110656738281250e+01 -0.000000000000000000e+00 0.000000000000000000e+00 1.000000000000000000e+00 0.000000000000000000e+00
4.202440960572101369e-01 9.074110974244576910e-01 0.000000000000000000e+00 2.678681373596191406e+01 -9.074110974244576910e-01 4.202440960572101369e-01 -0.000000000000000000e+00 -4.736830520629882812e+01 -0.000000000000000000e+00 0.000000000000000000e+00 1.000000000000000000e+00 0.000000000000000000e+00
4.154871456764444027e-01 9.095990500092010489e-01 0.000000000000000000e+00 2.825128746032714844e+01 -9.095990500092010489e-01 4.154871456764444027e-01 -0.000000000000000000e+00 -5.028737258911132812e+01 -0.000000000000000000e+00 0.000000000000000000e+00 1.000000000000000000e+00 0.000000000000000000e+00
4.129454734951844008e-01 9.107557498692160358e-01 0.000000000000000000e+00 2.969581222534179688e+01 -9.107557498692160358e-01 4.129454734951844008e-01 -0.000000000000000000e+00 -5.315649032592773438e+01 -0.000000000000000000e+00 0.000000000000000000e+00 1.000000000000000000e+00 0.000000000000000000e+00
4.041839364225301434e-01 9.146777276931959966e-01 0.000000000000000000e+00 3.087219429016113281e+01 -9.146777276931959966e-01 4.041839364225301434e-01 -0.000000000000000000e+00 -5.615301513671875000e+01 -0.000000000000000000e+00 0.000000000000000000e+00 1.000000000000000000e+00 0.000000000000000000e+00
3.987490749837883097e-01 9.170600717507947364e-01 0.000000000000000000e+00 3.219602966308593750e+01 -9.170600717507947364e-01 3.987490749837883097e-01 -0.000000000000000000e+00 -5.889340972900390625e+01 -0.000000000000000000e+00 0.000000000000000000e+00 1.000000000000000000e+00 0.000000000000000000e+00
3.955455262803847516e-01 9.184463711287519372e-01 0.000000000000000000e+00 3.361195373535156250e+01 -9.184463711287519372e-01 3.955455262803847516e-01 -0.000000000000000000e+00 -6.177326583862304688e+01 -0.000000000000000000e+00 0.000000000000000000e+00 1.000000000000000000e+00 0.000000000000000000e+00
3.894454680887059483e-01 9.210495249361833059e-01 0.000000000000000000e+00 3.490293502807617188e+01 -9.210495249361833059e-01 3.894454680887059483e-01 -0.000000000000000000e+00 -6.470935821533203125e+01 -0.000000000000000000e+00 0.000000000000000000e+00 1.000000000000000000e+00 0.000000000000000000e+00
3.831671005403354258e-01 9.236790422346455864e-01 0.000000000000000000e+00 3.618616867065429688e+01 -9.236790422346455864e-01 3.831671005403354258e-01 -0.000000000000000000e+00 -6.764679718017578125e+01 -0.000000000000000000e+00 0.000000000000000000e+00 1.000000000000000000e+00 0.000000000000000000e+00
3.776791906820037292e-01 9.259365145223437121e-01 0.000000000000000000e+00 3.750345993041992188e+01 -9.259365145223437121e-01 3.776791906820037292e-01 -0.000000000000000000e+00 -7.056714630126953125e+01 -0.000000000000000000e+00 0.000000000000000000e+00 1.000000000000000000e+00 0.000000000000000000e+00
3.736354284304623796e-01 9.275756392993429467e-01 0.000000000000000000e+00 3.876353454589843750e+01 -9.275756392993429467e-01 3.736354284304623796e-01 -0.000000000000000000e+00 -7.364173126220703125e+01 -0.000000000000000000e+00 0.000000000000000000e+00 1.000000000000000000e+00 0.000000000000000000e+00
3.708816457244497045e-01 9.286801413106255954e-01 0.000000000000000000e+00 4.019876861572265625e+01 -9.286801413106255954e-01 3.708816457244497045e-01 -0.000000000000000000e+00 -7.650880432128906250e+01 -0.000000000000000000e+00 0.000000000000000000e+00 1.000000000000000000e+00 0.000000000000000000e+00
3.679622503694247593e-01 9.298407295354775837e-01 0.000000000000000000e+00 4.151554870605468750e+01 -9.298407295354775837e-01 3.679622503694247593e-01 -0.000000000000000000e+00 -7.919060516357421875e+01 -0.000000000000000000e+00 0.000000000000000000e+00 1.000000000000000000e+00 0.000000000000000000e+00
3.637390043776349557e-01 9.315009053642228087e-01 0.000000000000000000e+00 4.288732910156250000e+01 -9.315009053642228087e-01 3.637390043776349557e-01 -0.000000000000000000e+00 -8.208351898193359375e+01 -0.000000000000000000e+00 0.000000000000000000e+00 1.000000000000000000e+00 0.000000000000000000e+00
3.591824922823607658e-01 9.332673449970441126e-01 0.000000000000000000e+00 4.412929916381835938e+01 -9.332673449970441126e-01 3.591824922823607658e-01 -0.000000000000000000e+00 -8.497887420654296875e+01 -0.000000000000000000e+00 0.000000000000000000e+00 1.000000000000000000e+00 0.000000000000000000e+00
3.625621184449415724e-01 9.319596076379685901e-01 0.000000000000000000e+00 4.648787307739257812e+01 -9.319596076379685901e-01 3.625621184449415724e-01 -0.000000000000000000e+00 -8.810140991210937500e+01 -0.000000000000000000e+00 0.000000000000000000e+00 1.000000000000000000e+00 0.000000000000000000e+00
3.545037626584829349e-01 9.350545878508795816e-01 0.000000000000000000e+00 4.773612976074218750e+01 -9.350545878508795816e-01 3.545037626584829349e-01 -0.000000000000000000e+00 -9.113616943359375000e+01 -0.000000000000000000e+00 0.000000000000000000e+00 1.000000000000000000e+00 0.000000000000000000e+00
3.474139103150634122e-01 9.377118826801744689e-01 0.000000000000000000e+00 4.900043869018554688e+01 -9.377118826801744689e-01 3.474139103150634122e-01 -0.000000000000000000e+00 -9.415840911865234375e+01 -0.000000000000000000e+00 0.000000000000000000e+00 1.000000000000000000e+00 0.000000000000000000e+00
3.417520001412395203e-01 9.397901736023112074e-01 0.000000000000000000e+00 5.026890182495117188e+01 -9.397901736023112074e-01 3.417520001412395203e-01 -0.000000000000000000e+00 -9.709315490722656250e+01 -0.000000000000000000e+00 0.000000000000000000e+00 1.000000000000000000e+00 0.000000000000000000e+00
3.361838825105124551e-01 9.417963671304736550e-01 0.000000000000000000e+00 5.156259536743164062e+01 -9.417963671304736550e-01 3.361838825105124551e-01 -0.000000000000000000e+00 -1.000513534545898438e+02 -0.000000000000000000e+00 0.000000000000000000e+00 1.000000000000000000e+00 0.000000000000000000e+00
3.304798972474196628e-01 9.438130310158546754e-01 0.000000000000000000e+00 5.285446166992187500e+01 -9.438130310158546754e-01 3.304798972474196628e-01 -0.000000000000000000e+00 -1.030255355834960938e+02 -0.000000000000000000e+00 0.000000000000000000e+00 1.000000000000000000e+00 0.000000000000000000e+00
3.247847886300373466e-01 9.457879472030410462e-01 0.000000000000000000e+00 5.412875366210937500e+01 -9.457879472030410462e-01 3.247847886300373466e-01 -0.000000000000000000e+00 -1.059976348876953125e+02 -0.000000000000000000e+00 0.000000000000000000e+00 1.000000000000000000e+00 0.000000000000000000e+00
3.192551312767480942e-01 9.476688035138997046e-01 0.000000000000000000e+00 5.538037490844726562e+01 -9.476688035138997046e-01 3.192551312767480942e-01 -0.000000000000000000e+00 -1.089847488403320312e+02 -0.000000000000000000e+00 0.000000000000000000e+00 1.000000000000000000e+00 0.000000000000000000e+00
3.137293181488861604e-01 9.495124617053927185e-01 0.000000000000000000e+00 5.662130737304687500e+01 -9.495124617053927185e-01 3.137293181488861604e-01 -0.000000000000000000e+00 -1.119829101562500000e+02 -0.000000000000000000e+00 0.000000000000000000e+00 1.000000000000000000e+00 0.000000000000000000e+00
3.080624491536296805e-01 9.513661374158045581e-01 0.000000000000000000e+00 5.785267257690429688e+01 -9.513661374158045581e-01 3.080624491536296805e-01 -0.000000000000000000e+00 -1.149728622436523438e+02 -0.000000000000000000e+00 0.000000000000000000e+00 1.000000000000000000e+00 0.000000000000000000e+00
3.023768019117163419e-01 9.531884754158762574e-01 0.000000000000000000e+00 5.907122802734375000e+01 -9.531884754158762574e-01 3.023768019117163419e-01 -0.000000000000000000e+00 -1.179737930297851562e+02 -0.000000000000000000e+00 0.000000000000000000e+00 1.000000000000000000e+00 0.000000000000000000e+00
2.968492805480873464e-01 9.549243449813619167e-01 0.000000000000000000e+00 6.026881408691406250e+01 -9.549243449813619167e-01 2.968492805480873464e-01 -0.000000000000000000e+00 -1.209777526855468750e+02 -0.000000000000000000e+00 0.000000000000000000e+00 1.000000000000000000e+00 0.000000000000000000e+00
2.913975706558157297e-01 9.566020362804423804e-01 0.000000000000000000e+00 6.144582366943359375e+01 -9.566020362804423804e-01 2.913975706558157297e-01 -0.000000000000000000e+00 -1.239885711669921875e+02 -0.000000000000000000e+00 0.000000000000000000e+00 1.000000000000000000e+00 0.000000000000000000e+00
2.861699036335922930e-01 9.581788905284547297e-01 0.000000000000000000e+00 6.260082626342773438e+01 -9.581788905284547297e-01 2.861699036335922930e-01 -0.000000000000000000e+00 -1.270063629150390625e+02 -0.000000000000000000e+00 0.000000000000000000e+00 1.000000000000000000e+00 0.000000000000000000e+00
2.807282359379654757e-01 9.597872980755466354e-01 0.000000000000000000e+00 6.374998092651367188e+01 -9.597872980755466354e-01 2.807282359379654757e-01 -0.000000000000000000e+00 -1.300116271972656250e+02 -0.000000000000000000e+00 0.000000000000000000e+00 1.000000000000000000e+00 0.000000000000000000e+00
2.750778174595325254e-01 9.614219647697362925e-01 0.000000000000000000e+00 6.489757537841796875e+01 -9.614219647697362925e-01 2.750778174595325254e-01 -0.000000000000000000e+00 -1.330226135253906250e+02 -0.000000000000000000e+00 0.000000000000000000e+00 1.000000000000000000e+00 0.000000000000000000e+00
2.694813638845906523e-01 9.630056046144804816e-01 0.000000000000000000e+00 6.602551269531250000e+01 -9.630056046144804816e-01 2.694813638845906523e-01 -0.000000000000000000e+00 -1.360440521240234375e+02 -0.000000000000000000e+00 0.000000000000000000e+00 1.000000000000000000e+00 0.000000000000000000e+00
2.638208384542576335e-01 9.645717003920923904e-01 0.000000000000000000e+00 6.714737701416015625e+01 -9.645717003920923904e-01 2.638208384542576335e-01 -0.000000000000000000e+00 -1.390586242675781250e+02 -0.000000000000000000e+00 0.000000000000000000e+00 1.000000000000000000e+00 0.000000000000000000e+00
2.638208384542576335e-01 9.645717003920923904e-01 0.000000000000000000e+00 6.714737701416015625e+01 -9.645717003920923904e-01 2.638208384542576335e-01 -0.000000000000000000e+00 -1.390586242675781250e+02 -0.000000000000000000e+00 0.000000000000000000e+00 1.000000000000000000e+00 0.000000000000000000e+00
2.539594768730372154e-01 9.672148593287706042e-01 0.000000000000000000e+00 6.928250122070312500e+01 -9.672148593287706042e-01 2.539594768730372154e-01 -0.000000000000000000e+00 -1.446122589111328125e+02 -0.000000000000000000e+00 0.000000000000000000e+00 1.000000000000000000e+00 0.000000000000000000e+00
2.539594768730372154e-01 9.672148593287706042e-01 0.000000000000000000e+00 6.928250122070312500e+01 -9.672148593287706042e-01 2.539594768730372154e-01 -0.000000000000000000e+00 -1.446122589111328125e+02 -0.000000000000000000e+00 0.000000000000000000e+00 1.000000000000000000e+00 0.000000000000000000e+00
2.444020563635387333e-01 9.696739837931477313e-01 0.000000000000000000e+00 7.126522827148437500e+01 -9.696739837931477313e-01 2.444020563635387333e-01 -0.000000000000000000e+00 -1.500521697998046875e+02 -0.000000000000000000e+00 0.000000000000000000e+00 1.000000000000000000e+00 0.000000000000000000e+00
2.386411490289820359e-01 9.711078220208749778e-01 0.000000000000000000e+00 7.221997070312500000e+01 -9.711078220208749778e-01 2.386411490289820359e-01 -0.000000000000000000e+00 -1.531026611328125000e+02 -0.000000000000000000e+00 0.000000000000000000e+00 1.000000000000000000e+00 0.000000000000000000e+00
2.338435787682777711e-01 9.722742312068362036e-01 0.000000000000000000e+00 7.316587066650390625e+01 -9.722742312068362036e-01 2.338435787682777711e-01 -0.000000000000000000e+00 -1.560301971435546875e+02 -0.000000000000000000e+00 0.000000000000000000e+00 1.000000000000000000e+00 0.000000000000000000e+00
2.286582643707892881e-01 9.735067529991450197e-01 0.000000000000000000e+00 7.414186096191406250e+01 -9.735067529991450197e-01 2.286582643707892881e-01 -0.000000000000000000e+00 -1.586876983642578125e+02 -0.000000000000000000e+00 0.000000000000000000e+00 1.000000000000000000e+00 0.000000000000000000e+00
2.235913938629838782e-01 9.746829682468078904e-01 0.000000000000000000e+00 7.503200531005859375e+01 -9.746829682468078904e-01 2.235913938629838782e-01 -0.000000000000000000e+00 -1.616997985839843750e+02 -0.000000000000000000e+00 0.000000000000000000e+00 1.000000000000000000e+00 0.000000000000000000e+00
2.186291483738354025e-01 9.758080218369449277e-01 0.000000000000000000e+00 7.586344146728515625e+01 -9.758080218369449277e-01 2.186291483738354025e-01 -0.000000000000000000e+00 -1.647224731445312500e+02 -0.000000000000000000e+00 0.000000000000000000e+00 1.000000000000000000e+00 0.000000000000000000e+00
2.142704342325780775e-01 9.767743756947059319e-01 0.000000000000000000e+00 7.662265014648437500e+01 -9.767743756947059319e-01 2.142704342325780775e-01 -0.000000000000000000e+00 -1.677219543457031250e+02 -0.000000000000000000e+00 0.000000000000000000e+00 1.000000000000000000e+00 0.000000000000000000e+00
2.087250924618240244e-01 9.779743533328486560e-01 0.000000000000000000e+00 7.751548004150390625e+01 -9.779743533328486560e-01 2.087250924618240244e-01 -0.000000000000000000e+00 -1.712603454589843750e+02 -0.000000000000000000e+00 0.000000000000000000e+00 1.000000000000000000e+00 0.000000000000000000e+00
2.046351276947431241e-01 9.788383239909214106e-01 0.000000000000000000e+00 7.799469757080078125e+01 -9.788383239909214106e-01 2.046351276947431241e-01 -0.000000000000000000e+00 -1.737088165283203125e+02 -0.000000000000000000e+00 0.000000000000000000e+00 1.000000000000000000e+00 0.000000000000000000e+00
1.993761974004658599e-01 9.799230234616037594e-01 0.000000000000000000e+00 7.865739440917968750e+01 -9.799230234616037594e-01 1.993761974004658599e-01 -0.000000000000000000e+00 -1.767340545654296875e+02 -0.000000000000000000e+00 0.000000000000000000e+00 1.000000000000000000e+00 0.000000000000000000e+00
1.939519946774739267e-01 9.810110212228142501e-01 0.000000000000000000e+00 7.928005218505859375e+01 -9.810110212228142501e-01 1.939519946774739267e-01 -0.000000000000000000e+00 -1.797564086914062500e+02 -0.000000000000000000e+00 0.000000000000000000e+00 1.000000000000000000e+00 0.000000000000000000e+00
1.939519946774739267e-01 9.810110212228142501e-01 0.000000000000000000e+00 7.928005218505859375e+01 -9.810110212228142501e-01 1.939519946774739267e-01 -0.000000000000000000e+00 -1.797564086914062500e+02 -0.000000000000000000e+00 0.000000000000000000e+00 1.000000000000000000e+00 0.000000000000000000e+00
1.884671709041908505e-01 9.820794904137700732e-01 0.000000000000000000e+00 8.041120147705078125e+01 -9.820794904137700732e-01 1.884671709041908505e-01 -0.000000000000000000e+00 -1.849351348876953125e+02 -0.000000000000000000e+00 0.000000000000000000e+00 1.000000000000000000e+00 0.000000000000000000e+00
1.822847127517006616e-01 9.832457899716783301e-01 0.000000000000000000e+00 8.091602325439453125e+01 -9.832457899716783301e-01 1.822847127517006616e-01 -0.000000000000000000e+00 -1.878627471923828125e+02 -0.000000000000000000e+00 0.000000000000000000e+00 1.000000000000000000e+00 0.000000000000000000e+00
1.769698061441907777e-01 9.842162809633294707e-01 0.000000000000000000e+00 8.137514495849609375e+01 -9.842162809633294707e-01 1.769698061441907777e-01 -0.000000000000000000e+00 -1.907840270996093750e+02 -0.000000000000000000e+00 0.000000000000000000e+00 1.000000000000000000e+00 0.000000000000000000e+00
1.723759593891200925e-01 9.850312323092506039e-01 0.000000000000000000e+00 8.179068756103515625e+01 -9.850312323092506039e-01 1.723759593891200925e-01 -0.000000000000000000e+00 -1.936771545410156250e+02 -0.000000000000000000e+00 0.000000000000000000e+00 1.000000000000000000e+00 0.000000000000000000e+00
1.689293156083222502e-01 9.856281683921700454e-01 0.000000000000000000e+00 8.215975952148437500e+01 -9.856281683921700454e-01 1.689293156083222502e-01 -0.000000000000000000e+00 -1.965604400634765625e+02 -0.000000000000000000e+00 0.000000000000000000e+00 1.000000000000000000e+00 0.000000000000000000e+00
1.669162850926882991e-01 9.859710714675438137e-01 0.000000000000000000e+00 8.247378540039062500e+01 -9.859710714675438137e-01 1.669162850926882991e-01 -0.000000000000000000e+00 -1.994116210937500000e+02 -0.000000000000000000e+00 0.000000000000000000e+00 1.000000000000000000e+00 0.000000000000000000e+00
1.654845950590918546e-01 9.862123750988570636e-01 0.000000000000000000e+00 8.275415039062500000e+01 -9.862123750988570636e-01 1.654845950590918546e-01 -0.000000000000000000e+00 -2.022385711669921875e+02 -0.000000000000000000e+00 0.000000000000000000e+00 1.000000000000000000e+00 0.000000000000000000e+00
1.612818391939738749e-01 9.869083890342652543e-01 0.000000000000000000e+00 8.346191406250000000e+01 -9.869083890342652543e-01 1.612818391939738749e-01 -0.000000000000000000e+00 -2.052057342529296875e+02 -0.000000000000000000e+00 0.000000000000000000e+00 1.000000000000000000e+00 0.000000000000000000e+00
1.575624747596929831e-01 9.875090209955557086e-01 0.000000000000000000e+00 8.412459564208984375e+01 -9.875090209955557086e-01 1.575624747596929831e-01 -0.000000000000000000e+00 -2.081560668945312500e+02 -0.000000000000000000e+00 0.000000000000000000e+00 1.000000000000000000e+00 0.000000000000000000e+00
1.541929635783509944e-01 9.880407531994446213e-01 0.000000000000000000e+00 8.475131988525390625e+01 -9.880407531994446213e-01 1.541929635783509944e-01 -0.000000000000000000e+00 -2.111110382080078125e+02 -0.000000000000000000e+00 0.000000000000000000e+00 1.000000000000000000e+00 0.000000000000000000e+00
1.513232787516728406e-01 9.884843272949972448e-01 0.000000000000000000e+00 8.532089233398437500e+01 -9.884843272949972448e-01 1.513232787516728406e-01 -0.000000000000000000e+00 -2.138322448730468750e+02 -0.000000000000000000e+00 0.000000000000000000e+00 1.000000000000000000e+00 0.000000000000000000e+00
1.485714860774277613e-01 9.889016703013221443e-01 0.000000000000000000e+00 8.587721252441406250e+01 -9.889016703013221443e-01 1.485714860774277613e-01 -0.000000000000000000e+00 -2.167323455810546875e+02 -0.000000000000000000e+00 0.000000000000000000e+00 1.000000000000000000e+00 0.000000000000000000e+00
1.460496535151332154e-01 9.892772607859283696e-01 0.000000000000000000e+00 8.639871215820312500e+01 -9.892772607859283696e-01 1.460496535151332154e-01 -0.000000000000000000e+00 -2.196532745361328125e+02 -0.000000000000000000e+00 0.000000000000000000e+00 1.000000000000000000e+00 0.000000000000000000e+00
1.437670238799753086e-01 9.896115615961115219e-01 0.000000000000000000e+00 8.688505554199218750e+01 -9.896115615961115219e-01 1.437670238799753086e-01 -0.000000000000000000e+00 -2.225956878662109375e+02 -0.000000000000000000e+00 0.000000000000000000e+00 1.000000000000000000e+00 0.000000000000000000e+00
1.415857406467415647e-01 9.899259962469485474e-01 0.000000000000000000e+00 8.734284973144531250e+01 -9.899259962469485474e-01 1.415857406467415647e-01 -0.000000000000000000e+00 -2.255597686767578125e+02 -0.000000000000000000e+00 0.000000000000000000e+00 1.000000000000000000e+00 0.000000000000000000e+00
1.393623353660852215e-01 9.902414551417806354e-01 0.000000000000000000e+00 8.778018188476562500e+01 -9.902414551417806354e-01 1.393623353660852215e-01 -0.000000000000000000e+00 -2.285262451171875000e+02 -0.000000000000000000e+00 0.000000000000000000e+00 1.000000000000000000e+00 0.000000000000000000e+00
1.372638257848330934e-01 9.905345234422224809e-01 0.000000000000000000e+00 8.818881988525390625e+01 -9.905345234422224809e-01 1.372638257848330934e-01 -0.000000000000000000e+00 -2.315014190673828125e+02 -0.000000000000000000e+00 0.000000000000000000e+00 1.000000000000000000e+00 0.000000000000000000e+00
1.351534751715279814e-01 9.908246757873258037e-01 0.000000000000000000e+00 8.857077026367187500e+01 -9.908246757873258037e-01 1.351534751715279814e-01 -0.000000000000000000e+00 -2.344860382080078125e+02 -0.000000000000000000e+00 0.000000000000000000e+00 1.000000000000000000e+00 0.000000000000000000e+00
1.329553383909006792e-01 9.911220298194167722e-01 0.000000000000000000e+00 8.893360900878906250e+01 -9.911220298194167722e-01 1.329553383909006792e-01 -0.000000000000000000e+00 -2.374719696044921875e+02 -0.000000000000000000e+00 0.000000000000000000e+00 1.000000000000000000e+00 0.000000000000000000e+00
1.306085482722051383e-01 9.914340155140063393e-01 0.000000000000000000e+00 8.928593444824218750e+01 -9.914340155140063393e-01 1.306085482722051383e-01 -0.000000000000000000e+00 -2.404543151855468750e+02 -0.000000000000000000e+00 0.000000000000000000e+00 1.000000000000000000e+00 0.000000000000000000e+00
1.281131696665841480e-01 9.917595554155155257e-01 0.000000000000000000e+00 8.962143707275390625e+01 -9.917595554155155257e-01 1.281131696665841480e-01 -0.000000000000000000e+00 -2.434390869140625000e+02 -0.000000000000000000e+00 0.000000000000000000e+00 1.000000000000000000e+00 0.000000000000000000e+00
1.253025069055195839e-01 9.921185825107763367e-01 0.000000000000000000e+00 9.009915924072265625e+01 -9.921185825107763367e-01 1.253025069055195839e-01 -0.000000000000000000e+00 -2.463872375488281250e+02 -0.000000000000000000e+00 0.000000000000000000e+00 1.000000000000000000e+00 0.000000000000000000e+00
1.224217194399402908e-01 9.924781723591550309e-01 0.000000000000000000e+00 9.056067657470703125e+01 -9.924781723591550309e-01 1.224217194399402908e-01 -0.000000000000000000e+00 -2.493448638916015625e+02 -0.000000000000000000e+00 0.000000000000000000e+00 1.000000000000000000e+00 0.000000000000000000e+00
1.196782613199335321e-01 9.928127284475345427e-01 0.000000000000000000e+00 9.099995422363281250e+01 -9.928127284475345427e-01 1.196782613199335321e-01 -0.000000000000000000e+00 -2.523032836914062500e+02 -0.000000000000000000e+00 0.000000000000000000e+00 1.000000000000000000e+00 0.000000000000000000e+00
1.170529876216828136e-01 9.931256708437448122e-01 0.000000000000000000e+00 9.142180633544921875e+01 -9.931256708437448122e-01 1.170529876216828136e-01 -0.000000000000000000e+00 -2.552672119140625000e+02 -0.000000000000000000e+00 0.000000000000000000e+00 1.000000000000000000e+00 0.000000000000000000e+00
1.146982233835679432e-01 9.934003812927865162e-01 0.000000000000000000e+00 9.182281494140625000e+01 -9.934003812927865162e-01 1.146982233835679432e-01 -0.000000000000000000e+00 -2.582413940429687500e+02 -0.000000000000000000e+00 0.000000000000000000e+00 1.000000000000000000e+00 0.000000000000000000e+00
1.120862683985915931e-01 9.936984796388081964e-01 0.000000000000000000e+00 9.221588897705078125e+01 -9.936984796388081964e-01 1.120862683985915931e-01 -0.000000000000000000e+00 -2.612111511230468750e+02 -0.000000000000000000e+00 0.000000000000000000e+00 1.000000000000000000e+00 0.000000000000000000e+00
1.091623408992180577e-01 9.940239349881885289e-01 0.000000000000000000e+00 9.262876129150390625e+01 -9.940239349881885289e-01 1.091623408992180577e-01 -0.000000000000000000e+00 -2.640199279785156250e+02 -0.000000000000000000e+00 0.000000000000000000e+00 1.000000000000000000e+00 0.000000000000000000e+00
1.067199673047536379e-01 9.942891171980472453e-01 0.000000000000000000e+00 9.298118591308593750e+01 -9.942891171980472453e-01 1.067199673047536379e-01 -0.000000000000000000e+00 -2.669982604980468750e+02 -0.000000000000000000e+00 0.000000000000000000e+00 1.000000000000000000e+00 0.000000000000000000e+00
1.067199673047536379e-01 9.942891171980472453e-01 0.000000000000000000e+00 9.298118591308593750e+01 -9.942891171980472453e-01 1.067199673047536379e-01 -0.000000000000000000e+00 -2.669982604980468750e+02 -0.000000000000000000e+00 0.000000000000000000e+00 1.000000000000000000e+00 0.000000000000000000e+00
1.013386961882855042e-01 9.948519832894028303e-01 0.000000000000000000e+00 9.376072692871093750e+01 -9.948519832894028303e-01 1.013386961882855042e-01 -0.000000000000000000e+00 -2.724901123046875000e+02 -0.000000000000000000e+00 0.000000000000000000e+00 1.000000000000000000e+00 0.000000000000000000e+00
9.889296613092068977e-02 9.950980761964260957e-01 0.000000000000000000e+00 9.401490020751953125e+01 -9.950980761964260957e-01 9.889296613092068977e-02 -0.000000000000000000e+00 -2.754429321289062500e+02 -0.000000000000000000e+00 0.000000000000000000e+00 1.000000000000000000e+00 0.000000000000000000e+00
9.662373154348968818e-02 9.953209806402210091e-01 0.000000000000000000e+00 9.424931335449218750e+01 -9.953209806402210091e-01 9.662373154348968818e-02 -0.000000000000000000e+00 -2.784122924804687500e+02 -0.000000000000000000e+00 0.000000000000000000e+00 1.000000000000000000e+00 0.000000000000000000e+00
9.438550355602348674e-02 9.955357234768004160e-01 0.000000000000000000e+00 9.446596527099609375e+01 -9.955357234768004160e-01 9.438550355602348674e-02 -0.000000000000000000e+00 -2.813929138183593750e+02 -0.000000000000000000e+00 0.000000000000000000e+00 1.000000000000000000e+00 0.000000000000000000e+00
9.216232529424384090e-02 9.957439961136383966e-01 0.000000000000000000e+00 9.466307067871093750e+01 -9.957439961136383966e-01 9.216232529424384090e-02 -0.000000000000000000e+00 -2.843757629394531250e+02 -0.000000000000000000e+00 0.000000000000000000e+00 1.000000000000000000e+00 0.000000000000000000e+00
8.776447065810566439e-02 9.961412538842583375e-01 0.000000000000000000e+00 9.501837158203125000e+01 -9.961412538842583375e-01 8.776447065810566439e-02 -0.000000000000000000e+00 -2.903352050781250000e+02 -0.000000000000000000e+00 0.000000000000000000e+00 1.000000000000000000e+00 0.000000000000000000e+00
8.526114279434404697e-02 9.963586390097707302e-01 0.000000000000000000e+00 9.520890045166015625e+01 -9.963586390097707302e-01 8.526114279434404697e-02 -0.000000000000000000e+00 -2.936148071289062500e+02 -0.000000000000000000e+00 0.000000000000000000e+00 1.000000000000000000e+00 0.000000000000000000e+00
8.526114279434404697e-02 9.963586390097707302e-01 0.000000000000000000e+00 9.520890045166015625e+01 -9.963586390097707302e-01 8.526114279434404697e-02 -0.000000000000000000e+00 -2.936148071289062500e+02 -0.000000000000000000e+00 0.000000000000000000e+00 1.000000000000000000e+00 0.000000000000000000e+00
8.305023729840710356e-02 9.965453617797225272e-01 0.000000000000000000e+00 9.532331085205078125e+01 -9.965453617797225272e-01 8.305023729840710356e-02 -0.000000000000000000e+00 -2.962459411621093750e+02 -0.000000000000000000e+00 0.000000000000000000e+00 1.000000000000000000e+00 0.000000000000000000e+00
8.048732593233254295e-02 9.967556322209885078e-01 0.000000000000000000e+00 9.546588134765625000e+01 -9.967556322209885078e-01 8.048732593233254295e-02 -0.000000000000000000e+00 -2.992257385253906250e+02 -0.000000000000000000e+00 0.000000000000000000e+00 1.000000000000000000e+00 0.000000000000000000e+00
7.789176980157364039e-02 9.969618208322617026e-01 0.000000000000000000e+00 9.559838867187500000e+01 -9.969618208322617026e-01 7.789176980157364039e-02 -0.000000000000000000e+00 -3.021992187500000000e+02 -0.000000000000000000e+00 0.000000000000000000e+00 1.000000000000000000e+00 0.000000000000000000e+00
7.505805202492044081e-02 9.971791658604907127e-01 0.000000000000000000e+00 9.573440551757812500e+01 -9.971791658604907127e-01 7.505805202492044081e-02 -0.000000000000000000e+00 -3.051784667968750000e+02 -0.000000000000000000e+00 0.000000000000000000e+00 1.000000000000000000e+00 0.000000000000000000e+00
7.218665995895590104e-02 9.973911399867004812e-01 0.000000000000000000e+00 9.586916351318359375e+01 -9.973911399867004812e-01 7.218665995895590104e-02 -0.000000000000000000e+00 -3.081664428710937500e+02 -0.000000000000000000e+00 0.000000000000000000e+00 1.000000000000000000e+00 0.000000000000000000e+00
6.946387712579571438e-02 9.975844674886694685e-01 0.000000000000000000e+00 9.599023437500000000e+01 -9.975844674886694685e-01 6.946387712579571438e-02 -0.000000000000000000e+00 -3.111481323242187500e+02 -0.000000000000000000e+00 0.000000000000000000e+00 1.000000000000000000e+00 0.000000000000000000e+00
6.682804304435197018e-02 9.977645076183367934e-01 0.000000000000000000e+00 9.610369873046875000e+01 -9.977645076183367934e-01 6.682804304435197018e-02 -0.000000000000000000e+00 -3.141289672851562500e+02 -0.000000000000000000e+00 0.000000000000000000e+00 1.000000000000000000e+00 0.000000000000000000e+00
6.426761264465907786e-02 9.979327001180769985e-01 0.000000000000000000e+00 9.620645141601562500e+01 -9.979327001180769985e-01 6.426761264465907786e-02 -0.000000000000000000e+00 -3.171082763671875000e+02 -0.000000000000000000e+00 0.000000000000000000e+00 1.000000000000000000e+00 0.000000000000000000e+00
6.201854989661048645e-02 9.980749969159238288e-01 0.000000000000000000e+00 9.628885650634765625e+01 -9.980749969159238288e-01 6.201854989661048645e-02 -0.000000000000000000e+00 -3.200866699218750000e+02 -0.000000000000000000e+00 0.000000000000000000e+00 1.000000000000000000e+00 0.000000000000000000e+00
5.993213890769222285e-02 9.982024537767620886e-01 0.000000000000000000e+00 9.635939025878906250e+01 -9.982024537767620886e-01 5.993213890769222285e-02 -0.000000000000000000e+00 -3.230588378906250000e+02 -0.000000000000000000e+00 0.000000000000000000e+00 1.000000000000000000e+00 0.000000000000000000e+00
5.790745263638175100e-02 9.983219555479911911e-01 0.000000000000000000e+00 9.654741668701171875e+01 -9.983219555479911911e-01 5.790745263638175100e-02 -0.000000000000000000e+00 -3.260207214355468750e+02 -0.000000000000000000e+00 0.000000000000000000e+00 1.000000000000000000e+00 0.000000000000000000e+00
5.586525167599665220e-02 9.984383174013193862e-01 0.000000000000000000e+00 9.672297668457031250e+01 -9.984383174013193862e-01 5.586525167599665220e-02 -0.000000000000000000e+00 -3.289855041503906250e+02 -0.000000000000000000e+00 0.000000000000000000e+00 1.000000000000000000e+00 0.000000000000000000e+00
5.400295807644406310e-02 9.985407755915596262e-01 0.000000000000000000e+00 9.687678527832031250e+01 -9.985407755915596262e-01 5.400295807644406310e-02 -0.000000000000000000e+00 -3.318560485839843750e+02 -0.000000000000000000e+00 0.000000000000000000e+00 1.000000000000000000e+00 0.000000000000000000e+00
4.977391626929961177e-02 9.987605104624514007e-01 0.000000000000000000e+00 9.717752075195312500e+01 -9.987605104624514007e-01 4.977391626929961177e-02 -0.000000000000000000e+00 -3.376469116210937500e+02 -0.000000000000000000e+00 0.000000000000000000e+00 1.000000000000000000e+00 0.000000000000000000e+00
4.977391626929961177e-02 9.987605104624514007e-01 0.000000000000000000e+00 9.717752075195312500e+01 -9.987605104624514007e-01 4.977391626929961177e-02 -0.000000000000000000e+00 -3.376469116210937500e+02 -0.000000000000000000e+00 0.000000000000000000e+00 1.000000000000000000e+00 0.000000000000000000e+00
4.759969987196122077e-02 9.988664918657041980e-01 0.000000000000000000e+00 9.731659698486328125e+01 -9.988664918657041980e-01 4.759969987196122077e-02 -0.000000000000000000e+00 -3.405702514648437500e+02 -0.000000000000000000e+00 0.000000000000000000e+00 1.000000000000000000e+00 0.000000000000000000e+00
4.559532817890266099e-02 9.989599922160337098e-01 0.000000000000000000e+00 9.743634033203125000e+01 -9.989599922160337098e-01 4.559532817890266099e-02 -0.000000000000000000e+00 -3.435030517578125000e+02 -0.000000000000000000e+00 0.000000000000000000e+00 1.000000000000000000e+00 0.000000000000000000e+00
4.347480930072045169e-02 9.990545235152412662e-01 0.000000000000000000e+00 9.755705261230468750e+01 -9.990545235152412662e-01 4.347480930072045169e-02 -0.000000000000000000e+00 -3.464295959472656250e+02 -0.000000000000000000e+00 0.000000000000000000e+00 1.000000000000000000e+00 0.000000000000000000e+00
4.133236144215068908e-02 9.991454528233691956e-01 0.000000000000000000e+00 9.767265319824218750e+01 -9.991454528233691956e-01 4.133236144215068908e-02 -0.000000000000000000e+00 -3.493619384765625000e+02 -0.000000000000000000e+00 0.000000000000000000e+00 1.000000000000000000e+00 0.000000000000000000e+00
3.798079636836892981e-02 9.992784692503007271e-01 0.000000000000000000e+00 9.787132263183593750e+01 -9.992784692503007271e-01 3.798079636836892981e-02 -0.000000000000000000e+00 -3.518961791992187500e+02 -0.000000000000000000e+00 0.000000000000000000e+00 1.000000000000000000e+00 0.000000000000000000e+00
3.575701725852908908e-02 9.993605133868224133e-01 0.000000000000000000e+00 9.798263549804687500e+01 -9.993605133868224133e-01 3.575701725852908908e-02 -0.000000000000000000e+00 -3.548555908203125000e+02 -0.000000000000000000e+00 0.000000000000000000e+00 1.000000000000000000e+00 0.000000000000000000e+00
3.317498096257054385e-02 9.994495588263235808e-01 0.000000000000000000e+00 9.809786224365234375e+01 -9.994495588263235808e-01 3.317498096257054385e-02 -0.000000000000000000e+00 -3.586915283203125000e+02 -0.000000000000000000e+00 0.000000000000000000e+00 1.000000000000000000e+00 0.000000000000000000e+00
3.186205668162866989e-02 9.994922757800662749e-01 0.000000000000000000e+00 9.809519195556640625e+01 -9.994922757800662749e-01 3.186205668162866989e-02 -0.000000000000000000e+00 -3.606190185546875000e+02 -0.000000000000000000e+00 0.000000000000000000e+00 1.000000000000000000e+00 0.000000000000000000e+00
2.967374783878096167e-02 9.995596373849837679e-01 0.000000000000000000e+00 9.814212799072265625e+01 -9.995596373849837679e-01 2.967374783878096167e-02 -0.000000000000000000e+00 -3.635800170898437500e+02 -0.000000000000000000e+00 0.000000000000000000e+00 1.000000000000000000e+00 0.000000000000000000e+00
2.735880074693242126e-02 9.996256779523470248e-01 0.000000000000000000e+00 9.818516540527343750e+01 -9.996256779523470248e-01 2.735880074693242126e-02 -0.000000000000000000e+00 -3.665468139648437500e+02 -0.000000000000000000e+00 0.000000000000000000e+00 1.000000000000000000e+00 0.000000000000000000e+00
2.533165089239153289e-02 9.996791022438479279e-01 0.000000000000000000e+00 9.819901275634765625e+01 -9.996791022438479279e-01 2.533165089239153289e-02 -0.000000000000000000e+00 -3.695264892578125000e+02 -0.000000000000000000e+00 0.000000000000000000e+00 1.000000000000000000e+00 0.000000000000000000e+00
2.341700878467778413e-02 9.997257842526511284e-01 0.000000000000000000e+00 9.819590759277343750e+01 -9.997257842526511284e-01 2.341700878467778413e-02 -0.000000000000000000e+00 -3.725009155273437500e+02 -0.000000000000000000e+00 0.000000000000000000e+00 1.000000000000000000e+00 0.000000000000000000e+00
1.924479454879235441e-02 9.998148017921990593e-01 0.000000000000000000e+00 9.818029785156250000e+01 -9.998148017921990593e-01 1.924479454879235441e-02 -0.000000000000000000e+00 -3.784141540527343750e+02 -0.000000000000000000e+00 0.000000000000000000e+00 1.000000000000000000e+00 0.000000000000000000e+00
1.924479454879235441e-02 9.998148017921990593e-01 0.000000000000000000e+00 9.818029785156250000e+01 -9.998148017921990593e-01 1.924479454879235441e-02 -0.000000000000000000e+00 -3.784141540527343750e+02 -0.000000000000000000e+00 0.000000000000000000e+00 1.000000000000000000e+00 0.000000000000000000e+00
