9.921751147938309146e-01 1.248540811661690841e-01 0.000000000000000000e+00 5.393062133789062500e+02 -1.248540811661690841e-01 9.921751147938309146e-01 -0.000000000000000000e+00 -3.714253234863281250e+01 -0.000000000000000000e+00 0.000000000000000000e+00 1.000000000000000000e+00 0.000000000000000000e+00
9.919691918184840862e-01 1.264797315105611331e-01 0.000000000000000000e+00 5.423200683593750000e+02 -1.264797315105611331e-01 9.919691918184840862e-01 -0.000000000000000000e+00 -3.771044158935546875e+01 -0.000000000000000000e+00 0.000000000000000000e+00 1.000000000000000000e+00 0.000000000000000000e+00
9.917532466277839687e-01 1.281619982804960978e-01 0.000000000000000000e+00 5.453131103515625000e+02 -1.281619982804960978e-01 9.917532466277839687e-01 -0.000000000000000000e+00 -3.825124740600585938e+01 -0.000000000000000000e+00 0.000000000000000000e+00 1.000000000000000000e+00 0.000000000000000000e+00
9.915273915932482085e-01 1.298977741159927646e-01 0.000000000000000000e+00 5.483102416992187500e+02 -1.298977741159927646e-01 9.915273915932482085e-01 -0.000000000000000000e+00 -3.877793884277343750e+01 -0.000000000000000000e+00 0.000000000000000000e+00 1.000000000000000000e+00 0.000000000000000000e+00
9.913052809221278849e-01 1.315820657076838540e-01 0.000000000000000000e+00 5.513032226562500000e+02 -1.315820657076838540e-01 9.913052809221278849e-01 -0.000000000000000000e+00 -3.929740142822265625e+01 -0.000000000000000000e+00 0.000000000000000000e+00 1.000000000000000000e+00 0.000000000000000000e+00
9.910859255355869424e-01 1.332242027758807901e-01 0.000000000000000000e+00 5.543062744140625000e+02 -1.332242027758807901e-01 9.910859255355869424e-01 -0.000000000000000000e+00 -3.982321929931640625e+01 -0.000000000000000000e+00 0.000000000000000000e+00 1.000000000000000000e+00 0.000000000000000000e+00
9.908615970515509686e-01 1.348825247704454888e-01 0.000000000000000000e+00 5.573425292968750000e+02 -1.348825247704454888e-01 9.908615970515509686e-01 -0.000000000000000000e+00 -4.035330200195312500e+01 -0.000000000000000000e+00 0.000000000000000000e+00 1.000000000000000000e+00 0.000000000000000000e+00
9.906128083844514265e-01 1.366977098003844537e-01 0.000000000000000000e+00 5.603519287109375000e+02 -1.366977098003844537e-01 9.906128083844514265e-01 -0.000000000000000000e+00 -4.088850784301757812e+01 -0.000000000000000000e+00 0.000000000000000000e+00 1.000000000000000000e+00 0.000000000000000000e+00
9.903436605902200540e-01 1.386341730193643429e-01 0.000000000000000000e+00 5.633754882812500000e+02 -1.386341730193643429e-01 9.903436605902200540e-01 -0.000000000000000000e+00 -4.142101287841796875e+01 -0.000000000000000000e+00 0.000000000000000000e+00 1.000000000000000000e+00 0.000000000000000000e+00
9.900625236493265646e-01 1.406278751355034828e-01 0.000000000000000000e+00 5.664031372070312500e+02 -1.406278751355034828e-01 9.900625236493265646e-01 -0.000000000000000000e+00 -4.196646499633789062e+01 -0.000000000000000000e+00 0.000000000000000000e+00 1.000000000000000000e+00 0.000000000000000000e+00
9.897767369822960681e-01 1.426254217475926289e-01 0.000000000000000000e+00 5.694481811523437500e+02 -1.426254217475926289e-01 9.897767369822960681e-01 -0.000000000000000000e+00 -4.253162765502929688e+01 -0.000000000000000000e+00 0.000000000000000000e+00 1.000000000000000000e+00 0.000000000000000000e+00
9.894965293913599025e-01 1.445566266985143511e-01 0.000000000000000000e+00 5.722020263671875000e+02 -1.445566266985143511e-01 9.894965293913599025e-01 -0.000000000000000000e+00 -4.304064941406250000e+01 -0.000000000000000000e+00 0.000000000000000000e+00 1.000000000000000000e+00 0.000000000000000000e+00
9.892222102362084879e-01 1.464220569975392405e-01 0.000000000000000000e+00 5.750449218750000000e+02 -1.464220569975392405e-01 9.892222102362084879e-01 -0.000000000000000000e+00 -4.357432937622070312e+01 -0.000000000000000000e+00 0.000000000000000000e+00 1.000000000000000000e+00 0.000000000000000000e+00
9.889050765637956708e-01 1.485488119991317801e-01 0.000000000000000000e+00 5.779711914062500000e+02 -1.485488119991317801e-01 9.889050765637956708e-01 -0.000000000000000000e+00 -4.410523986816406250e+01 -0.000000000000000000e+00 0.000000000000000000e+00 1.000000000000000000e+00 0.000000000000000000e+00
9.886200246246926726e-01 1.504341946203454072e-01 0.000000000000000000e+00 5.809050292968750000e+02 -1.504341946203454072e-01 9.886200246246926726e-01 -0.000000000000000000e+00 -4.468010330200195312e+01 -0.000000000000000000e+00 0.000000000000000000e+00 1.000000000000000000e+00 0.000000000000000000e+00
9.883223583257942924e-01 1.523775443867644019e-01 0.000000000000000000e+00 5.838513793945312500e+02 -1.523775443867644019e-01 9.883223583257942924e-01 -0.000000000000000000e+00 -4.526015090942382812e+01 -0.000000000000000000e+00 0.000000000000000000e+00 1.000000000000000000e+00 0.000000000000000000e+00
9.879896177834109894e-01 1.545202742431863174e-01 0.000000000000000000e+00 5.869049072265625000e+02 -1.545202742431863174e-01 9.879896177834109894e-01 -0.000000000000000000e+00 -4.585443878173828125e+01 -0.000000000000000000e+00 0.000000000000000000e+00 1.000000000000000000e+00 0.000000000000000000e+00
9.876343338491466728e-01 1.567750700920022833e-01 0.000000000000000000e+00 5.899292602539062500e+02 -1.567750700920022833e-01 9.876343338491466728e-01 -0.000000000000000000e+00 -4.644440460205078125e+01 -0.000000000000000000e+00 0.000000000000000000e+00 1.000000000000000000e+00 0.000000000000000000e+00
9.872476982784580413e-01 1.591916525571822616e-01 0.000000000000000000e+00 5.929842529296875000e+02 -1.591916525571822616e-01 9.872476982784580413e-01 -0.000000000000000000e+00 -4.704046249389648438e+01 -0.000000000000000000e+00 0.000000000000000000e+00 1.000000000000000000e+00 0.000000000000000000e+00
9.868405532277763070e-01 1.616963898950633527e-01 0.000000000000000000e+00 5.960204467773437500e+02 -1.616963898950633527e-01 9.868405532277763070e-01 -0.000000000000000000e+00 -4.763079071044921875e+01 -0.000000000000000000e+00 0.000000000000000000e+00 1.000000000000000000e+00 0.000000000000000000e+00
9.863593963675142406e-01 1.646060181084304241e-01 0.000000000000000000e+00 5.990776977539062500e+02 -1.646060181084304241e-01 9.863593963675142406e-01 -0.000000000000000000e+00 -4.820086669921875000e+01 -0.000000000000000000e+00 0.000000000000000000e+00 1.000000000000000000e+00 0.000000000000000000e+00
9.858437814327273285e-01 1.676664504616857676e-01 0.000000000000000000e+00 6.021404418945312500e+02 -1.676664504616857676e-01 9.858437814327273285e-01 -0.000000000000000000e+00 -4.877093124389648438e+01 -0.000000000000000000e+00 0.000000000000000000e+00 1.000000000000000000e+00 0.000000000000000000e+00
9.854619867688081403e-01 1.698960642088959971e-01 0.000000000000000000e+00 6.036736450195312500e+02 -1.698960642088959971e-01 9.854619867688081403e-01 -0.000000000000000000e+00 -4.895595932006835938e+01 -0.000000000000000000e+00 0.000000000000000000e+00 1.000000000000000000e+00 0.000000000000000000e+00
9.849850585000421432e-01 1.726396088146301411e-01 0.000000000000000000e+00 6.067120361328125000e+02 -1.726396088146301411e-01 9.849850585000421432e-01 -0.000000000000000000e+00 -4.957578659057617188e+01 -0.000000000000000000e+00 0.000000000000000000e+00 1.000000000000000000e+00 0.000000000000000000e+00
9.844536499198509594e-01 1.756445591513828841e-01 0.000000000000000000e+00 6.097985229492187500e+02 -1.756445591513828841e-01 9.844536499198509594e-01 -0.000000000000000000e+00 -5.021055221557617188e+01 -0.000000000000000000e+00 0.000000000000000000e+00 1.000000000000000000e+00 0.000000000000000000e+00
9.839080979811570815e-01 1.786752773248215520e-01 0.000000000000000000e+00 6.128989868164062500e+02 -1.786752773248215520e-01 9.839080979811570815e-01 -0.000000000000000000e+00 -5.086798477172851562e+01 -0.000000000000000000e+00 0.000000000000000000e+00 1.000000000000000000e+00 0.000000000000000000e+00
9.833060216979653267e-01 1.819595221265448981e-01 0.000000000000000000e+00 6.159592285156250000e+02 -1.819595221265448981e-01 9.833060216979653267e-01 -0.000000000000000000e+00 -5.149581909179687500e+01 -0.000000000000000000e+00 0.000000000000000000e+00 1.000000000000000000e+00 0.000000000000000000e+00
9.826684454508036737e-01 1.853718595561390237e-01 0.000000000000000000e+00 6.189807128906250000e+02 -1.853718595561390237e-01 9.826684454508036737e-01 -0.000000000000000000e+00 -5.211330032348632812e+01 -0.000000000000000000e+00 0.000000000000000000e+00 1.000000000000000000e+00 0.000000000000000000e+00
9.819854013271474003e-01 1.889567981850908407e-01 0.000000000000000000e+00 6.220164184570312500e+02 -1.889567981850908407e-01 9.819854013271474003e-01 -0.000000000000000000e+00 -5.274024200439453125e+01 -0.000000000000000000e+00 0.000000000000000000e+00 1.000000000000000000e+00 0.000000000000000000e+00
9.812812594360363905e-01 1.925800869239242818e-01 0.000000000000000000e+00 6.250153808593750000e+02 -1.925800869239242818e-01 9.812812594360363905e-01 -0.000000000000000000e+00 -5.336668777465820312e+01 -0.000000000000000000e+00 0.000000000000000000e+00 1.000000000000000000e+00 0.000000000000000000e+00
9.805452329522039712e-01 1.962932656376880081e-01 0.000000000000000000e+00 6.280334472656250000e+02 -1.962932656376880081e-01 9.805452329522039712e-01 -0.000000000000000000e+00 -5.400929260253906250e+01 -0.000000000000000000e+00 0.000000000000000000e+00 1.000000000000000000e+00 0.000000000000000000e+00
9.798063985500394812e-01 1.999485467824191620e-01 0.000000000000000000e+00 6.307598876953125000e+02 -1.999485467824191620e-01 9.798063985500394812e-01 -0.000000000000000000e+00 -5.459478378295898438e+01 -0.000000000000000000e+00 0.000000000000000000e+00 1.000000000000000000e+00 0.000000000000000000e+00
9.790365838004536636e-01 2.036844804601894432e-01 0.000000000000000000e+00 6.336016235351562500e+02 -2.036844804601894432e-01 9.790365838004536636e-01 -0.000000000000000000e+00 -5.522613525390625000e+01 -0.000000000000000000e+00 0.000000000000000000e+00 1.000000000000000000e+00 0.000000000000000000e+00
9.781905573766264128e-01 2.077094929443642213e-01 0.000000000000000000e+00 6.365429077148437500e+02 -2.077094929443642213e-01 9.781905573766264128e-01 -0.000000000000000000e+00 -5.586205673217773438e+01 -0.000000000000000000e+00 0.000000000000000000e+00 1.000000000000000000e+00 0.000000000000000000e+00
9.773548898027647480e-01 2.116067564578824056e-01 0.000000000000000000e+00 6.394882202148437500e+02 -2.116067564578824056e-01 9.773548898027647480e-01 -0.000000000000000000e+00 -5.653312301635742188e+01 -0.000000000000000000e+00 0.000000000000000000e+00 1.000000000000000000e+00 0.000000000000000000e+00
9.764980884693318375e-01 2.155260615696880933e-01 0.000000000000000000e+00 6.424603271484375000e+02 -2.155260615696880933e-01 9.764980884693318375e-01 -0.000000000000000000e+00 -5.722803878784179688e+01 -0.000000000000000000e+00 0.000000000000000000e+00 1.000000000000000000e+00 0.000000000000000000e+00
9.756292377886416345e-01 2.194255918801498728e-01 0.000000000000000000e+00 6.454122924804687500e+02 -2.194255918801498728e-01 9.756292377886416345e-01 -0.000000000000000000e+00 -5.792944335937500000e+01 -0.000000000000000000e+00 0.000000000000000000e+00 1.000000000000000000e+00 0.000000000000000000e+00
9.748558059227864225e-01 2.228366165122656894e-01 0.000000000000000000e+00 6.468911132812500000e+02 -2.228366165122656894e-01 9.748558059227864225e-01 -0.000000000000000000e+00 -5.816516113281250000e+01 -0.000000000000000000e+00 0.000000000000000000e+00 1.000000000000000000e+00 0.000000000000000000e+00
9.740937433612310015e-01 2.261445978671702828e-01 0.000000000000000000e+00 6.498290405273437500e+02 -2.261445978671702828e-01 9.740937433612310015e-01 -0.000000000000000000e+00 -5.898335647583007812e+01 -0.000000000000000000e+00 0.000000000000000000e+00 1.000000000000000000e+00 0.000000000000000000e+00
9.732658036466129703e-01 2.296816828833168067e-01 0.000000000000000000e+00 6.528237304687500000e+02 -2.296816828833168067e-01 9.732658036466129703e-01 -0.000000000000000000e+00 -5.980491638183593750e+01 -0.000000000000000000e+00 0.000000000000000000e+00 1.000000000000000000e+00 0.000000000000000000e+00
9.724330758686745568e-01 2.331821454498363422e-01 0.000000000000000000e+00 6.558682250976562500e+02 -2.331821454498363422e-01 9.724330758686745568e-01 -0.000000000000000000e+00 -6.065805053710937500e+01 -0.000000000000000000e+00 0.000000000000000000e+00 1.000000000000000000e+00 0.000000000000000000e+00
9.714757773608475588e-01 2.371388074549101443e-01 0.000000000000000000e+00 6.589802856445312500e+02 -2.371388074549101443e-01 9.714757773608475588e-01 -0.000000000000000000e+00 -6.149372863769531250e+01 -0.000000000000000000e+00 0.000000000000000000e+00 1.000000000000000000e+00 0.000000000000000000e+00
9.704847503101872164e-01 2.411624958723339596e-01 0.000000000000000000e+00 6.621503295898437500e+02 -2.411624958723339596e-01 9.704847503101872164e-01 -0.000000000000000000e+00 -6.235285186767578125e+01 -0.000000000000000000e+00 0.000000000000000000e+00 1.000000000000000000e+00 0.000000000000000000e+00
9.693203391472123842e-01 2.458008952699994865e-01 0.000000000000000000e+00 6.653565063476562500e+02 -2.458008952699994865e-01 9.693203391472123842e-01 -0.000000000000000000e+00 -6.315048980712890625e+01 -0.000000000000000000e+00 0.000000000000000000e+00 1.000000000000000000e+00 0.000000000000000000e+00
9.681601936605910286e-01 2.503314590919147875e-01 0.000000000000000000e+00 6.686398925781250000e+02 -2.503314590919147875e-01 9.681601936605910286e-01 -0.000000000000000000e+00 -6.402531433105468750e+01 -0.000000000000000000e+00 0.000000000000000000e+00 1.000000000000000000e+00 0.000000000000000000e+00
9.669075089331964357e-01 2.551271627416427101e-01 0.000000000000000000e+00 6.719783935546875000e+02 -2.551271627416427101e-01 9.669075089331964357e-01 -0.000000000000000000e+00 -6.489816284179687500e+01 -0.000000000000000000e+00 0.000000000000000000e+00 1.000000000000000000e+00 0.000000000000000000e+00
9.655014601080490477e-01 2.603976392543243534e-01 0.000000000000000000e+00 6.753720703125000000e+02 -2.603976392543243534e-01 9.655014601080490477e-01 -0.000000000000000000e+00 -6.576968383789062500e+01 -0.000000000000000000e+00 0.000000000000000000e+00 1.000000000000000000e+00 0.000000000000000000e+00
9.640178573966249331e-01 2.658374891177322508e-01 0.000000000000000000e+00 6.787425537109375000e+02 -2.658374891177322508e-01 9.640178573966249331e-01 -0.000000000000000000e+00 -6.663120269775390625e+01 -0.000000000000000000e+00 0.000000000000000000e+00 1.000000000000000000e+00 0.000000000000000000e+00
9.629162897100388419e-01 2.698003317474843010e-01 0.000000000000000000e+00 6.814971313476562500e+02 -2.698003317474843010e-01 9.629162897100388419e-01 -0.000000000000000000e+00 -6.739112091064453125e+01 -0.000000000000000000e+00 0.000000000000000000e+00 1.000000000000000000e+00 0.000000000000000000e+00
9.617794679391717949e-01 2.738252271991087894e-01 0.000000000000000000e+00 6.843190307617187500e+02 -2.738252271991087894e-01 9.617794679391717949e-01 -0.000000000000000000e+00 -6.818704986572265625e+01 -0.000000000000000000e+00 0.000000000000000000e+00 1.000000000000000000e+00 0.000000000000000000e+00
9.605858439936586501e-01 2.779835180707492248e-01 0.000000000000000000e+00 6.872335815429687500e+02 -2.779835180707492248e-01 9.605858439936586501e-01 -0.000000000000000000e+00 -6.901429748535156250e+01 -0.000000000000000000e+00 0.000000000000000000e+00 1.000000000000000000e+00 0.000000000000000000e+00
9.594343903637394533e-01 2.819319963880644875e-01 0.000000000000000000e+00 6.898882446289062500e+02 -2.819319963880644875e-01 9.594343903637394533e-01 -0.000000000000000000e+00 -6.977499389648437500e+01 -0.000000000000000000e+00 0.000000000000000000e+00 1.000000000000000000e+00 0.000000000000000000e+00
9.582567830591322000e-01 2.859089675424036914e-01 0.000000000000000000e+00 6.926616210937500000e+02 -2.859089675424036914e-01 9.582567830591322000e-01 -0.000000000000000000e+00 -7.059513854980468750e+01 -0.000000000000000000e+00 0.000000000000000000e+00 1.000000000000000000e+00 0.000000000000000000e+00
9.570602889693105020e-01 2.898889499066492070e-01 0.000000000000000000e+00 6.955648193359375000e+02 -2.898889499066492070e-01 9.570602889693105020e-01 -0.000000000000000000e+00 -7.149180603027343750e+01 -0.000000000000000000e+00 0.000000000000000000e+00 1.000000000000000000e+00 0.000000000000000000e+00
9.558191786495308095e-01 2.939552648375878263e-01 0.000000000000000000e+00 6.984929199218750000e+02 -2.939552648375878263e-01 9.558191786495308095e-01 -0.000000000000000000e+00 -7.240092468261718750e+01 -0.000000000000000000e+00 0.000000000000000000e+00 1.000000000000000000e+00 0.000000000000000000e+00
9.544877533935448577e-01 2.982501108495075881e-01 0.000000000000000000e+00 7.014498901367187500e+02 -2.982501108495075881e-01 9.544877533935448577e-01 -0.000000000000000000e+00 -7.330344390869140625e+01 -0.000000000000000000e+00 0.000000000000000000e+00 1.000000000000000000e+00 0.000000000000000000e+00
9.531478216111479718e-01 3.025049258407591091e-01 0.000000000000000000e+00 7.043910522460937500e+02 -3.025049258407591091e-01 9.531478216111479718e-01 -0.000000000000000000e+00 -7.421868133544921875e+01 -0.000000000000000000e+00 0.000000000000000000e+00 1.000000000000000000e+00 0.000000000000000000e+00
9.517796321557754347e-01 3.067825480913425329e-01 0.000000000000000000e+00 7.073347167968750000e+02 -3.067825480913425329e-01 9.517796321557754347e-01 -0.000000000000000000e+00 -7.515477752685546875e+01 -0.000000000000000000e+00 0.000000000000000000e+00 1.000000000000000000e+00 0.000000000000000000e+00
9.503092364160432570e-01 3.113074929749633513e-01 0.000000000000000000e+00 7.102990722656250000e+02 -3.113074929749633513e-01 9.503092364160432570e-01 -0.000000000000000000e+00 -7.608130645751953125e+01 -0.000000000000000000e+00 0.000000000000000000e+00 1.000000000000000000e+00 0.000000000000000000e+00
9.488703024422235899e-01 3.156661989241216770e-01 0.000000000000000000e+00 7.132380371093750000e+02 -3.156661989241216770e-01 9.488703024422235899e-01 -0.000000000000000000e+00 -7.703672027587890625e+01 -0.000000000000000000e+00 0.000000000000000000e+00 1.000000000000000000e+00 0.000000000000000000e+00
9.473650781844485946e-01 3.201552883158007012e-01 0.000000000000000000e+00 7.161679687500000000e+02 -3.201552883158007012e-01 9.473650781844485946e-01 -0.000000000000000000e+00 -7.798381042480468750e+01 -0.000000000000000000e+00 0.000000000000000000e+00 1.000000000000000000e+00 0.000000000000000000e+00
9.458678767953048183e-01 3.245519367477909811e-01 0.000000000000000000e+00 7.190895996093750000e+02 -3.245519367477909811e-01 9.458678767953048183e-01 -0.000000000000000000e+00 -7.896739196777343750e+01 -0.000000000000000000e+00 0.000000000000000000e+00 1.000000000000000000e+00 0.000000000000000000e+00
9.443688211975246327e-01 3.288883238274014631e-01 0.000000000000000000e+00 7.220194702148437500e+02 -3.288883238274014631e-01 9.443688211975246327e-01 -0.000000000000000000e+00 -7.997582244873046875e+01 -0.000000000000000000e+00 0.000000000000000000e+00 1.000000000000000000e+00 0.000000000000000000e+00
9.413882613182381620e-01 3.373249789924022690e-01 0.000000000000000000e+00 7.279370117187500000e+02 -3.373249789924022690e-01 9.413882613182381620e-01 -0.000000000000000000e+00 -8.207242584228515625e+01 -0.000000000000000000e+00 0.000000000000000000e+00 1.000000000000000000e+00 0.000000000000000000e+00
9.413882613182381620e-01 3.373249789924022690e-01 0.000000000000000000e+00 7.279370117187500000e+02 -3.373249789924022690e-01 9.413882613182381620e-01 -0.000000000000000000e+00 -8.207242584228515625e+01 -0.000000000000000000e+00 0.000000000000000000e+00 1.000000000000000000e+00 0.000000000000000000e+00
9.399643933157675324e-01 3.412725293640277990e-01 0.000000000000000000e+00 7.308632812500000000e+02 -3.412725293640277990e-01 9.399643933157675324e-01 -0.000000000000000000e+00 -8.314579772949218750e+01 -0.000000000000000000e+00 0.000000000000000000e+00 1.000000000000000000e+00 0.000000000000000000e+00
9.385835673248960065e-01 3.450520064391343067e-01 0.000000000000000000e+00 7.337823486328125000e+02 -3.450520064391343067e-01 9.385835673248960065e-01 -0.000000000000000000e+00 -8.422946166992187500e+01 -0.000000000000000000e+00 0.000000000000000000e+00 1.000000000000000000e+00 0.000000000000000000e+00
9.372156361088138654e-01 3.487504142408313079e-01 0.000000000000000000e+00 7.367003784179687500e+02 -3.487504142408313079e-01 9.372156361088138654e-01 -0.000000000000000000e+00 -8.531568145751953125e+01 -0.000000000000000000e+00 0.000000000000000000e+00 1.000000000000000000e+00 0.000000000000000000e+00
9.358713550956849758e-01 3.523418889535648857e-01 0.000000000000000000e+00 7.396229858398437500e+02 -3.523418889535648857e-01 9.358713550956849758e-01 -0.000000000000000000e+00 -8.640688323974609375e+01 -0.000000000000000000e+00 0.000000000000000000e+00 1.000000000000000000e+00 0.000000000000000000e+00
9.349922621242234833e-01 3.546681121384148705e-01 0.000000000000000000e+00 7.410397338867187500e+02 -3.546681121384148705e-01 9.349922621242234833e-01 -0.000000000000000000e+00 -8.697028350830078125e+01 -0.000000000000000000e+00 0.000000000000000000e+00 1.000000000000000000e+00 0.000000000000000000e+00
9.339398236861935487e-01 3.574302809402158942e-01 0.000000000000000000e+00 7.438811645507812500e+02 -3.574302809402158942e-01 9.339398236861935487e-01 -0.000000000000000000e+00 -8.817037200927734375e+01 -0.000000000000000000e+00 0.000000000000000000e+00 1.000000000000000000e+00 0.000000000000000000e+00
9.328007507775153417e-01 3.603925073429021797e-01 0.000000000000000000e+00 7.467917480468750000e+02 -3.603925073429021797e-01 9.328007507775153417e-01 -0.000000000000000000e+00 -8.930994415283203125e+01 -0.000000000000000000e+00 0.000000000000000000e+00 1.000000000000000000e+00 0.000000000000000000e+00
9.317294820845970493e-01 3.631530974869533468e-01 0.000000000000000000e+00 7.497396240234375000e+02 -3.631530974869533468e-01 9.317294820845970493e-01 -0.000000000000000000e+00 -9.048317718505859375e+01 -0.000000000000000000e+00 0.000000000000000000e+00 1.000000000000000000e+00 0.000000000000000000e+00
9.306284235541255612e-01 3.659654864507896344e-01 0.000000000000000000e+00 7.527522583007812500e+02 -3.659654864507896344e-01 9.306284235541255612e-01 -0.000000000000000000e+00 -9.166632080078125000e+01 -0.000000000000000000e+00 0.000000000000000000e+00 1.000000000000000000e+00 0.000000000000000000e+00
9.296340349487106636e-01 3.684841395026106636e-01 0.000000000000000000e+00 7.558056640625000000e+02 -3.684841395026106636e-01 9.296340349487106636e-01 -0.000000000000000000e+00 -9.289036560058593750e+01 -0.000000000000000000e+00 0.000000000000000000e+00 1.000000000000000000e+00 0.000000000000000000e+00
9.285936431049819362e-01 3.710981621956882526e-01 0.000000000000000000e+00 7.589182739257812500e+02 -3.710981621956882526e-01 9.285936431049819362e-01 -0.000000000000000000e+00 -9.411725616455078125e+01 -0.000000000000000000e+00 0.000000000000000000e+00 1.000000000000000000e+00 0.000000000000000000e+00
9.275935694041732571e-01 3.735909126304134964e-01 0.000000000000000000e+00 7.619973754882812500e+02 -3.735909126304134964e-01 9.275935694041732571e-01 -0.000000000000000000e+00 -9.534992980957031250e+01 -0.000000000000000000e+00 0.000000000000000000e+00 1.000000000000000000e+00 0.000000000000000000e+00
9.265767198716116093e-01 3.761058124942566749e-01 0.000000000000000000e+00 7.650426025390625000e+02 -3.761058124942566749e-01 9.265767198716116093e-01 -0.000000000000000000e+00 -9.657305145263671875e+01 -0.000000000000000000e+00 0.000000000000000000e+00 1.000000000000000000e+00 0.000000000000000000e+00
9.256397913639540231e-01 3.784058359006844952e-01 0.000000000000000000e+00 7.679912719726562500e+02 -3.784058359006844952e-01 9.256397913639540231e-01 -0.000000000000000000e+00 -9.779622650146484375e+01 -0.000000000000000000e+00 0.000000000000000000e+00 1.000000000000000000e+00 0.000000000000000000e+00
9.246254107553967261e-01 3.808777360064696804e-01 0.000000000000000000e+00 7.709096069335937500e+02 -3.808777360064696804e-01 9.246254107553967261e-01 -0.000000000000000000e+00 -9.899069976806640625e+01 -0.000000000000000000e+00 0.000000000000000000e+00 1.000000000000000000e+00 0.000000000000000000e+00
9.237945544695144173e-01 3.828885231140669587e-01 0.000000000000000000e+00 7.735993652343750000e+02 -3.828885231140669587e-01 9.237945544695144173e-01 -0.000000000000000000e+00 -1.002320404052734375e+02 -0.000000000000000000e+00 0.000000000000000000e+00 1.000000000000000000e+00 0.000000000000000000e+00
9.229231411818812347e-01 3.849842535363873219e-01 0.000000000000000000e+00 7.763646240234375000e+02 -3.849842535363873219e-01 9.229231411818812347e-01 -0.000000000000000000e+00 -1.014871139526367188e+02 -0.000000000000000000e+00 0.000000000000000000e+00 1.000000000000000000e+00 0.000000000000000000e+00
9.219579598882030602e-01 3.872899691429956270e-01 0.000000000000000000e+00 7.792168579101562500e+02 -3.872899691429956270e-01 9.219579598882030602e-01 -0.000000000000000000e+00 -1.027405624389648438e+02 -0.000000000000000000e+00 0.000000000000000000e+00 1.000000000000000000e+00 0.000000000000000000e+00
9.209588224215514707e-01 3.896599124928161739e-01 0.000000000000000000e+00 7.821158447265625000e+02 -3.896599124928161739e-01 9.209588224215514707e-01 -0.000000000000000000e+00 -1.040169448852539062e+02 -0.000000000000000000e+00 0.000000000000000000e+00 1.000000000000000000e+00 0.000000000000000000e+00
9.200324054618567171e-01 3.918422806437171224e-01 0.000000000000000000e+00 7.849785156250000000e+02 -3.918422806437171224e-01 9.200324054618567171e-01 -0.000000000000000000e+00 -1.053023223876953125e+02 -0.000000000000000000e+00 0.000000000000000000e+00 1.000000000000000000e+00 0.000000000000000000e+00
9.190562898031515715e-01 3.941262946991299088e-01 0.000000000000000000e+00 7.878247680664062500e+02 -3.941262946991299088e-01 9.190562898031515715e-01 -0.000000000000000000e+00 -1.065670623779296875e+02 -0.000000000000000000e+00 0.000000000000000000e+00 1.000000000000000000e+00 0.000000000000000000e+00
9.180442230274420412e-01 3.964780001033351708e-01 0.000000000000000000e+00 7.906536865234375000e+02 -3.964780001033351708e-01 9.180442230274420412e-01 -0.000000000000000000e+00 -1.078132171630859375e+02 -0.000000000000000000e+00 0.000000000000000000e+00 1.000000000000000000e+00 0.000000000000000000e+00
9.170625056886937410e-01 3.987434772632331703e-01 0.000000000000000000e+00 7.934717407226562500e+02 -3.987434772632331703e-01 9.170625056886937410e-01 -0.000000000000000000e+00 -1.090646820068359375e+02 -0.000000000000000000e+00 0.000000000000000000e+00 1.000000000000000000e+00 0.000000000000000000e+00
9.161763982400368267e-01 4.007752578539665045e-01 0.000000000000000000e+00 7.962750854492187500e+02 -4.007752578539665045e-01 9.161763982400368267e-01 -0.000000000000000000e+00 -1.103312072753906250e+02 -0.000000000000000000e+00 0.000000000000000000e+00 1.000000000000000000e+00 0.000000000000000000e+00
9.153942870918785335e-01 4.025584419181288953e-01 0.000000000000000000e+00 7.990530395507812500e+02 -4.025584419181288953e-01 9.153942870918785335e-01 -0.000000000000000000e+00 -1.116033706665039062e+02 -0.000000000000000000e+00 0.000000000000000000e+00 1.000000000000000000e+00 0.000000000000000000e+00
9.146348458105022505e-01 4.042809652076124194e-01 0.000000000000000000e+00 8.018359985351562500e+02 -4.042809652076124194e-01 9.146348458105022505e-01 -0.000000000000000000e+00 -1.128730163574218750e+02 -0.000000000000000000e+00 0.000000000000000000e+00 1.000000000000000000e+00 0.000000000000000000e+00
9.146151650564889879e-01 4.043254875081354616e-01 0.000000000000000000e+00 8.035277099609375000e+02 -4.043254875081354616e-01 9.146151650564889879e-01 -0.000000000000000000e+00 -1.138281555175781250e+02 -0.000000000000000000e+00 0.000000000000000000e+00 1.000000000000000000e+00 0.000000000000000000e+00
9.140363598795019362e-01 4.056322630391099304e-01 0.000000000000000000e+00 8.063829345703125000e+02 -4.056322630391099304e-01 9.140363598795019362e-01 -0.000000000000000000e+00 -1.151290664672851562e+02 -0.000000000000000000e+00 0.000000000000000000e+00 1.000000000000000000e+00 0.000000000000000000e+00
9.136049950124343066e-01 4.066028936054561504e-01 0.000000000000000000e+00 8.092657470703125000e+02 -4.066028936054561504e-01 9.136049950124343066e-01 -0.000000000000000000e+00 -1.164690856933593750e+02 -0.000000000000000000e+00 0.000000000000000000e+00 1.000000000000000000e+00 0.000000000000000000e+00
9.133038639335336883e-01 4.072788382964151466e-01 0.000000000000000000e+00 8.121815795898437500e+02 -4.072788382964151466e-01 9.133038639335336883e-01 -0.000000000000000000e+00 -1.178489532470703125e+02 -0.000000000000000000e+00 0.000000000000000000e+00 1.000000000000000000e+00 0.000000000000000000e+00
9.131593192113149904e-01 4.076028186084190152e-01 0.000000000000000000e+00 8.150941772460937500e+02 -4.076028186084190152e-01 9.131593192113149904e-01 -0.000000000000000000e+00 -1.192487716674804688e+02 -0.000000000000000000e+00 0.000000000000000000e+00 1.000000000000000000e+00 0.000000000000000000e+00
9.130660800222312190e-01 4.078116397466315934e-01 0.000000000000000000e+00 8.179857788085937500e+02 -4.078116397466315934e-01 9.130660800222312190e-01 -0.000000000000000000e+00 -1.206356430053710938e+02 -0.000000000000000000e+00 0.000000000000000000e+00 1.000000000000000000e+00 0.000000000000000000e+00
9.129886153992964326e-01 4.079850342246337247e-01 0.000000000000000000e+00 8.208630981445312500e+02 -4.079850342246337247e-01 9.129886153992964326e-01 -0.000000000000000000e+00 -1.220034790039062500e+02 -0.000000000000000000e+00 0.000000000000000000e+00 1.000000000000000000e+00 0.000000000000000000e+00
9.129386659209598465e-01 4.080967927666891981e-01 0.000000000000000000e+00 8.236870117187500000e+02 -4.080967927666891981e-01 9.129386659209598465e-01 -0.000000000000000000e+00 -1.233532028198242188e+02 -0.000000000000000000e+00 0.000000000000000000e+00 1.000000000000000000e+00 0.000000000000000000e+00
9.129777078117871092e-01 4.080094423401681714e-01 0.000000000000000000e+00 8.264893798828125000e+02 -4.080094423401681714e-01 9.129777078117871092e-01 -0.000000000000000000e+00 -1.247184143066406250e+02 -0.000000000000000000e+00 0.000000000000000000e+00 1.000000000000000000e+00 0.000000000000000000e+00
9.130922174712934325e-01 4.077531145109208333e-01 0.000000000000000000e+00 8.292527465820312500e+02 -4.077531145109208333e-01 9.130922174712934325e-01 -0.000000000000000000e+00 -1.260908660888671875e+02 -0.000000000000000000e+00 0.000000000000000000e+00 1.000000000000000000e+00 0.000000000000000000e+00
9.129740596305828682e-01 4.080176055535508217e-01 0.000000000000000000e+00 8.320669555664062500e+02 -4.080176055535508217e-01 9.129740596305828682e-01 -0.000000000000000000e+00 -1.274252777099609375e+02 -0.000000000000000000e+00 0.000000000000000000e+00 1.000000000000000000e+00 0.000000000000000000e+00
9.129740596305828682e-01 4.080176055535508217e-01 0.000000000000000000e+00 8.320669555664062500e+02 -4.080176055535508217e-01 9.129740596305828682e-01 -0.000000000000000000e+00 -1.274252777099609375e+02 -0.000000000000000000e+00 0.000000000000000000e+00 1.000000000000000000e+00 0.000000000000000000e+00
9.129785100046416968e-01 4.080076473176751928e-01 0.000000000000000000e+00 8.363574218750000000e+02 -4.080076473176751928e-01 9.129785100046416968e-01 -0.000000000000000000e+00 -1.296053314208984375e+02 -0.000000000000000000e+00 0.000000000000000000e+00 1.000000000000000000e+00 0.000000000000000000e+00
9.130931631416047134e-01 4.077509968400553353e-01 0.000000000000000000e+00 8.391744384765625000e+02 -4.077509968400553353e-01 9.130931631416047134e-01 -0.000000000000000000e+00 -1.310183105468750000e+02 -0.000000000000000000e+00 0.000000000000000000e+00 1.000000000000000000e+00 0.000000000000000000e+00
9.132137194069893660e-01 4.074809230956124573e-01 0.000000000000000000e+00 8.420144042968750000e+02 -4.074809230956124573e-01 9.132137194069893660e-01 -0.000000000000000000e+00 -1.324371643066406250e+02 -0.000000000000000000e+00 0.000000000000000000e+00 1.000000000000000000e+00 0.000000000000000000e+00
9.133089934707286917e-01 4.072673353529405182e-01 0.000000000000000000e+00 8.448698120117187500e+02 -4.072673353529405182e-01 9.133089934707286917e-01 -0.000000000000000000e+00 -1.338570709228515625e+02 -0.000000000000000000e+00 0.000000000000000000e+00 1.000000000000000000e+00 0.000000000000000000e+00
9.133089934707286917e-01 4.072673353529405182e-01 0.000000000000000000e+00 8.448698120117187500e+02 -4.072673353529405182e-01 9.133089934707286917e-01 -0.000000000000000000e+00 -1.338570709228515625e+02 -0.000000000000000000e+00 0.000000000000000000e+00 1.000000000000000000e+00 0.000000000000000000e+00
9.135928736233522862e-01 4.066301283287128143e-01 0.000000000000000000e+00 8.489390258789062500e+02 -4.066301283287128143e-01 9.135928736233522862e-01 -0.000000000000000000e+00 -1.360013732910156250e+02 -0.000000000000000000e+00 0.000000000000000000e+00 1.000000000000000000e+00 0.000000000000000000e+00
9.135928736233522862e-01 4.066301283287128143e-01 0.000000000000000000e+00 8.489390258789062500e+02 -4.066301283287128143e-01 9.135928736233522862e-01 -0.000000000000000000e+00 -1.360013732910156250e+02 -0.000000000000000000e+00 0.000000000000000000e+00 1.000000000000000000e+00 0.000000000000000000e+00
9.128223491203686368e-01 4.083569014310544643e-01 0.000000000000000000e+00 8.493685302734375000e+02 -4.083569014310544643e-01 9.128223491203686368e-01 -0.000000000000000000e+00 -1.361238403320312500e+02 -0.000000000000000000e+00 0.000000000000000000e+00 1.000000000000000000e+00 0.000000000000000000e+00
9.139773486430885496e-01 4.057652106420044369e-01 0.000000000000000000e+00 8.513180541992187500e+02 -4.057652106420044369e-01 9.139773486430885496e-01 -0.000000000000000000e+00 -1.373120727539062500e+02 -0.000000000000000000e+00 0.000000000000000000e+00 1.000000000000000000e+00 0.000000000000000000e+00
9.147238059068221183e-01 4.040796442625368967e-01 0.000000000000000000e+00 8.533117675781250000e+02 -4.040796442625368967e-01 9.147238059068221183e-01 -0.000000000000000000e+00 -1.384293518066406250e+02 -0.000000000000000000e+00 0.000000000000000000e+00 1.000000000000000000e+00 0.000000000000000000e+00
9.152547306408818084e-01 4.028756359467359216e-01 0.000000000000000000e+00 8.553572387695312500e+02 -4.028756359467359216e-01 9.152547306408818084e-01 -0.000000000000000000e+00 -1.395228881835937500e+02 -0.000000000000000000e+00 0.000000000000000000e+00 1.000000000000000000e+00 0.000000000000000000e+00
9.157385741469568075e-01 4.017746430765615218e-01 0.000000000000000000e+00 8.574241943359375000e+02 -4.017746430765615218e-01 9.157385741469568075e-01 -0.000000000000000000e+00 -1.406143341064453125e+02 -0.000000000000000000e+00 0.000000000000000000e+00 1.000000000000000000e+00 0.000000000000000000e+00
9.154449296806619341e-01 4.024432639788718680e-01 0.000000000000000000e+00 8.611528930664062500e+02 -4.024432639788718680e-01 9.154449296806619341e-01 -0.000000000000000000e+00 -1.423910827636718750e+02 -0.000000000000000000e+00 0.000000000000000000e+00 1.000000000000000000e+00 0.000000000000000000e+00
9.154449296806619341e-01 4.024432639788718680e-01 0.000000000000000000e+00 8.611528930664062500e+02 -4.024432639788718680e-01 9.154449296806619341e-01 -0.000000000000000000e+00 -1.423910827636718750e+02 -0.000000000000000000e+00 0.000000000000000000e+00 1.000000000000000000e+00 0.000000000000000000e+00
9.144911794292052143e-01 4.046058362730093338e-01 0.000000000000000000e+00 8.630793457031250000e+02 -4.046058362730093338e-01 9.144911794292052143e-01 -0.000000000000000000e+00 -1.432012939453125000e+02 -0.000000000000000000e+00 0.000000000000000000e+00 1.000000000000000000e+00 0.000000000000000000e+00
9.135279269160003768e-01 4.067760154489871716e-01 0.000000000000000000e+00 8.648706054687500000e+02 -4.067760154489871716e-01 9.135279269160003768e-01 -0.000000000000000000e+00 -1.439727172851562500e+02 -0.000000000000000000e+00 0.000000000000000000e+00 1.000000000000000000e+00 0.000000000000000000e+00
9.143833602985096398e-01 4.048494416560381448e-01 0.000000000000000000e+00 8.647800903320312500e+02 -4.048494416560381448e-01 9.143833602985096398e-01 -0.000000000000000000e+00 -1.441513366699218750e+02 -0.000000000000000000e+00 0.000000000000000000e+00 1.000000000000000000e+00 0.000000000000000000e+00
9.148956976743655156e-01 4.036903050321321573e-01 0.000000000000000000e+00 8.651110229492187500e+02 -4.036903050321321573e-01 9.148956976743655156e-01 -0.000000000000000000e+00 -1.444422454833984375e+02 -0.000000000000000000e+00 0.000000000000000000e+00 1.000000000000000000e+00 0.000000000000000000e+00
9.147006734266708294e-01 4.041320057020909573e-01 0.000000000000000000e+00 8.670734252929687500e+02 -4.041320057020909573e-01 9.147006734266708294e-01 -0.000000000000000000e+00 -1.453729095458984375e+02 -0.000000000000000000e+00 0.000000000000000000e+00 1.000000000000000000e+00 0.000000000000000000e+00
9.144823166714226570e-01 4.046258673086384761e-01 0.000000000000000000e+00 8.691600952148437500e+02 -4.046258673086384761e-01 9.144823166714226570e-01 -0.000000000000000000e+00 -1.463591766357421875e+02 -0.000000000000000000e+00 0.000000000000000000e+00 1.000000000000000000e+00 0.000000000000000000e+00
9.142826507469798969e-01 4.050768254826188075e-01 0.000000000000000000e+00 8.713740844726562500e+02 -4.050768254826188075e-01 9.142826507469798969e-01 -0.000000000000000000e+00 -1.474187164306640625e+02 -0.000000000000000000e+00 0.000000000000000000e+00 1.000000000000000000e+00 0.000000000000000000e+00
9.140132683203088249e-01 4.056842926888187817e-01 0.000000000000000000e+00 8.737335815429687500e+02 -4.056842926888187817e-01 9.140132683203088249e-01 -0.000000000000000000e+00 -1.485271911621093750e+02 -0.000000000000000000e+00 0.000000000000000000e+00 1.000000000000000000e+00 0.000000000000000000e+00
9.137317154217290405e-01 4.063180432031839318e-01 0.000000000000000000e+00 8.762280883789062500e+02 -4.063180432031839318e-01 9.137317154217290405e-01 -0.000000000000000000e+00 -1.497063140869140625e+02 -0.000000000000000000e+00 0.000000000000000000e+00 1.000000000000000000e+00 0.000000000000000000e+00
9.134703662786767264e-01 4.069052591583207645e-01 0.000000000000000000e+00 8.788557128906250000e+02 -4.069052591583207645e-01 9.134703662786767264e-01 -0.000000000000000000e+00 -1.509627075195312500e+02 -0.000000000000000000e+00 0.000000000000000000e+00 1.000000000000000000e+00 0.000000000000000000e+00
9.132619015031618881e-01 4.073729240669157203e-01 0.000000000000000000e+00 8.816082153320312500e+02 -4.073729240669157203e-01 9.132619015031618881e-01 -0.000000000000000000e+00 -1.522982025146484375e+02 -0.000000000000000000e+00 0.000000000000000000e+00 1.000000000000000000e+00 0.000000000000000000e+00
9.131130175878039434e-01 4.077065330745816008e-01 0.000000000000000000e+00 8.844264526367187500e+02 -4.077065330745816008e-01 9.131130175878039434e-01 -0.000000000000000000e+00 -1.536872406005859375e+02 -0.000000000000000000e+00 0.000000000000000000e+00 1.000000000000000000e+00 0.000000000000000000e+00
9.130979816533826288e-01 4.077402063821016220e-01 0.000000000000000000e+00 8.862773437500000000e+02 -4.077402063821016220e-01 9.130979816533826288e-01 -0.000000000000000000e+00 -1.546725463867187500e+02 -0.000000000000000000e+00 0.000000000000000000e+00 1.000000000000000000e+00 0.000000000000000000e+00
9.129409428390021786e-01 4.080916991170413510e-01 0.000000000000000000e+00 8.891920166015625000e+02 -4.080916991170413510e-01 9.129409428390021786e-01 -0.000000000000000000e+00 -1.560859985351562500e+02 -0.000000000000000000e+00 0.000000000000000000e+00 1.000000000000000000e+00 0.000000000000000000e+00
