9.929861583736463437e-01 1.182306613292331415e-01 0.000000000000000000e+00 0.000000000000000000e+00 -1.182306613292331415e-01 9.929861583736463437e-01 -0.000000000000000000e+00 0.000000000000000000e+00 -0.000000000000000000e+00 0.000000000000000000e+00 1.000000000000000000e+00 0.000000000000000000e+00
9.929861583736463437e-01 1.182306613292331415e-01 0.000000000000000000e+00 0.000000000000000000e+00 -1.182306613292331415e-01 9.929861583736463437e-01 -0.000000000000000000e+00 0.000000000000000000e+00 -0.000000000000000000e+00 0.000000000000000000e+00 1.000000000000000000e+00 0.000000000000000000e+00
9.928618028181874777e-01 1.192704510958964848e-01 0.000000000000000000e+00 2.991691589355468750e+00 -1.192704510958964848e-01 9.928618028181874777e-01 -0.000000000000000000e+00 -2.978186905384063721e-01 -0.000000000000000000e+00 0.000000000000000000e+00 1.000000000000000000e+00 0.000000000000000000e+00
9.927573413774571920e-01 1.201368433960328386e-01 0.000000000000000000e+00 5.984060287475585938e+00 -1.201368433960328386e-01 9.927573413774571920e-01 -0.000000000000000000e+00 -5.880535840988159180e-01 -0.000000000000000000e+00 0.000000000000000000e+00 1.000000000000000000e+00 0.000000000000000000e+00
9.927782942984720860e-01 1.199635710114378834e-01 0.000000000000000000e+00 8.976613998413085938e+00 -1.199635710114378834e-01 9.927782942984720860e-01 -0.000000000000000000e+00 -1.018161535263061523e+00 -0.000000000000000000e+00 0.000000000000000000e+00 1.000000000000000000e+00 0.000000000000000000e+00
9.927782942984720860e-01 1.199635710114378834e-01 0.000000000000000000e+00 1.197258472442626953e+01 -1.199635710114378834e-01 9.927782942984720860e-01 -0.000000000000000000e+00 -1.270503401756286621e+00 -0.000000000000000000e+00 0.000000000000000000e+00 1.000000000000000000e+00 0.000000000000000000e+00
9.925461519124016974e-01 1.218693411973812007e-01 0.000000000000000000e+00 1.507591915130615234e+01 -1.218693411973812007e-01 9.925461519124016974e-01 -0.000000000000000000e+00 -1.608767390251159668e+00 -0.000000000000000000e+00 0.000000000000000000e+00 1.000000000000000000e+00 0.000000000000000000e+00
9.923103501295382767e-01 1.237746703723875130e-01 0.000000000000000000e+00 1.805956649780273438e+01 -1.237746703723875130e-01 9.923103501295382767e-01 -0.000000000000000000e+00 -2.129779100418090820e+00 -0.000000000000000000e+00 0.000000000000000000e+00 1.000000000000000000e+00 0.000000000000000000e+00
9.919166036980211487e-01 1.268914942310272187e-01 0.000000000000000000e+00 2.104179954528808594e+01 -1.268914942310272187e-01 9.919166036980211487e-01 -0.000000000000000000e+00 -2.518442153930664062e+00 -0.000000000000000000e+00 0.000000000000000000e+00 1.000000000000000000e+00 0.000000000000000000e+00
9.922454059580544383e-01 1.242942249468402399e-01 0.000000000000000000e+00 2.404924909638111785e+01 -1.242942249468402399e-01 9.922454059580544383e-01 -0.000000000000000000e+00 -2.657174334465253196e+00 -0.000000000000000000e+00 0.000000000000000000e+00 1.000000000000000000e+00 0.000000000000000000e+00
9.921801899058582119e-01 1.248137442687109327e-01 0.000000000000000000e+00 2.704294967651367188e+01 -1.248137442687109327e-01 9.921801899058582119e-01 -0.000000000000000000e+00 -2.932229995727539062e+00 -0.000000000000000000e+00 0.000000000000000000e+00 1.000000000000000000e+00 0.000000000000000000e+00
9.922236972567596291e-01 1.244674037735427896e-01 0.000000000000000000e+00 2.992504882812500000e+01 -1.244674037735427896e-01 9.922236972567596291e-01 -0.000000000000000000e+00 -3.166836261749267578e+00 -0.000000000000000000e+00 0.000000000000000000e+00 1.000000000000000000e+00 0.000000000000000000e+00
9.893232660556411373e-01 1.457376932745919618e-01 0.000000000000000000e+00 3.281795883178710938e+01 -1.457376932745919618e-01 9.893232660556411373e-01 -0.000000000000000000e+00 -4.349740982055664062e+00 -0.000000000000000000e+00 0.000000000000000000e+00 1.000000000000000000e+00 0.000000000000000000e+00
9.907004066316794644e-01 1.360613990073043789e-01 0.000000000000000000e+00 3.574794387817382812e+01 -1.360613990073043789e-01 9.907004066316794644e-01 -0.000000000000000000e+00 -4.176090717315673828e+00 -0.000000000000000000e+00 0.000000000000000000e+00 1.000000000000000000e+00 0.000000000000000000e+00
9.902923438790923738e-01 1.390002649438245308e-01 0.000000000000000000e+00 3.861396789550781250e+01 -1.390002649438245308e-01 9.902923438790923738e-01 -0.000000000000000000e+00 -4.554423809051513672e+00 -0.000000000000000000e+00 0.000000000000000000e+00 1.000000000000000000e+00 0.000000000000000000e+00
9.902316000837546595e-01 1.394323427170573448e-01 0.000000000000000000e+00 4.143261337280273438e+01 -1.394323427170573448e-01 9.902316000837546595e-01 -0.000000000000000000e+00 -4.914460182189941406e+00 -0.000000000000000000e+00 0.000000000000000000e+00 1.000000000000000000e+00 0.000000000000000000e+00
9.901706668165716207e-01 1.398644006744597934e-01 0.000000000000000000e+00 4.425125503540039062e+01 -1.398644006744597934e-01 9.901706668165716207e-01 -0.000000000000000000e+00 -5.274494171142578125e+00 -0.000000000000000000e+00 0.000000000000000000e+00 1.000000000000000000e+00 0.000000000000000000e+00
9.896513864577468622e-01 1.434926244873211132e-01 0.000000000000000000e+00 4.722444152832031250e+01 -1.434926244873211132e-01 9.896513864577468622e-01 -0.000000000000000000e+00 -5.870918750762939453e+00 -0.000000000000000000e+00 0.000000000000000000e+00 1.000000000000000000e+00 0.000000000000000000e+00
9.904734471436399401e-01 1.377038507210132101e-01 0.000000000000000000e+00 5.019219207763671875e+01 -1.377038507210132101e-01 9.904734471436399401e-01 -0.000000000000000000e+00 -5.868655204772949219e+00 -0.000000000000000000e+00 0.000000000000000000e+00 1.000000000000000000e+00 0.000000000000000000e+00
9.912616460521058714e-01 1.319103827076154867e-01 0.000000000000000000e+00 5.315846633911132812e+01 -1.319103827076154867e-01 9.912616460521058714e-01 -0.000000000000000000e+00 -5.866222381591796875e+00 -0.000000000000000000e+00 0.000000000000000000e+00 1.000000000000000000e+00 0.000000000000000000e+00
9.900482336781215587e-01 1.407284441427233412e-01 0.000000000000000000e+00 5.610709762573242188e+01 -1.407284441427233412e-01 9.900482336781215587e-01 -0.000000000000000000e+00 -6.689681529998779297e+00 -0.000000000000000000e+00 0.000000000000000000e+00 1.000000000000000000e+00 0.000000000000000000e+00
9.899497462163929784e-01 1.414195883394485098e-01 0.000000000000000000e+00 5.921492767333984375e+01 -1.414195883394485098e-01 9.899497462163929784e-01 -0.000000000000000000e+00 -6.974813938140869141e+00 -0.000000000000000000e+00 0.000000000000000000e+00 1.000000000000000000e+00 0.000000000000000000e+00
9.898135373439331808e-01 1.423698047013138290e-01 0.000000000000000000e+00 6.225956726074218750e+01 -1.423698047013138290e-01 9.898135373439331808e-01 -0.000000000000000000e+00 -7.455335140228271484e+00 -0.000000000000000000e+00 0.000000000000000000e+00 1.000000000000000000e+00 0.000000000000000000e+00
9.893994378957325919e-01 1.452196690934405288e-01 0.000000000000000000e+00 6.529831695556640625e+01 -1.452196690934405288e-01 9.893994378957325919e-01 -0.000000000000000000e+00 -7.833642482757568359e+00 -0.000000000000000000e+00 0.000000000000000000e+00 1.000000000000000000e+00 0.000000000000000000e+00
9.887302667205287721e-01 1.497079145227533936e-01 0.000000000000000000e+00 6.838130187988281250e+01 -1.497079145227533936e-01 9.887302667205287721e-01 -0.000000000000000000e+00 -8.470292091369628906e+00 -0.000000000000000000e+00 0.000000000000000000e+00 1.000000000000000000e+00 0.000000000000000000e+00
9.880944997417895337e-01 1.538481705449323833e-01 0.000000000000000000e+00 7.135411834716796875e+01 -1.538481705449323833e-01 9.880944997417895337e-01 -0.000000000000000000e+00 -8.903813362121582031e+00 -0.000000000000000000e+00 0.000000000000000000e+00 1.000000000000000000e+00 0.000000000000000000e+00
9.877156272023779326e-01 1.562620868291896559e-01 0.000000000000000000e+00 7.445161437988281250e+01 -1.562620868291896559e-01 9.877156272023779326e-01 -0.000000000000000000e+00 -9.264356613159179688e+00 -0.000000000000000000e+00 0.000000000000000000e+00 1.000000000000000000e+00 0.000000000000000000e+00
9.868839060442481381e-01 1.614315830029784959e-01 0.000000000000000000e+00 7.752826690673828125e+01 -1.614315830029784959e-01 9.868839060442481381e-01 -0.000000000000000000e+00 -9.930881500244140625e+00 -0.000000000000000000e+00 0.000000000000000000e+00 1.000000000000000000e+00 0.000000000000000000e+00
9.860832205689448182e-01 1.662524649813585109e-01 0.000000000000000000e+00 8.061003112792968750e+01 -1.662524649813585109e-01 9.860832205689448182e-01 -0.000000000000000000e+00 -1.039682865142822266e+01 -0.000000000000000000e+00 0.000000000000000000e+00 1.000000000000000000e+00 0.000000000000000000e+00
9.853186420575743565e-01 1.707254334123001760e-01 0.000000000000000000e+00 8.357345581054687500e+01 -1.707254334123001760e-01 9.853186420575743565e-01 -0.000000000000000000e+00 -1.103033351898193359e+01 -0.000000000000000000e+00 0.000000000000000000e+00 1.000000000000000000e+00 0.000000000000000000e+00
9.845948659257368618e-01 1.748512224512034086e-01 0.000000000000000000e+00 8.665779876708984375e+01 -1.748512224512034086e-01 9.845948659257368618e-01 -0.000000000000000000e+00 -1.146588611602783203e+01 -0.000000000000000000e+00 0.000000000000000000e+00 1.000000000000000000e+00 0.000000000000000000e+00
9.846311238933534993e-01 1.746469291470982010e-01 0.000000000000000000e+00 8.962046813964843750e+01 -1.746469291470982010e-01 9.846311238933534993e-01 -0.000000000000000000e+00 -1.236289215087890625e+01 -0.000000000000000000e+00 0.000000000000000000e+00 1.000000000000000000e+00 0.000000000000000000e+00
9.839565062408492935e-01 1.784085026737834978e-01 0.000000000000000000e+00 9.264417266845703125e+01 -1.784085026737834978e-01 9.839565062408492935e-01 -0.000000000000000000e+00 -1.295361423492431641e+01 -0.000000000000000000e+00 0.000000000000000000e+00 1.000000000000000000e+00 0.000000000000000000e+00
9.831610643092786317e-01 1.827411328252246669e-01 0.000000000000000000e+00 9.568378448486328125e+01 -1.827411328252246669e-01 9.831610643092786317e-01 -0.000000000000000000e+00 -1.354264354705810547e+01 -0.000000000000000000e+00 0.000000000000000000e+00 1.000000000000000000e+00 0.000000000000000000e+00
9.824783693027230314e-01 1.863766451362999510e-01 0.000000000000000000e+00 9.870904541015625000e+01 -1.863766451362999510e-01 9.824783693027230314e-01 -0.000000000000000000e+00 -1.420686817169189453e+01 -0.000000000000000000e+00 0.000000000000000000e+00 1.000000000000000000e+00 0.000000000000000000e+00
9.816777313838153107e-01 1.905487646381518463e-01 0.000000000000000000e+00 1.017671737670898438e+02 -1.905487646381518463e-01 9.816777313838153107e-01 -0.000000000000000000e+00 -1.486147880554199219e+01 -0.000000000000000000e+00 0.000000000000000000e+00 1.000000000000000000e+00 0.000000000000000000e+00
9.808659175946471409e-01 1.946844927086152088e-01 0.000000000000000000e+00 1.048176803588867188e+02 -1.946844927086152088e-01 9.808659175946471409e-01 -0.000000000000000000e+00 -1.550803375244140625e+01 -0.000000000000000000e+00 0.000000000000000000e+00 1.000000000000000000e+00 0.000000000000000000e+00
9.800351327249269273e-01 1.988243914232728227e-01 0.000000000000000000e+00 1.079021530151367188e+02 -1.988243914232728227e-01 9.800351327249269273e-01 -0.000000000000000000e+00 -1.617456245422363281e+01 -0.000000000000000000e+00 0.000000000000000000e+00 1.000000000000000000e+00 0.000000000000000000e+00
9.792503765913468383e-01 2.026541387332253807e-01 0.000000000000000000e+00 1.102820587158203125e+02 -2.026541387332253807e-01 9.792503765913468383e-01 -0.000000000000000000e+00 -1.666757583618164062e+01 -0.000000000000000000e+00 0.000000000000000000e+00 1.000000000000000000e+00 0.000000000000000000e+00
9.784668151392191815e-01 2.064041948975674778e-01 0.000000000000000000e+00 1.133256912231445312e+02 -2.064041948975674778e-01 9.784668151392191815e-01 -0.000000000000000000e+00 -1.739725494384765625e+01 -0.000000000000000000e+00 0.000000000000000000e+00 1.000000000000000000e+00 0.000000000000000000e+00
9.775181061514629510e-01 2.108514931084370103e-01 0.000000000000000000e+00 1.163137435913085938e+02 -2.108514931084370103e-01 9.775181061514629510e-01 -0.000000000000000000e+00 -1.804252815246582031e+01 -0.000000000000000000e+00 0.000000000000000000e+00 1.000000000000000000e+00 0.000000000000000000e+00
9.767539983253265001e-01 2.143633055247286257e-01 0.000000000000000000e+00 1.192613677978515625e+02 -2.143633055247286257e-01 9.767539983253265001e-01 -0.000000000000000000e+00 -1.878331756591796875e+01 -0.000000000000000000e+00 0.000000000000000000e+00 1.000000000000000000e+00 0.000000000000000000e+00
9.756882792853907027e-01 2.191629112443833072e-01 0.000000000000000000e+00 1.223867950439453125e+02 -2.191629112443833072e-01 9.756882792853907027e-01 -0.000000000000000000e+00 -1.948417282104492188e+01 -0.000000000000000000e+00 0.000000000000000000e+00 1.000000000000000000e+00 0.000000000000000000e+00
9.747660218282890865e-01 2.232290363932331323e-01 0.000000000000000000e+00 1.253107986450195312e+02 -2.232290363932331323e-01 9.747660218282890865e-01 -0.000000000000000000e+00 -2.019383049011230469e+01 -0.000000000000000000e+00 0.000000000000000000e+00 1.000000000000000000e+00 0.000000000000000000e+00
9.739734692934459703e-01 2.266620416225196555e-01 0.000000000000000000e+00 1.245560607910156250e+02 -2.266620416225196555e-01 9.739734692934459703e-01 -0.000000000000000000e+00 -1.954009819030761719e+01 -0.000000000000000000e+00 0.000000000000000000e+00 1.000000000000000000e+00 0.000000000000000000e+00
9.746960596324780735e-01 2.235343180295160381e-01 0.000000000000000000e+00 1.279177093505859375e+02 -2.235343180295160381e-01 9.746960596324780735e-01 -0.000000000000000000e+00 -2.106378173828125000e+01 -0.000000000000000000e+00 0.000000000000000000e+00 1.000000000000000000e+00 0.000000000000000000e+00
9.736296973837559321e-01 2.281341981650621409e-01 0.000000000000000000e+00 1.312898101806640625e+02 -2.281341981650621409e-01 9.736296973837559321e-01 -0.000000000000000000e+00 -2.194003677368164062e+01 -0.000000000000000000e+00 0.000000000000000000e+00 1.000000000000000000e+00 0.000000000000000000e+00
9.727515503586245948e-01 2.318499973579731532e-01 0.000000000000000000e+00 1.347905731201171875e+02 -2.318499973579731532e-01 9.727515503586245948e-01 -0.000000000000000000e+00 -2.295486068725585938e+01 -0.000000000000000000e+00 0.000000000000000000e+00 1.000000000000000000e+00 0.000000000000000000e+00
9.701598322064545199e-01 2.424662862608820690e-01 0.000000000000000000e+00 1.418667144775390625e+02 -2.424662862608820690e-01 9.701598322064545199e-01 -0.000000000000000000e+00 -2.477597808837890625e+01 -0.000000000000000000e+00 0.000000000000000000e+00 1.000000000000000000e+00 0.000000000000000000e+00
9.701598322064545199e-01 2.424662862608820690e-01 0.000000000000000000e+00 1.418667144775390625e+02 -2.424662862608820690e-01 9.701598322064545199e-01 -0.000000000000000000e+00 -2.477597808837890625e+01 -0.000000000000000000e+00 0.000000000000000000e+00 1.000000000000000000e+00 0.000000000000000000e+00
9.678151754339762158e-01 2.516620475949876701e-01 0.000000000000000000e+00 1.452490997314453125e+02 -2.516620475949876701e-01 9.678151754339762158e-01 -0.000000000000000000e+00 -2.528846931457519531e+01 -0.000000000000000000e+00 0.000000000000000000e+00 1.000000000000000000e+00 0.000000000000000000e+00
9.668504165497254776e-01 2.553434393471315511e-01 0.000000000000000000e+00 1.487373504638671875e+02 -2.553434393471315511e-01 9.668504165497254776e-01 -0.000000000000000000e+00 -2.638515663146972656e+01 -0.000000000000000000e+00 0.000000000000000000e+00 1.000000000000000000e+00 0.000000000000000000e+00
9.637083622692144136e-01 2.669572858949321725e-01 0.000000000000000000e+00 1.555032501220703125e+02 -2.669572858949321725e-01 9.637083622692144136e-01 -0.000000000000000000e+00 -2.809982490539550781e+01 -0.000000000000000000e+00 0.000000000000000000e+00 1.000000000000000000e+00 0.000000000000000000e+00
9.637083622692144136e-01 2.669572858949321725e-01 0.000000000000000000e+00 1.555032501220703125e+02 -2.669572858949321725e-01 9.637083622692144136e-01 -0.000000000000000000e+00 -2.809982490539550781e+01 -0.000000000000000000e+00 0.000000000000000000e+00 1.000000000000000000e+00 0.000000000000000000e+00
9.624770204801613716e-01 2.713631976662106982e-01 0.000000000000000000e+00 1.585039062500000000e+02 -2.713631976662106982e-01 9.624770204801613716e-01 -0.000000000000000000e+00 -2.892706489562988281e+01 -0.000000000000000000e+00 0.000000000000000000e+00 1.000000000000000000e+00 0.000000000000000000e+00
9.623544566798386546e-01 2.717975344046604791e-01 0.000000000000000000e+00 1.605159149169921875e+02 -2.717975344046604791e-01 9.623544566798386546e-01 -0.000000000000000000e+00 -2.966818618774414062e+01 -0.000000000000000000e+00 0.000000000000000000e+00 1.000000000000000000e+00 0.000000000000000000e+00
9.612235210886603820e-01 2.757704525613968172e-01 0.000000000000000000e+00 1.635010528564453125e+02 -2.757704525613968172e-01 9.612235210886603820e-01 -0.000000000000000000e+00 -3.055784606933593750e+01 -0.000000000000000000e+00 0.000000000000000000e+00 1.000000000000000000e+00 0.000000000000000000e+00
9.600788053806010858e-01 2.797296685354591639e-01 0.000000000000000000e+00 1.664439544677734375e+02 -2.797296685354591639e-01 9.600788053806010858e-01 -0.000000000000000000e+00 -3.144087219238281250e+01 -0.000000000000000000e+00 0.000000000000000000e+00 1.000000000000000000e+00 0.000000000000000000e+00
9.589958137933680682e-01 2.834202341520373758e-01 0.000000000000000000e+00 1.688880767822265625e+02 -2.834202341520373758e-01 9.589958137933680682e-01 -0.000000000000000000e+00 -3.214942550659179688e+01 -0.000000000000000000e+00 0.000000000000000000e+00 1.000000000000000000e+00 0.000000000000000000e+00
9.577416881663705084e-01 2.876297250776258529e-01 0.000000000000000000e+00 1.719206390380859375e+02 -2.876297250776258529e-01 9.577416881663705084e-01 -0.000000000000000000e+00 -3.307641220092773438e+01 -0.000000000000000000e+00 0.000000000000000000e+00 1.000000000000000000e+00 0.000000000000000000e+00
9.564733665668524454e-01 2.918196344461275182e-01 0.000000000000000000e+00 1.750314788818359375e+02 -2.918196344461275182e-01 9.564733665668524454e-01 -0.000000000000000000e+00 -3.404747772216796875e+01 -0.000000000000000000e+00 0.000000000000000000e+00 1.000000000000000000e+00 0.000000000000000000e+00
9.552151596341271755e-01 2.959121471064493081e-01 0.000000000000000000e+00 1.780352478027343750e+02 -2.959121471064493081e-01 9.552151596341271755e-01 -0.000000000000000000e+00 -3.498688507080078125e+01 -0.000000000000000000e+00 0.000000000000000000e+00 1.000000000000000000e+00 0.000000000000000000e+00
9.537999046772878131e-01 3.004425766059076741e-01 0.000000000000000000e+00 1.809676361083984375e+02 -3.004425766059076741e-01 9.537999046772878131e-01 -0.000000000000000000e+00 -3.587406921386718750e+01 -0.000000000000000000e+00 0.000000000000000000e+00 1.000000000000000000e+00 0.000000000000000000e+00
9.524466933874222718e-01 3.047052612859935117e-01 0.000000000000000000e+00 1.839262542724609375e+02 -3.047052612859935117e-01 9.524466933874222718e-01 -0.000000000000000000e+00 -3.680838775634765625e+01 -0.000000000000000000e+00 0.000000000000000000e+00 1.000000000000000000e+00 0.000000000000000000e+00
9.510792474169615929e-01 3.089470264184233095e-01 0.000000000000000000e+00 1.868379516601562500e+02 -3.089470264184233095e-01 9.510792474169615929e-01 -0.000000000000000000e+00 -3.774575805664062500e+01 -0.000000000000000000e+00 0.000000000000000000e+00 1.000000000000000000e+00 0.000000000000000000e+00
9.494229188292674371e-01 3.140001929963011085e-01 0.000000000000000000e+00 1.898553466796875000e+02 -3.140001929963011085e-01 9.494229188292674371e-01 -0.000000000000000000e+00 -3.866079330444335938e+01 -0.000000000000000000e+00 0.000000000000000000e+00 1.000000000000000000e+00 0.000000000000000000e+00
9.480653148602268265e-01 3.180757123060152791e-01 0.000000000000000000e+00 1.927553710937500000e+02 -3.180757123060152791e-01 9.480653148602268265e-01 -0.000000000000000000e+00 -3.963620376586914062e+01 -0.000000000000000000e+00 0.000000000000000000e+00 1.000000000000000000e+00 0.000000000000000000e+00
9.466773737325105964e-01 3.221831002130876032e-01 0.000000000000000000e+00 1.956227569580078125e+02 -3.221831002130876032e-01 9.466773737325105964e-01 -0.000000000000000000e+00 -4.062932205200195312e+01 -0.000000000000000000e+00 0.000000000000000000e+00 1.000000000000000000e+00 0.000000000000000000e+00
9.452106973779410559e-01 3.264609280791596624e-01 0.000000000000000000e+00 1.985499725341796875e+02 -3.264609280791596624e-01 9.452106973779410559e-01 -0.000000000000000000e+00 -4.162970733642578125e+01 -0.000000000000000000e+00 0.000000000000000000e+00 1.000000000000000000e+00 0.000000000000000000e+00
9.438460459002100400e-01 3.303855953859650696e-01 0.000000000000000000e+00 2.015066528320312500e+02 -3.303855953859650696e-01 9.438460459002100400e-01 -0.000000000000000000e+00 -4.267665100097656250e+01 -0.000000000000000000e+00 0.000000000000000000e+00 1.000000000000000000e+00 0.000000000000000000e+00
9.422925576087523014e-01 3.347905851053107340e-01 0.000000000000000000e+00 2.045581359863281250e+02 -3.347905851053107340e-01 9.422925576087523014e-01 -0.000000000000000000e+00 -4.376309967041015625e+01 -0.000000000000000000e+00 0.000000000000000000e+00 1.000000000000000000e+00 0.000000000000000000e+00
9.410476273049483975e-01 3.382740946979637675e-01 0.000000000000000000e+00 2.074427185058593750e+02 -3.382740946979637675e-01 9.410476273049483975e-01 -0.000000000000000000e+00 -4.483299255371093750e+01 -0.000000000000000000e+00 0.000000000000000000e+00 1.000000000000000000e+00 0.000000000000000000e+00
9.398477084550620475e-01 3.415937424950415413e-01 0.000000000000000000e+00 2.102966156005859375e+02 -3.415937424950415413e-01 9.398477084550620475e-01 -0.000000000000000000e+00 -4.588560867309570312e+01 -0.000000000000000000e+00 0.000000000000000000e+00 1.000000000000000000e+00 0.000000000000000000e+00
9.386068793492301499e-01 3.449885882725684527e-01 0.000000000000000000e+00 2.132419128417968750e+02 -3.449885882725684527e-01 9.386068793492301499e-01 -0.000000000000000000e+00 -4.696270751953125000e+01 -0.000000000000000000e+00 0.000000000000000000e+00 1.000000000000000000e+00 0.000000000000000000e+00
9.374269343264489684e-01 3.481820541029010396e-01 0.000000000000000000e+00 2.161585388183593750e+02 -3.481820541029010396e-01 9.374269343264489684e-01 -0.000000000000000000e+00 -4.807121658325195312e+01 -0.000000000000000000e+00 0.000000000000000000e+00 1.000000000000000000e+00 0.000000000000000000e+00
9.362164311103720049e-01 3.514239521133387667e-01 0.000000000000000000e+00 2.190706024169921875e+02 -3.514239521133387667e-01 9.362164311103720049e-01 -0.000000000000000000e+00 -4.915158081054687500e+01 -0.000000000000000000e+00 0.000000000000000000e+00 1.000000000000000000e+00 0.000000000000000000e+00
9.363999501171097473e-01 3.509346569101923774e-01 0.000000000000000000e+00 2.173147735595703125e+02 -3.509346569101923774e-01 9.363999501171097473e-01 -0.000000000000000000e+00 -4.838700103759765625e+01 -0.000000000000000000e+00 0.000000000000000000e+00 1.000000000000000000e+00 0.000000000000000000e+00
9.356537179326824827e-01 3.529194243998881597e-01 0.000000000000000000e+00 2.207055358886718750e+02 -3.529194243998881597e-01 9.356537179326824827e-01 -0.000000000000000000e+00 -4.983483505249023438e+01 -0.000000000000000000e+00 0.000000000000000000e+00 1.000000000000000000e+00 0.000000000000000000e+00
9.355130053924437528e-01 3.532922540073550333e-01 0.000000000000000000e+00 2.240387268066406250e+02 -3.532922540073550333e-01 9.355130053924437528e-01 -0.000000000000000000e+00 -5.139054107666015625e+01 -0.000000000000000000e+00 0.000000000000000000e+00 1.000000000000000000e+00 0.000000000000000000e+00
9.351250994681362672e-01 3.543177223124864827e-01 0.000000000000000000e+00 2.273671264648437500e+02 -3.543177223124864827e-01 9.351250994681362672e-01 -0.000000000000000000e+00 -5.288463592529296875e+01 -0.000000000000000000e+00 0.000000000000000000e+00 1.000000000000000000e+00 0.000000000000000000e+00
9.343537489721980283e-01 3.563468419694480471e-01 0.000000000000000000e+00 2.307476654052734375e+02 -3.563468419694480471e-01 9.343537489721980283e-01 -0.000000000000000000e+00 -5.430257797241210938e+01 -0.000000000000000000e+00 0.000000000000000000e+00 1.000000000000000000e+00 0.000000000000000000e+00
9.334660853505449829e-01 3.586656765015702186e-01 0.000000000000000000e+00 2.341062774658203125e+02 -3.586656765015702186e-01 9.334660853505449829e-01 -0.000000000000000000e+00 -5.568584060668945312e+01 -0.000000000000000000e+00 0.000000000000000000e+00 1.000000000000000000e+00 0.000000000000000000e+00
9.314955957752016902e-01 3.637526014359238058e-01 0.000000000000000000e+00 2.375521697998046875e+02 -3.637526014359238058e-01 9.314955957752016902e-01 -0.000000000000000000e+00 -5.689439010620117188e+01 -0.000000000000000000e+00 0.000000000000000000e+00 1.000000000000000000e+00 0.000000000000000000e+00
9.293065814677544667e-01 3.693091897593610562e-01 0.000000000000000000e+00 2.410163574218750000e+02 -3.693091897593610562e-01 9.293065814677544667e-01 -0.000000000000000000e+00 -5.808731842041015625e+01 -0.000000000000000000e+00 0.000000000000000000e+00 1.000000000000000000e+00 0.000000000000000000e+00
9.274480119064276717e-01 3.739521162004765809e-01 0.000000000000000000e+00 2.444535522460937500e+02 -3.739521162004765809e-01 9.274480119064276717e-01 -0.000000000000000000e+00 -5.932782745361328125e+01 -0.000000000000000000e+00 0.000000000000000000e+00 1.000000000000000000e+00 0.000000000000000000e+00
9.262159382278252195e-01 3.769934160867394191e-01 0.000000000000000000e+00 2.473466644287109375e+02 -3.769934160867394191e-01 9.262159382278252195e-01 -0.000000000000000000e+00 -6.049908065795898438e+01 -0.000000000000000000e+00 0.000000000000000000e+00 1.000000000000000000e+00 0.000000000000000000e+00
9.251130623138086317e-01 3.796917459418459040e-01 0.000000000000000000e+00 2.501850585937500000e+02 -3.796917459418459040e-01 9.251130623138086317e-01 -0.000000000000000000e+00 -6.167218399047851562e+01 -0.000000000000000000e+00 0.000000000000000000e+00 1.000000000000000000e+00 0.000000000000000000e+00
9.258143573303723173e-01 3.779785387570963051e-01 0.000000000000000000e+00 2.521835021972656250e+02 -3.779785387570963051e-01 9.258143573303723173e-01 -0.000000000000000000e+00 -6.271560287475585938e+01 -0.000000000000000000e+00 0.000000000000000000e+00 1.000000000000000000e+00 0.000000000000000000e+00
9.245977155623851251e-01 3.809449623985318167e-01 0.000000000000000000e+00 2.550425262451171875e+02 -3.809449623985318167e-01 9.245977155623851251e-01 -0.000000000000000000e+00 -6.386679458618164062e+01 -0.000000000000000000e+00 0.000000000000000000e+00 1.000000000000000000e+00 0.000000000000000000e+00
9.237342872265050797e-01 3.830338974583589740e-01 0.000000000000000000e+00 2.579944458007812500e+02 -3.830338974583589740e-01 9.237342872265050797e-01 -0.000000000000000000e+00 -6.515783691406250000e+01 -0.000000000000000000e+00 0.000000000000000000e+00 1.000000000000000000e+00 0.000000000000000000e+00
9.229089788692605989e-01 3.850182031053839826e-01 0.000000000000000000e+00 2.609451599121093750e+02 -3.850182031053839826e-01 9.229089788692605989e-01 -0.000000000000000000e+00 -6.646936798095703125e+01 -0.000000000000000000e+00 0.000000000000000000e+00 1.000000000000000000e+00 0.000000000000000000e+00
9.221665214554497503e-01 3.867931058159588820e-01 0.000000000000000000e+00 2.638139343261718750e+02 -3.867931058159588820e-01 9.221665214554497503e-01 -0.000000000000000000e+00 -6.775914764404296875e+01 -0.000000000000000000e+00 0.000000000000000000e+00 1.000000000000000000e+00 0.000000000000000000e+00
9.209104077682167544e-01 3.897743204268039330e-01 0.000000000000000000e+00 2.667530822753906250e+02 -3.897743204268039330e-01 9.209104077682167544e-01 -0.000000000000000000e+00 -6.899452209472656250e+01 -0.000000000000000000e+00 0.000000000000000000e+00 1.000000000000000000e+00 0.000000000000000000e+00
9.201180842576195396e-01 3.916410486939387869e-01 0.000000000000000000e+00 2.695584411621093750e+02 -3.916410486939387869e-01 9.201180842576195396e-01 -0.000000000000000000e+00 -7.026116180419921875e+01 -0.000000000000000000e+00 0.000000000000000000e+00 1.000000000000000000e+00 0.000000000000000000e+00
9.193196518744300993e-01 3.935115978944924708e-01 0.000000000000000000e+00 2.723810424804687500e+02 -3.935115978944924708e-01 9.193196518744300993e-01 -0.000000000000000000e+00 -7.151630401611328125e+01 -0.000000000000000000e+00 0.000000000000000000e+00 1.000000000000000000e+00 0.000000000000000000e+00
9.187242285630983218e-01 3.948997237921796910e-01 0.000000000000000000e+00 2.751720275878906250e+02 -3.948997237921796910e-01 9.187242285630983218e-01 -0.000000000000000000e+00 -7.277013397216796875e+01 -0.000000000000000000e+00 0.000000000000000000e+00 1.000000000000000000e+00 0.000000000000000000e+00
9.181126936617522993e-01 3.963194188242123439e-01 0.000000000000000000e+00 2.780121154785156250e+02 -3.963194188242123439e-01 9.181126936617522993e-01 -0.000000000000000000e+00 -7.403383636474609375e+01 -0.000000000000000000e+00 0.000000000000000000e+00 1.000000000000000000e+00 0.000000000000000000e+00
9.176919578825374346e-01 3.972926760433864168e-01 0.000000000000000000e+00 2.807828674316406250e+02 -3.972926760433864168e-01 9.176919578825374346e-01 -0.000000000000000000e+00 -7.528948211669921875e+01 -0.000000000000000000e+00 0.000000000000000000e+00 1.000000000000000000e+00 0.000000000000000000e+00
9.186176079934824656e-01 3.951476816132580283e-01 0.000000000000000000e+00 2.847814636230468750e+02 -3.951476816132580283e-01 9.186176079934824656e-01 -0.000000000000000000e+00 -7.740083312988281250e+01 -0.000000000000000000e+00 0.000000000000000000e+00 1.000000000000000000e+00 0.000000000000000000e+00
9.186176079934824656e-01 3.951476816132580283e-01 0.000000000000000000e+00 2.847814636230468750e+02 -3.951476816132580283e-01 9.186176079934824656e-01 -0.000000000000000000e+00 -7.740083312988281250e+01 -0.000000000000000000e+00 0.000000000000000000e+00 1.000000000000000000e+00 0.000000000000000000e+00
9.177762887689606686e-01 3.970978264527184609e-01 0.000000000000000000e+00 2.881556091308593750e+02 -3.970978264527184609e-01 9.177762887689606686e-01 -0.000000000000000000e+00 -7.885460662841796875e+01 -0.000000000000000000e+00 0.000000000000000000e+00 1.000000000000000000e+00 0.000000000000000000e+00
9.174820410436128615e-01 3.977772044278634067e-01 0.000000000000000000e+00 2.914544067382812500e+02 -3.977772044278634067e-01 9.174820410436128615e-01 -0.000000000000000000e+00 -8.042797088623046875e+01 -0.000000000000000000e+00 0.000000000000000000e+00 1.000000000000000000e+00 0.000000000000000000e+00
9.167751067031062462e-01 3.994038103592755795e-01 0.000000000000000000e+00 2.944743652343750000e+02 -3.994038103592755795e-01 9.167751067031062462e-01 -0.000000000000000000e+00 -8.169441223144531250e+01 -0.000000000000000000e+00 0.000000000000000000e+00 1.000000000000000000e+00 0.000000000000000000e+00
9.164613676855053459e-01 4.001231829574649623e-01 0.000000000000000000e+00 2.972985839843750000e+02 -4.001231829574649623e-01 9.164613676855053459e-01 -0.000000000000000000e+00 -8.298231506347656250e+01 -0.000000000000000000e+00 0.000000000000000000e+00 1.000000000000000000e+00 0.000000000000000000e+00
9.161598156087897848e-01 4.008131637854078777e-01 0.000000000000000000e+00 3.001006469726562500e+02 -4.008131637854078777e-01 9.161598156087897848e-01 -0.000000000000000000e+00 -8.425981903076171875e+01 -0.000000000000000000e+00 0.000000000000000000e+00 1.000000000000000000e+00 0.000000000000000000e+00
9.161374899638859981e-01 4.008641908211191818e-01 0.000000000000000000e+00 3.028251953125000000e+02 -4.008641908211191818e-01 9.161374899638859981e-01 -0.000000000000000000e+00 -8.557537841796875000e+01 -0.000000000000000000e+00 0.000000000000000000e+00 1.000000000000000000e+00 0.000000000000000000e+00
9.161116451667918881e-01 4.009232514955874960e-01 0.000000000000000000e+00 3.055884704589843750e+02 -4.009232514955874960e-01 9.161116451667918881e-01 -0.000000000000000000e+00 -8.689763641357421875e+01 -0.000000000000000000e+00 0.000000000000000000e+00 1.000000000000000000e+00 0.000000000000000000e+00
9.161211025318996004e-01 4.009016406747877292e-01 0.000000000000000000e+00 3.083199157714843750e+02 -4.009016406747877292e-01 9.161211025318996004e-01 -0.000000000000000000e+00 -8.823911285400390625e+01 -0.000000000000000000e+00 0.000000000000000000e+00 1.000000000000000000e+00 0.000000000000000000e+00
9.170455404200463789e-01 3.987824930907888921e-01 0.000000000000000000e+00 3.115319519042968750e+02 -3.987824930907888921e-01 9.170455404200463789e-01 -0.000000000000000000e+00 -8.999844360351562500e+01 -0.000000000000000000e+00 0.000000000000000000e+00 1.000000000000000000e+00 0.000000000000000000e+00
9.170455404200463789e-01 3.987824930907888921e-01 0.000000000000000000e+00 3.115319519042968750e+02 -3.987824930907888921e-01 9.170455404200463789e-01 -0.000000000000000000e+00 -8.999844360351562500e+01 -0.000000000000000000e+00 0.000000000000000000e+00 1.000000000000000000e+00 0.000000000000000000e+00
9.169165073485816553e-01 3.990790880911683214e-01 0.000000000000000000e+00 3.148420410156250000e+02 -3.990790880911683214e-01 9.169165073485816553e-01 -0.000000000000000000e+00 -9.157555389404296875e+01 -0.000000000000000000e+00 0.000000000000000000e+00 1.000000000000000000e+00 0.000000000000000000e+00
9.164520645567680868e-01 4.001444906151244152e-01 0.000000000000000000e+00 3.181770324707031250e+02 -4.001444906151244152e-01 9.164520645567680868e-01 -0.000000000000000000e+00 -9.311058044433593750e+01 -0.000000000000000000e+00 0.000000000000000000e+00 1.000000000000000000e+00 0.000000000000000000e+00
9.162177876237326268e-01 4.006806279842746177e-01 0.000000000000000000e+00 3.214325561523437500e+02 -4.006806279842746177e-01 9.162177876237326268e-01 -0.000000000000000000e+00 -9.465201568603515625e+01 -0.000000000000000000e+00 0.000000000000000000e+00 1.000000000000000000e+00 0.000000000000000000e+00
9.158228729086342890e-01 4.015824516302667346e-01 0.000000000000000000e+00 3.239801635742187500e+02 -4.015824516302667346e-01 9.158228729086342890e-01 -0.000000000000000000e+00 -9.584894561767578125e+01 -0.000000000000000000e+00 0.000000000000000000e+00 1.000000000000000000e+00 0.000000000000000000e+00
9.156445057550330890e-01 4.019889788049183510e-01 0.000000000000000000e+00 3.266420593261718750e+02 -4.019889788049183510e-01 9.156445057550330890e-01 -0.000000000000000000e+00 -9.714665985107421875e+01 -0.000000000000000000e+00 0.000000000000000000e+00 1.000000000000000000e+00 0.000000000000000000e+00
9.154261009756069489e-01 4.024860912535958013e-01 0.000000000000000000e+00 3.293374023437500000e+02 -4.024860912535958013e-01 9.154261009756069489e-01 -0.000000000000000000e+00 -9.845328521728515625e+01 -0.000000000000000000e+00 0.000000000000000000e+00 1.000000000000000000e+00 0.000000000000000000e+00
9.153679776642139609e-01 4.026182627091411392e-01 0.000000000000000000e+00 3.319530944824218750e+02 -4.026182627091411392e-01 9.153679776642139609e-01 -0.000000000000000000e+00 -9.975413513183593750e+01 -0.000000000000000000e+00 0.000000000000000000e+00 1.000000000000000000e+00 0.000000000000000000e+00
9.168983380847423037e-01 3.991208308488016221e-01 0.000000000000000000e+00 3.322083129882812500e+02 -3.991208308488016221e-01 9.168983380847423037e-01 -0.000000000000000000e+00 -1.002515106201171875e+02 -0.000000000000000000e+00 0.000000000000000000e+00 1.000000000000000000e+00 0.000000000000000000e+00
9.153375405486874339e-01 4.026874555561420488e-01 0.000000000000000000e+00 3.356397705078125000e+02 -4.026874555561420488e-01 9.153375405486874339e-01 -0.000000000000000000e+00 -1.016223373413085938e+02 -0.000000000000000000e+00 0.000000000000000000e+00 1.000000000000000000e+00 0.000000000000000000e+00
9.145405792080563145e-01 4.044941643358934691e-01 0.000000000000000000e+00 3.390077514648437500e+02 -4.044941643358934691e-01 9.145405792080563145e-01 -0.000000000000000000e+00 -1.031430740356445312e+02 -0.000000000000000000e+00 0.000000000000000000e+00 1.000000000000000000e+00 0.000000000000000000e+00
9.143157722086208139e-01 4.050020601065548176e-01 0.000000000000000000e+00 3.423361206054687500e+02 -4.050020601065548176e-01 9.143157722086208139e-01 -0.000000000000000000e+00 -1.047526473999023438e+02 -0.000000000000000000e+00 0.000000000000000000e+00 1.000000000000000000e+00 0.000000000000000000e+00
9.143297126179383838e-01 4.049705873566599723e-01 0.000000000000000000e+00 3.453875427246093750e+02 -4.049705873566599723e-01 9.143297126179383838e-01 -0.000000000000000000e+00 -1.062690277099609375e+02 -0.000000000000000000e+00 0.000000000000000000e+00 1.000000000000000000e+00 0.000000000000000000e+00
9.141798471073309118e-01 4.053087799971979988e-01 0.000000000000000000e+00 3.481521301269531250e+02 -4.053087799971979988e-01 9.141798471073309118e-01 -0.000000000000000000e+00 -1.076203308105468750e+02 -0.000000000000000000e+00 0.000000000000000000e+00 1.000000000000000000e+00 0.000000000000000000e+00
9.138773297077842361e-01 4.059904262986626100e-01 0.000000000000000000e+00 3.509087219238281250e+02 -4.059904262986626100e-01 9.138773297077842361e-01 -0.000000000000000000e+00 -1.089421768188476562e+02 -0.000000000000000000e+00 0.000000000000000000e+00 1.000000000000000000e+00 0.000000000000000000e+00
9.138624217165284280e-01 4.060239822650898445e-01 0.000000000000000000e+00 3.536208496093750000e+02 -4.060239822650898445e-01 9.138624217165284280e-01 -0.000000000000000000e+00 -1.103015899658203125e+02 -0.000000000000000000e+00 0.000000000000000000e+00 1.000000000000000000e+00 0.000000000000000000e+00
9.137487869671986340e-01 4.062796503837879936e-01 0.000000000000000000e+00 3.563418579101562500e+02 -4.062796503837879936e-01 9.137487869671986340e-01 -0.000000000000000000e+00 -1.116420516967773438e+02 -0.000000000000000000e+00 0.000000000000000000e+00 1.000000000000000000e+00 0.000000000000000000e+00
9.134154873256630225e-01 4.070284357555642440e-01 0.000000000000000000e+00 3.591251220703125000e+02 -4.070284357555642440e-01 9.134154873256630225e-01 -0.000000000000000000e+00 -1.129719848632812500e+02 -0.000000000000000000e+00 0.000000000000000000e+00 1.000000000000000000e+00 0.000000000000000000e+00
9.131122871567001198e-01 4.077081689682707233e-01 0.000000000000000000e+00 3.618840026855468750e+02 -4.077081689682707233e-01 9.131122871567001198e-01 -0.000000000000000000e+00 -1.143083267211914062e+02 -0.000000000000000000e+00 0.000000000000000000e+00 1.000000000000000000e+00 0.000000000000000000e+00
9.130018938354669267e-01 4.079553184514828623e-01 0.000000000000000000e+00 3.644906005859375000e+02 -4.079553184514828623e-01 9.130018938354669267e-01 -0.000000000000000000e+00 -1.155431442260742188e+02 -0.000000000000000000e+00 0.000000000000000000e+00 1.000000000000000000e+00 0.000000000000000000e+00
9.126082797569911031e-01 4.088350862132375529e-01 0.000000000000000000e+00 3.673422851562500000e+02 -4.088350862132375529e-01 9.126082797569911031e-01 -0.000000000000000000e+00 -1.169023971557617188e+02 -0.000000000000000000e+00 0.000000000000000000e+00 1.000000000000000000e+00 0.000000000000000000e+00
9.124200237388317980e-01 4.092550552900104943e-01 0.000000000000000000e+00 3.700897827148437500e+02 -4.092550552900104943e-01 9.124200237388317980e-01 -0.000000000000000000e+00 -1.182527160644531250e+02 -0.000000000000000000e+00 0.000000000000000000e+00 1.000000000000000000e+00 0.000000000000000000e+00
