4.905996127238921867e-01 8.713851157755490018e-01 0.000000000000000000e+00 0.000000000000000000e+00 -8.713851157755490018e-01 4.905996127238921867e-01 -0.000000000000000000e+00 0.000000000000000000e+00 -0.000000000000000000e+00 0.000000000000000000e+00 1.000000000000000000e+00 0.000000000000000000e+00
4.905996234177507631e-01 8.713851097547864466e-01 0.000000000000000000e+00 0.000000000000000000e+00 -8.713851097547864466e-01 4.905996234177507631e-01 -0.000000000000000000e+00 0.000000000000000000e+00 -0.000000000000000000e+00 0.000000000000000000e+00 1.000000000000000000e+00 0.000000000000000000e+00
4.858777858329247357e-01 8.740267600217368482e-01 0.000000000000000000e+00 1.585972428321838379e+00 -8.740267600217368482e-01 4.858777858329247357e-01 -0.000000000000000000e+00 -2.756035566329956055e+00 -0.000000000000000000e+00 0.000000000000000000e+00 1.000000000000000000e+00 0.000000000000000000e+00
4.812947998903386315e-01 8.765587918665348477e-01 0.000000000000000000e+00 3.297378540039062500e+00 -8.765587918665348477e-01 4.812947998903386315e-01 -0.000000000000000000e+00 -5.324352741241455078e+00 -0.000000000000000000e+00 0.000000000000000000e+00 1.000000000000000000e+00 0.000000000000000000e+00
4.759312200115726199e-01 8.794825034179452050e-01 0.000000000000000000e+00 4.855685710906982422e+00 -8.794825034179452050e-01 4.759312200115726199e-01 -0.000000000000000000e+00 -8.093390464782714844e+00 -0.000000000000000000e+00 0.000000000000000000e+00 1.000000000000000000e+00 0.000000000000000000e+00
4.708579136213710825e-01 8.822090597925922317e-01 0.000000000000000000e+00 6.541830062866210938e+00 -8.822090597925922317e-01 4.708579136213710825e-01 -0.000000000000000000e+00 -1.085606861114501953e+01 -0.000000000000000000e+00 0.000000000000000000e+00 1.000000000000000000e+00 0.000000000000000000e+00
4.666953865255750733e-01 8.844181229462365623e-01 0.000000000000000000e+00 8.151719093322753906e+00 -8.844181229462365623e-01 4.666953865255750733e-01 -0.000000000000000000e+00 -1.359262657165527344e+01 -0.000000000000000000e+00 0.000000000000000000e+00 1.000000000000000000e+00 0.000000000000000000e+00
4.639145949740191011e-01 8.858799289802719024e-01 0.000000000000000000e+00 9.816928863525390625e+00 -8.858799289802719024e-01 4.639145949740191011e-01 -0.000000000000000000e+00 -1.648042488098144531e+01 -0.000000000000000000e+00 0.000000000000000000e+00 1.000000000000000000e+00 0.000000000000000000e+00
4.567874160813419904e-01 8.895758857510307482e-01 0.000000000000000000e+00 1.129919910430908203e+01 -8.895758857510307482e-01 4.567874160813419904e-01 -0.000000000000000000e+00 -1.928507041931152344e+01 -0.000000000000000000e+00 0.000000000000000000e+00 1.000000000000000000e+00 0.000000000000000000e+00
4.553118278036940580e-01 8.903320388832804966e-01 0.000000000000000000e+00 1.302259349822998047e+01 -8.903320388832804966e-01 4.553118278036940580e-01 -0.000000000000000000e+00 -2.204799461364746094e+01 -0.000000000000000000e+00 0.000000000000000000e+00 1.000000000000000000e+00 0.000000000000000000e+00
4.538349843662738969e-01 8.910857461351650022e-01 0.000000000000000000e+00 1.474593353271484375e+01 -8.910857461351650022e-01 4.538349843662738969e-01 -0.000000000000000000e+00 -2.481081390380859375e+01 -0.000000000000000000e+00 0.000000000000000000e+00 1.000000000000000000e+00 0.000000000000000000e+00
4.485392463037222166e-01 8.937631367008200822e-01 0.000000000000000000e+00 1.619153785705566406e+01 -8.937631367008200822e-01 4.485392463037222166e-01 -0.000000000000000000e+00 -2.756648063659667969e+01 -0.000000000000000000e+00 0.000000000000000000e+00 1.000000000000000000e+00 0.000000000000000000e+00
4.447915246869172945e-01 8.956341326494247079e-01 0.000000000000000000e+00 1.781505012512207031e+01 -8.956341326494247079e-01 4.447915246869172945e-01 -0.000000000000000000e+00 -3.047317886352539062e+01 -0.000000000000000000e+00 0.000000000000000000e+00 1.000000000000000000e+00 0.000000000000000000e+00
4.410359783439261605e-01 8.974894237851586132e-01 0.000000000000000000e+00 1.932691001892089844e+01 -8.974894237851586132e-01 4.410359783439261605e-01 -0.000000000000000000e+00 -3.319130706787109375e+01 -0.000000000000000000e+00 0.000000000000000000e+00 1.000000000000000000e+00 0.000000000000000000e+00
4.383711417323533643e-01 8.987940487654960675e-01 0.000000000000000000e+00 2.088161659240722656e+01 -8.987940487654960675e-01 4.383711417323533643e-01 -0.000000000000000000e+00 -3.606956481933593750e+01 -0.000000000000000000e+00 0.000000000000000000e+00 1.000000000000000000e+00 0.000000000000000000e+00
4.322431204244310265e-01 9.017571096729710689e-01 0.000000000000000000e+00 2.240665817260742188e+01 -9.017571096729710689e-01 4.322431204244310265e-01 -0.000000000000000000e+00 -3.884115219116210938e+01 -0.000000000000000000e+00 0.000000000000000000e+00 1.000000000000000000e+00 0.000000000000000000e+00
4.276734009563742944e-01 9.039333283569139788e-01 0.000000000000000000e+00 2.387927436828613281e+01 -9.039333283569139788e-01 4.276734009563742944e-01 -0.000000000000000000e+00 -4.175950622558593750e+01 -0.000000000000000000e+00 0.000000000000000000e+00 1.000000000000000000e+00 0.000000000000000000e+00
4.257792813810931110e-01 9.048270572582365334e-01 0.000000000000000000e+00 2.535584068298339844e+01 -9.048270572582365334e-01 4.257792813810931110e-01 -0.000000000000000000e+00 -4.443110656738281250e+01 -0.000000000000000000e+00 0.000000000000000000e+00 1.000000000000000000e+00 0.000000000000000000e+00
4.202440960572101369e-01 9.074110974244576910e-01 0.000000000000000000e+00 2.678681373596191406e+01 -9.074110974244576910e-01 4.202440960572101369e-01 -0.000000000000000000e+00 -4.736830520629882812e+01 -0.000000000000000000e+00 0.000000000000000000e+00 1.000000000000000000e+00 0.000000000000000000e+00
4.154871456764444027e-01 9.095990500092010489e-01 0.000000000000000000e+00 2.825128746032714844e+01 -9.095990500092010489e-01 4.154871456764444027e-01 -0.000000000000000000e+00 -5.028737258911132812e+01 -0.000000000000000000e+00 0.000000000000000000e+00 1.000000000000000000e+00 0.000000000000000000e+00
4.129454792501564553e-01 9.107557472598558634e-01 0.000000000000000000e+00 2.969581140953771481e+01 -9.107557472598558634e-01 4.129454792501564553e-01 -0.000000000000000000e+00 -5.315649142923939507e+01 -0.000000000000000000e+00 0.000000000000000000e+00 1.000000000000000000e+00 0.000000000000000000e+00
4.041839364225301434e-01 9.146777276931959966e-01 0.000000000000000000e+00 3.087219429016113281e+01 -9.146777276931959966e-01 4.041839364225301434e-01 -0.000000000000000000e+00 -5.615301513671875000e+01 -0.000000000000000000e+00 0.000000000000000000e+00 1.000000000000000000e+00 0.000000000000000000e+00
3.987490749837883097e-01 9.170600717507947364e-01 0.000000000000000000e+00 3.219602966308593750e+01 -9.170600717507947364e-01 3.987490749837883097e-01 -0.000000000000000000e+00 -5.889340972900390625e+01 -0.000000000000000000e+00 0.000000000000000000e+00 1.000000000000000000e+00 0.000000000000000000e+00
3.955455025629647237e-01 9.184463813430873147e-01 0.000000000000000000e+00 3.361195482269182833e+01 -9.184463813430873147e-01 3.955455025629647237e-01 -0.000000000000000000e+00 -6.177326460654239781e+01 -0.000000000000000000e+00 0.000000000000000000e+00 1.000000000000000000e+00 0.000000000000000000e+00
3.894454680887059483e-01 9.210495249361833059e-01 0.000000000000000000e+00 3.490293502807617188e+01 -9.210495249361833059e-01 3.894454680887059483e-01 -0.000000000000000000e+00 -6.470935821533203125e+01 -0.000000000000000000e+00 0.000000000000000000e+00 1.000000000000000000e+00 0.000000000000000000e+00
3.831671005403354258e-01 9.236790422346455864e-01 0.000000000000000000e+00 3.618616867065429688e+01 -9.236790422346455864e-01 3.831671005403354258e-01 -0.000000000000000000e+00 -6.764679718017578125e+01 -0.000000000000000000e+00 0.000000000000000000e+00 1.000000000000000000e+00 0.000000000000000000e+00
3.776791906820037292e-01 9.259365145223437121e-01 0.000000000000000000e+00 3.750345993041992188e+01 -9.259365145223437121e-01 3.776791906820037292e-01 -0.000000000000000000e+00 -7.056714630126953125e+01 -0.000000000000000000e+00 0.000000000000000000e+00 1.000000000000000000e+00 0.000000000000000000e+00
3.736354284304623796e-01 9.275756392993429467e-01 0.000000000000000000e+00 3.876353454589843750e+01 -9.275756392993429467e-01 3.736354284304623796e-01 -0.000000000000000000e+00 -7.364173126220703125e+01 -0.000000000000000000e+00 0.000000000000000000e+00 1.000000000000000000e+00 0.000000000000000000e+00
3.708816457244497045e-01 9.286801413106255954e-01 0.000000000000000000e+00 4.019876861572265625e+01 -9.286801413106255954e-01 3.708816457244497045e-01 -0.000000000000000000e+00 -7.650880432128906250e+01 -0.000000000000000000e+00 0.000000000000000000e+00 1.000000000000000000e+00 0.000000000000000000e+00
3.679622704687802726e-01 9.298407215816374416e-01 0.000000000000000000e+00 4.151554882555463166e+01 -9.298407215816374416e-01 3.679622704687802726e-01 -0.000000000000000000e+00 -7.919060577513164390e+01 -0.000000000000000000e+00 0.000000000000000000e+00 1.000000000000000000e+00 0.000000000000000000e+00
3.637390043776349557e-01 9.315009053642228087e-01 0.000000000000000000e+00 4.288732910156250000e+01 -9.315009053642228087e-01 3.637390043776349557e-01 -0.000000000000000000e+00 -8.208351898193359375e+01 -0.000000000000000000e+00 0.000000000000000000e+00 1.000000000000000000e+00 0.000000000000000000e+00
3.606774042846186967e-01 9.326906293292056560e-01 0.000000000000000000e+00 4.232984924316406250e+01 -9.326906293292056560e-01 3.606774042846186967e-01 -0.000000000000000000e+00 -8.562121582031250000e+01 -0.000000000000000000e+00 0.000000000000000000e+00 1.000000000000000000e+00 0.000000000000000000e+00
3.556188765065487756e-01 9.346310580502982246e-01 0.000000000000000000e+00 4.346332931518554688e+01 -9.346310580502982246e-01 3.556188765065487756e-01 -0.000000000000000000e+00 -8.862831878662109375e+01 -0.000000000000000000e+00 0.000000000000000000e+00 1.000000000000000000e+00 0.000000000000000000e+00
3.474854170387509100e-01 9.376853869744401493e-01 0.000000000000000000e+00 4.518943786621093750e+01 -9.376853869744401493e-01 3.474854170387509100e-01 -0.000000000000000000e+00 -9.133866119384765625e+01 -0.000000000000000000e+00 0.000000000000000000e+00 1.000000000000000000e+00 0.000000000000000000e+00
3.414651651368796337e-01 9.398944307729690806e-01 0.000000000000000000e+00 4.635926818847656250e+01 -9.398944307729690806e-01 3.414651651368796337e-01 -0.000000000000000000e+00 -9.433187103271484375e+01 -0.000000000000000000e+00 0.000000000000000000e+00 1.000000000000000000e+00 0.000000000000000000e+00
3.374488047582183681e-01 9.413438819938492186e-01 0.000000000000000000e+00 4.719776916503906250e+01 -9.413438819938492186e-01 3.374488047582183681e-01 -0.000000000000000000e+00 -9.668669891357421875e+01 -0.000000000000000000e+00 0.000000000000000000e+00 1.000000000000000000e+00 0.000000000000000000e+00
3.311729584215165056e-01 9.435700671441100695e-01 0.000000000000000000e+00 4.833343124389648438e+01 -9.435700671441100695e-01 3.311729584215165056e-01 -0.000000000000000000e+00 -9.963554382324218750e+01 -0.000000000000000000e+00 0.000000000000000000e+00 1.000000000000000000e+00 0.000000000000000000e+00
3.251834671196062176e-01 9.456509465506139911e-01 0.000000000000000000e+00 4.944611740112304688e+01 -9.456509465506139911e-01 3.251834671196062176e-01 -0.000000000000000000e+00 -1.026285247802734375e+02 -0.000000000000000000e+00 0.000000000000000000e+00 1.000000000000000000e+00 0.000000000000000000e+00
3.193914110371792736e-01 9.476228820346623838e-01 0.000000000000000000e+00 5.049071502685546875e+01 -9.476228820346623838e-01 3.193914110371792736e-01 -0.000000000000000000e+00 -1.055677947998046875e+02 -0.000000000000000000e+00 0.000000000000000000e+00 1.000000000000000000e+00 0.000000000000000000e+00
3.138586105160128259e-01 9.494697323269224443e-01 0.000000000000000000e+00 5.149850845336914062e+01 -9.494697323269224443e-01 3.138586105160128259e-01 -0.000000000000000000e+00 -1.086082992553710938e+02 -0.000000000000000000e+00 0.000000000000000000e+00 1.000000000000000000e+00 0.000000000000000000e+00
3.083650688177840271e-01 9.512680927756399507e-01 0.000000000000000000e+00 5.247473526000976562e+01 -9.512680927756399507e-01 3.083650688177840271e-01 -0.000000000000000000e+00 -1.116313858032226562e+02 -0.000000000000000000e+00 0.000000000000000000e+00 1.000000000000000000e+00 0.000000000000000000e+00
3.029609202185630235e-01 9.530029804886875899e-01 0.000000000000000000e+00 5.334203720092773438e+01 -9.530029804886875899e-01 3.029609202185630235e-01 -0.000000000000000000e+00 -1.146201171875000000e+02 -0.000000000000000000e+00 0.000000000000000000e+00 1.000000000000000000e+00 0.000000000000000000e+00
2.971955477265505463e-01 9.548166349679479969e-01 0.000000000000000000e+00 5.429261016845703125e+01 -9.548166349679479969e-01 2.971955477265505463e-01 -0.000000000000000000e+00 -1.175986633300781250e+02 -0.000000000000000000e+00 0.000000000000000000e+00 1.000000000000000000e+00 0.000000000000000000e+00
2.915571913574036556e-01 9.565533984926207767e-01 0.000000000000000000e+00 5.522547531127929688e+01 -9.565533984926207767e-01 2.915571913574036556e-01 -0.000000000000000000e+00 -1.205311813354492188e+02 -0.000000000000000000e+00 0.000000000000000000e+00 1.000000000000000000e+00 0.000000000000000000e+00
2.859273757638560731e-01 9.582512905228954825e-01 0.000000000000000000e+00 5.613949584960937500e+01 -9.582512905228954825e-01 2.859273757638560731e-01 -0.000000000000000000e+00 -1.235679092407226562e+02 -0.000000000000000000e+00 0.000000000000000000e+00 1.000000000000000000e+00 0.000000000000000000e+00
2.808310527875104157e-01 9.597572191915301199e-01 0.000000000000000000e+00 5.699723434448242188e+01 -9.597572191915301199e-01 2.808310527875104157e-01 -0.000000000000000000e+00 -1.265526046752929688e+02 -0.000000000000000000e+00 0.000000000000000000e+00 1.000000000000000000e+00 0.000000000000000000e+00
2.750540872864208897e-01 9.614287540255045394e-01 0.000000000000000000e+00 5.789414215087890625e+01 -9.614287540255045394e-01 2.750540872864208897e-01 -0.000000000000000000e+00 -1.295500183105468750e+02 -0.000000000000000000e+00 0.000000000000000000e+00 1.000000000000000000e+00 0.000000000000000000e+00
2.689196823496097233e-01 9.631626054021121819e-01 0.000000000000000000e+00 5.882989501953125000e+01 -9.631626054021121819e-01 2.689196823496097233e-01 -0.000000000000000000e+00 -1.325693054199218750e+02 -0.000000000000000000e+00 0.000000000000000000e+00 1.000000000000000000e+00 0.000000000000000000e+00
2.631968803484826536e-01 9.647421428417162215e-01 0.000000000000000000e+00 5.967939758300781250e+01 -9.647421428417162215e-01 2.631968803484826536e-01 -0.000000000000000000e+00 -1.356363830566406250e+02 -0.000000000000000000e+00 0.000000000000000000e+00 1.000000000000000000e+00 0.000000000000000000e+00
2.577197422954340400e-01 9.662197133318978226e-01 0.000000000000000000e+00 6.048388671875000000e+01 -9.662197133318978226e-01 2.577197422954340400e-01 -0.000000000000000000e+00 -1.386136016845703125e+02 -0.000000000000000000e+00 0.000000000000000000e+00 1.000000000000000000e+00 0.000000000000000000e+00
2.525964484225473594e-01 9.675717204653695447e-01 0.000000000000000000e+00 6.125624465942382812e+01 -9.675717204653695447e-01 2.525964484225473594e-01 -0.000000000000000000e+00 -1.416524963378906250e+02 -0.000000000000000000e+00 0.000000000000000000e+00 1.000000000000000000e+00 0.000000000000000000e+00
2.467793726953528832e-01 9.690716904399221399e-01 0.000000000000000000e+00 6.203818511962890625e+01 -9.690716904399221399e-01 2.467793726953528832e-01 -0.000000000000000000e+00 -1.446109619140625000e+02 -0.000000000000000000e+00 0.000000000000000000e+00 1.000000000000000000e+00 0.000000000000000000e+00
2.409214226825150407e-01 9.705446244725860483e-01 0.000000000000000000e+00 6.283441543579101562e+01 -9.705446244725860483e-01 2.409214226825150407e-01 -0.000000000000000000e+00 -1.476630859375000000e+02 -0.000000000000000000e+00 0.000000000000000000e+00 1.000000000000000000e+00 0.000000000000000000e+00
2.348068850788124218e-01 9.720420395844954209e-01 0.000000000000000000e+00 6.357882690429687500e+01 -9.720420395844954209e-01 2.348068850788124218e-01 -0.000000000000000000e+00 -1.506172790527343750e+02 -0.000000000000000000e+00 0.000000000000000000e+00 1.000000000000000000e+00 0.000000000000000000e+00
2.288233998619231269e-01 9.734679510264476754e-01 0.000000000000000000e+00 6.431817626953125000e+01 -9.734679510264476754e-01 2.288233998619231269e-01 -0.000000000000000000e+00 -1.536400299072265625e+02 -0.000000000000000000e+00 0.000000000000000000e+00 1.000000000000000000e+00 0.000000000000000000e+00
2.243374750595852340e-01 9.745115172659017944e-01 0.000000000000000000e+00 6.487673187255859375e+01 -9.745115172659017944e-01 2.243374750595852340e-01 -0.000000000000000000e+00 -1.560735015869140625e+02 -0.000000000000000000e+00 0.000000000000000000e+00 1.000000000000000000e+00 0.000000000000000000e+00
2.184342934815851622e-01 9.758516585174205060e-01 0.000000000000000000e+00 6.540759277343750000e+01 -9.758516585174205060e-01 2.184342934815851622e-01 -0.000000000000000000e+00 -1.578498077392578125e+02 -0.000000000000000000e+00 0.000000000000000000e+00 1.000000000000000000e+00 0.000000000000000000e+00
2.126587283731721234e-01 9.771265349209922180e-01 0.000000000000000000e+00 6.620819854736328125e+01 -9.771265349209922180e-01 2.126587283731721234e-01 -0.000000000000000000e+00 -1.614546508789062500e+02 -0.000000000000000000e+00 0.000000000000000000e+00 1.000000000000000000e+00 0.000000000000000000e+00
2.061440838615541393e-01 9.785216485540217946e-01 0.000000000000000000e+00 6.696587371826171875e+01 -9.785216485540217946e-01 2.061440838615541393e-01 -0.000000000000000000e+00 -1.650623779296875000e+02 -0.000000000000000000e+00 0.000000000000000000e+00 1.000000000000000000e+00 0.000000000000000000e+00
2.002854682169162848e-01 9.797375828358992900e-01 0.000000000000000000e+00 6.760089111328125000e+01 -9.797375828358992900e-01 2.002854682169162848e-01 -0.000000000000000000e+00 -1.682267303466796875e+02 -0.000000000000000000e+00 0.000000000000000000e+00 1.000000000000000000e+00 0.000000000000000000e+00
1.947162109120021967e-01 9.808596215606353308e-01 0.000000000000000000e+00 6.825004577636718750e+01 -9.808596215606353308e-01 1.947162109120021967e-01 -0.000000000000000000e+00 -1.713221893310546875e+02 -0.000000000000000000e+00 0.000000000000000000e+00 1.000000000000000000e+00 0.000000000000000000e+00
1.890575475920355242e-01 9.819660094415108009e-01 0.000000000000000000e+00 6.884019470214843750e+01 -9.819660094415108009e-01 1.890575475920355242e-01 -0.000000000000000000e+00 -1.742744903564453125e+02 -0.000000000000000000e+00 0.000000000000000000e+00 1.000000000000000000e+00 0.000000000000000000e+00
1.838018378909208606e-01 9.829633179259130715e-01 0.000000000000000000e+00 6.936842346191406250e+01 -9.829633179259130715e-01 1.838018378909208606e-01 -0.000000000000000000e+00 -1.772545013427734375e+02 -0.000000000000000000e+00 0.000000000000000000e+00 1.000000000000000000e+00 0.000000000000000000e+00
1.781242879244815391e-01 9.840079969448402020e-01 0.000000000000000000e+00 6.993115234375000000e+01 -9.840079969448402020e-01 1.781242879244815391e-01 -0.000000000000000000e+00 -1.802601013183593750e+02 -0.000000000000000000e+00 0.000000000000000000e+00 1.000000000000000000e+00 0.000000000000000000e+00
1.781242879244815391e-01 9.840079969448402020e-01 0.000000000000000000e+00 6.993115234375000000e+01 -9.840079969448402020e-01 1.781242879244815391e-01 -0.000000000000000000e+00 -1.802601013183593750e+02 -0.000000000000000000e+00 0.000000000000000000e+00 1.000000000000000000e+00 0.000000000000000000e+00
1.754672277296400740e-01 9.844852726134986076e-01 0.000000000000000000e+00 6.998585510253906250e+01 -9.844852726134986076e-01 1.754672277296400740e-01 -0.000000000000000000e+00 -1.802236480712890625e+02 -0.000000000000000000e+00 0.000000000000000000e+00 1.000000000000000000e+00 0.000000000000000000e+00
1.794280065580200478e-01 9.837711067431363920e-01 0.000000000000000000e+00 6.953611755371093750e+01 -9.837711067431363920e-01 1.794280065580200478e-01 -0.000000000000000000e+00 -1.781206054687500000e+02 -0.000000000000000000e+00 0.000000000000000000e+00 1.000000000000000000e+00 0.000000000000000000e+00
1.730254190806924663e-01 9.849173591484469137e-01 0.000000000000000000e+00 7.020214080810546875e+01 -9.849173591484469137e-01 1.730254190806924663e-01 -0.000000000000000000e+00 -1.814924316406250000e+02 -0.000000000000000000e+00 0.000000000000000000e+00 1.000000000000000000e+00 0.000000000000000000e+00
1.648805653571140395e-01 9.863135399899561895e-01 0.000000000000000000e+00 7.129764556884765625e+01 -9.863135399899561895e-01 1.648805653571140395e-01 -0.000000000000000000e+00 -1.879305877685546875e+02 -0.000000000000000000e+00 0.000000000000000000e+00 1.000000000000000000e+00 0.000000000000000000e+00
1.648805653571140395e-01 9.863135399899561895e-01 0.000000000000000000e+00 7.129764556884765625e+01 -9.863135399899561895e-01 1.648805653571140395e-01 -0.000000000000000000e+00 -1.879305877685546875e+02 -0.000000000000000000e+00 0.000000000000000000e+00 1.000000000000000000e+00 0.000000000000000000e+00
1.664937921283085043e-01 9.860425027262951225e-01 0.000000000000000000e+00 7.079855346679687500e+01 -9.860425027262951225e-01 1.664937921283085043e-01 -0.000000000000000000e+00 -1.858281555175781250e+02 -0.000000000000000000e+00 0.000000000000000000e+00 1.000000000000000000e+00 0.000000000000000000e+00
1.657047711618045982e-01 9.861754046893553838e-01 0.000000000000000000e+00 7.134531402587890625e+01 -9.861754046893553838e-01 1.657047711618045982e-01 -0.000000000000000000e+00 -1.887696533203125000e+02 -0.000000000000000000e+00 0.000000000000000000e+00 1.000000000000000000e+00 0.000000000000000000e+00
1.638644671446940482e-01 9.864828616896422764e-01 0.000000000000000000e+00 7.168912506103515625e+01 -9.864828616896422764e-01 1.638644671446940482e-01 -0.000000000000000000e+00 -1.916046905517578125e+02 -0.000000000000000000e+00 0.000000000000000000e+00 1.000000000000000000e+00 0.000000000000000000e+00
1.622093297309835647e-01 9.867563698037247200e-01 0.000000000000000000e+00 7.207916259765625000e+01 -9.867563698037247200e-01 1.622093297309835647e-01 -0.000000000000000000e+00 -1.945601501464843750e+02 -0.000000000000000000e+00 0.000000000000000000e+00 1.000000000000000000e+00 0.000000000000000000e+00
1.607610657834519508e-01 9.869933534366727157e-01 0.000000000000000000e+00 7.213976287841796875e+01 -9.869933534366727157e-01 1.607610657834519508e-01 -0.000000000000000000e+00 -1.946068267822265625e+02 -0.000000000000000000e+00 0.000000000000000000e+00 1.000000000000000000e+00 0.000000000000000000e+00
1.611333575538846929e-01 9.869326426273538067e-01 0.000000000000000000e+00 7.259790039062500000e+01 -9.869326426273538067e-01 1.611333575538846929e-01 -0.000000000000000000e+00 -1.982527770996093750e+02 -0.000000000000000000e+00 0.000000000000000000e+00 1.000000000000000000e+00 0.000000000000000000e+00
1.580716446123523466e-01 9.874276455363938387e-01 0.000000000000000000e+00 7.309511566162109375e+01 -9.874276455363938387e-01 1.580716446123523466e-01 -0.000000000000000000e+00 -2.019137420654296875e+02 -0.000000000000000000e+00 0.000000000000000000e+00 1.000000000000000000e+00 0.000000000000000000e+00
1.552455436145767642e-01 9.878759138615611501e-01 0.000000000000000000e+00 7.351739501953125000e+01 -9.878759138615611501e-01 1.552455436145767642e-01 -0.000000000000000000e+00 -2.055885467529296875e+02 -0.000000000000000000e+00 0.000000000000000000e+00 1.000000000000000000e+00 0.000000000000000000e+00
1.511429125160583808e-01 9.885119220303631993e-01 0.000000000000000000e+00 7.401097106933593750e+01 -9.885119220303631993e-01 1.511429125160583808e-01 -0.000000000000000000e+00 -2.090627746582031250e+02 -0.000000000000000000e+00 0.000000000000000000e+00 1.000000000000000000e+00 0.000000000000000000e+00
1.489830765540218760e-01 9.888397458134955409e-01 0.000000000000000000e+00 7.443467712402343750e+01 -9.888397458134955409e-01 1.489830765540218760e-01 -0.000000000000000000e+00 -2.120228271484375000e+02 -0.000000000000000000e+00 0.000000000000000000e+00 1.000000000000000000e+00 0.000000000000000000e+00
1.463707833854945850e-01 9.892297982628283082e-01 0.000000000000000000e+00 7.481974792480468750e+01 -9.892297982628283082e-01 1.463707833854945850e-01 -0.000000000000000000e+00 -2.149926605224609375e+02 -0.000000000000000000e+00 0.000000000000000000e+00 1.000000000000000000e+00 0.000000000000000000e+00
1.442445040783122412e-01 9.895420774495654603e-01 0.000000000000000000e+00 7.517430877685546875e+01 -9.895420774495654603e-01 1.442445040783122412e-01 -0.000000000000000000e+00 -2.180074768066406250e+02 -0.000000000000000000e+00 0.000000000000000000e+00 1.000000000000000000e+00 0.000000000000000000e+00
1.407603714771112902e-01 9.900436949052429103e-01 0.000000000000000000e+00 7.558000183105468750e+01 -9.900436949052429103e-01 1.407603714771112902e-01 -0.000000000000000000e+00 -2.210288848876953125e+02 -0.000000000000000000e+00 0.000000000000000000e+00 1.000000000000000000e+00 0.000000000000000000e+00
1.377747367000157208e-01 9.904635894000551888e-01 0.000000000000000000e+00 7.596200561523437500e+01 -9.904635894000551888e-01 1.377747367000157208e-01 -0.000000000000000000e+00 -2.240961151123046875e+02 -0.000000000000000000e+00 0.000000000000000000e+00 1.000000000000000000e+00 0.000000000000000000e+00
1.347493159015797914e-01 9.908797211892349521e-01 0.000000000000000000e+00 7.632556152343750000e+01 -9.908797211892349521e-01 1.347493159015797914e-01 -0.000000000000000000e+00 -2.269653778076171875e+02 -0.000000000000000000e+00 0.000000000000000000e+00 1.000000000000000000e+00 0.000000000000000000e+00
1.310144308469222141e-01 9.913804612306301722e-01 0.000000000000000000e+00 7.690156555175781250e+01 -9.913804612306301722e-01 1.310144308469222141e-01 -0.000000000000000000e+00 -2.329042053222656250e+02 -0.000000000000000000e+00 0.000000000000000000e+00 1.000000000000000000e+00 0.000000000000000000e+00
1.310144308469222141e-01 9.913804612306301722e-01 0.000000000000000000e+00 7.690156555175781250e+01 -9.913804612306301722e-01 1.310144308469222141e-01 -0.000000000000000000e+00 -2.329042053222656250e+02 -0.000000000000000000e+00 0.000000000000000000e+00 1.000000000000000000e+00 0.000000000000000000e+00
1.283539761646073085e-01 9.917284188742074846e-01 0.000000000000000000e+00 7.720429229736328125e+01 -9.917284188742074846e-01 1.283539761646073085e-01 -0.000000000000000000e+00 -2.359439849853515625e+02 -0.000000000000000000e+00 0.000000000000000000e+00 1.000000000000000000e+00 0.000000000000000000e+00
1.257650963930957433e-01 9.920600488525054272e-01 0.000000000000000000e+00 7.751242828369140625e+01 -9.920600488525054272e-01 1.257650963930957433e-01 -0.000000000000000000e+00 -2.389877929687500000e+02 -0.000000000000000000e+00 0.000000000000000000e+00 1.000000000000000000e+00 0.000000000000000000e+00
1.238264663934587340e-01 9.923038880406090945e-01 0.000000000000000000e+00 7.775161743164062500e+01 -9.923038880406090945e-01 1.238264663934587340e-01 -0.000000000000000000e+00 -2.419719238281250000e+02 -0.000000000000000000e+00 0.000000000000000000e+00 1.000000000000000000e+00 0.000000000000000000e+00
1.210618015070979991e-01 9.926449718886688478e-01 0.000000000000000000e+00 7.805126953125000000e+01 -9.926449718886688478e-01 1.210618015070979991e-01 -0.000000000000000000e+00 -2.449256896972656250e+02 -0.000000000000000000e+00 0.000000000000000000e+00 1.000000000000000000e+00 0.000000000000000000e+00
1.210618015070979991e-01 9.926449718886688478e-01 0.000000000000000000e+00 7.805126953125000000e+01 -9.926449718886688478e-01 1.210618015070979991e-01 -0.000000000000000000e+00 -2.449256896972656250e+02 -0.000000000000000000e+00 0.000000000000000000e+00 1.000000000000000000e+00 0.000000000000000000e+00
1.159322601564009014e-01 9.932571223278633399e-01 0.000000000000000000e+00 7.863690185546875000e+01 -9.932571223278633399e-01 1.159322601564009014e-01 -0.000000000000000000e+00 -2.485569763183593750e+02 -0.000000000000000000e+00 0.000000000000000000e+00 1.000000000000000000e+00 0.000000000000000000e+00
1.117071659078502366e-01 9.937411680537523440e-01 0.000000000000000000e+00 7.912806701660156250e+01 -9.937411680537523440e-01 1.117071659078502366e-01 -0.000000000000000000e+00 -2.554129028320312500e+02 -0.000000000000000000e+00 0.000000000000000000e+00 1.000000000000000000e+00 0.000000000000000000e+00
1.117071659078502366e-01 9.937411680537523440e-01 0.000000000000000000e+00 7.912806701660156250e+01 -9.937411680537523440e-01 1.117071659078502366e-01 -0.000000000000000000e+00 -2.554129028320312500e+02 -0.000000000000000000e+00 0.000000000000000000e+00 1.000000000000000000e+00 0.000000000000000000e+00
1.072468809178133142e-01 9.942324207816802817e-01 0.000000000000000000e+00 7.961325836181640625e+01 -9.942324207816802817e-01 1.072468809178133142e-01 -0.000000000000000000e+00 -2.614863586425781250e+02 -0.000000000000000000e+00 0.000000000000000000e+00 1.000000000000000000e+00 0.000000000000000000e+00
1.072468809178133142e-01 9.942324207816802817e-01 0.000000000000000000e+00 7.961325836181640625e+01 -9.942324207816802817e-01 1.072468809178133142e-01 -0.000000000000000000e+00 -2.614863586425781250e+02 -0.000000000000000000e+00 0.000000000000000000e+00 1.000000000000000000e+00 0.000000000000000000e+00
1.050228088250491076e-01 9.944698133309513022e-01 0.000000000000000000e+00 7.982920074462890625e+01 -9.944698133309513022e-01 1.050228088250491076e-01 -0.000000000000000000e+00 -2.644799499511718750e+02 -0.000000000000000000e+00 0.000000000000000000e+00 1.000000000000000000e+00 0.000000000000000000e+00
1.021365059194639935e-01 9.947703926829365439e-01 0.000000000000000000e+00 8.010289001464843750e+01 -9.947703926829365439e-01 1.021365059194639935e-01 -0.000000000000000000e+00 -2.674100952148437500e+02 -0.000000000000000000e+00 0.000000000000000000e+00 1.000000000000000000e+00 0.000000000000000000e+00
9.669018087130420991e-02 9.953145276358996707e-01 0.000000000000000000e+00 8.058610534667968750e+01 -9.953145276358996707e-01 9.669018087130420991e-02 -0.000000000000000000e+00 -2.722247009277343750e+02 -0.000000000000000000e+00 0.000000000000000000e+00 1.000000000000000000e+00 0.000000000000000000e+00
9.669018087130420991e-02 9.953145276358996707e-01 0.000000000000000000e+00 8.058610534667968750e+01 -9.953145276358996707e-01 9.669018087130420991e-02 -0.000000000000000000e+00 -2.722247009277343750e+02 -0.000000000000000000e+00 0.000000000000000000e+00 1.000000000000000000e+00 0.000000000000000000e+00
9.493246493480633763e-02 9.954837151362155856e-01 0.000000000000000000e+00 8.076112365722656250e+01 -9.954837151362155856e-01 9.493246493480633763e-02 -0.000000000000000000e+00 -2.759157409667968750e+02 -0.000000000000000000e+00 0.000000000000000000e+00 1.000000000000000000e+00 0.000000000000000000e+00
9.190943303615062288e-02 9.957673704831732087e-01 0.000000000000000000e+00 8.099179077148437500e+01 -9.957673704831732087e-01 9.190943303615062288e-02 -0.000000000000000000e+00 -2.791167297363281250e+02 -0.000000000000000000e+00 0.000000000000000000e+00 1.000000000000000000e+00 0.000000000000000000e+00
8.914158971218788530e-02 9.960189641686467699e-01 0.000000000000000000e+00 8.121798706054687500e+01 -9.960189641686467699e-01 8.914158971218788530e-02 -0.000000000000000000e+00 -2.820812988281250000e+02 -0.000000000000000000e+00 0.000000000000000000e+00 1.000000000000000000e+00 0.000000000000000000e+00
8.671281400537333983e-02 9.962333501179676531e-01 0.000000000000000000e+00 8.137354278564453125e+01 -9.962333501179676531e-01 8.671281400537333983e-02 -0.000000000000000000e+00 -2.850537109375000000e+02 -0.000000000000000000e+00 0.000000000000000000e+00 1.000000000000000000e+00 0.000000000000000000e+00
8.352655890710725117e-02 9.965055513930352049e-01 0.000000000000000000e+00 8.162173461914062500e+01 -9.965055513930352049e-01 8.352655890710725117e-02 -0.000000000000000000e+00 -2.880549926757812500e+02 -0.000000000000000000e+00 0.000000000000000000e+00 1.000000000000000000e+00 0.000000000000000000e+00
8.137328801933862987e-02 9.966836950592307121e-01 0.000000000000000000e+00 8.177472686767578125e+01 -9.966836950592307121e-01 8.137328801933862987e-02 -0.000000000000000000e+00 -2.910761413574218750e+02 -0.000000000000000000e+00 0.000000000000000000e+00 1.000000000000000000e+00 0.000000000000000000e+00
7.890147794334034792e-02 9.968824187326990049e-01 0.000000000000000000e+00 8.193734741210937500e+01 -9.968824187326990049e-01 7.890147794334034792e-02 -0.000000000000000000e+00 -2.940586853027343750e+02 -0.000000000000000000e+00 0.000000000000000000e+00 1.000000000000000000e+00 0.000000000000000000e+00
7.890147794334034792e-02 9.968824187326990049e-01 0.000000000000000000e+00 8.193734741210937500e+01 -9.968824187326990049e-01 7.890147794334034792e-02 -0.000000000000000000e+00 -2.940586853027343750e+02 -0.000000000000000000e+00 0.000000000000000000e+00 1.000000000000000000e+00 0.000000000000000000e+00
7.585442652744134318e-02 9.971189026270605993e-01 0.000000000000000000e+00 8.229814910888671875e+01 -9.971189026270605993e-01 7.585442652744134318e-02 -0.000000000000000000e+00 -2.977014770507812500e+02 -0.000000000000000000e+00 0.000000000000000000e+00 1.000000000000000000e+00 0.000000000000000000e+00
7.315647099732480729e-02 9.973204754497010383e-01 0.000000000000000000e+00 8.242926788330078125e+01 -9.973204754497010383e-01 7.315647099732480729e-02 -0.000000000000000000e+00 -3.013817138671875000e+02 -0.000000000000000000e+00 0.000000000000000000e+00 1.000000000000000000e+00 0.000000000000000000e+00
7.052125241531570499e-02 9.975102771188752993e-01 0.000000000000000000e+00 8.254450988769531250e+01 -9.975102771188752993e-01 7.052125241531570499e-02 -0.000000000000000000e+00 -3.050674133300781250e+02 -0.000000000000000000e+00 0.000000000000000000e+00 1.000000000000000000e+00 0.000000000000000000e+00
6.908169987460155426e-02 9.976110057243934293e-01 0.000000000000000000e+00 8.262628936767578125e+01 -9.976110057243934293e-01 6.908169987460155426e-02 -0.000000000000000000e+00 -3.081222534179687500e+02 -0.000000000000000000e+00 0.000000000000000000e+00 1.000000000000000000e+00 0.000000000000000000e+00
6.489457719431290794e-02 9.978921253576318318e-01 0.000000000000000000e+00 8.284304809570312500e+01 -9.978921253576318318e-01 6.489457719431290794e-02 -0.000000000000000000e+00 -3.134440307617187500e+02 -0.000000000000000000e+00 0.000000000000000000e+00 1.000000000000000000e+00 0.000000000000000000e+00
6.489457719431290794e-02 9.978921253576318318e-01 0.000000000000000000e+00 8.284304809570312500e+01 -9.978921253576318318e-01 6.489457719431290794e-02 -0.000000000000000000e+00 -3.134440307617187500e+02 -0.000000000000000000e+00 0.000000000000000000e+00 1.000000000000000000e+00 0.000000000000000000e+00
6.250076123757186686e-02 9.980449162461199064e-01 0.000000000000000000e+00 8.297852325439453125e+01 -9.980449162461199064e-01 6.250076123757186686e-02 -0.000000000000000000e+00 -3.164058532714843750e+02 -0.000000000000000000e+00 0.000000000000000000e+00 1.000000000000000000e+00 0.000000000000000000e+00
6.075939472631175509e-02 9.981524412395592627e-01 0.000000000000000000e+00 8.305120849609375000e+01 -9.981524412395592627e-01 6.075939472631175509e-02 -0.000000000000000000e+00 -3.193477172851562500e+02 -0.000000000000000000e+00 0.000000000000000000e+00 1.000000000000000000e+00 0.000000000000000000e+00
5.900915790048932852e-02 9.982574413866771579e-01 0.000000000000000000e+00 8.311359405517578125e+01 -9.982574413866771579e-01 5.900915790048932852e-02 -0.000000000000000000e+00 -3.223717956542968750e+02 -0.000000000000000000e+00 0.000000000000000000e+00 1.000000000000000000e+00 0.000000000000000000e+00
5.677989935002480948e-02 9.983867201790102008e-01 0.000000000000000000e+00 8.317868804931640625e+01 -9.983867201790102008e-01 5.677989935002480948e-02 -0.000000000000000000e+00 -3.252543029785156250e+02 -0.000000000000000000e+00 0.000000000000000000e+00 1.000000000000000000e+00 0.000000000000000000e+00
5.417305907695713074e-02 9.985315616795720217e-01 0.000000000000000000e+00 8.331058502197265625e+01 -9.985315616795720217e-01 5.417305907695713074e-02 -0.000000000000000000e+00 -3.280803527832031250e+02 -0.000000000000000000e+00 0.000000000000000000e+00 1.000000000000000000e+00 0.000000000000000000e+00
5.218202784648096060e-02 9.986375899042798654e-01 0.000000000000000000e+00 8.336022186279296875e+01 -9.986375899042798654e-01 5.218202784648096060e-02 -0.000000000000000000e+00 -3.310988159179687500e+02 -0.000000000000000000e+00 0.000000000000000000e+00 1.000000000000000000e+00 0.000000000000000000e+00
4.904179383910955980e-02 9.987967272959210607e-01 0.000000000000000000e+00 8.358661651611328125e+01 -9.987967272959210607e-01 4.904179383910955980e-02 -0.000000000000000000e+00 -3.327334899902343750e+02 -0.000000000000000000e+00 0.000000000000000000e+00 1.000000000000000000e+00 0.000000000000000000e+00
4.904179383910955980e-02 9.987967272959210607e-01 0.000000000000000000e+00 8.358661651611328125e+01 -9.987967272959210607e-01 4.904179383910955980e-02 -0.000000000000000000e+00 -3.327334899902343750e+02 -0.000000000000000000e+00 0.000000000000000000e+00 1.000000000000000000e+00 0.000000000000000000e+00
4.563996261430713908e-02 9.989579539763242533e-01 0.000000000000000000e+00 8.388510894775390625e+01 -9.989579539763242533e-01 4.563996261430713908e-02 -0.000000000000000000e+00 -3.364037475585937500e+02 -0.000000000000000000e+00 0.000000000000000000e+00 1.000000000000000000e+00 0.000000000000000000e+00
4.215060760042477206e-02 9.991112682173666215e-01 0.000000000000000000e+00 8.396403503417968750e+01 -9.991112682173666215e-01 4.215060760042477206e-02 -0.000000000000000000e+00 -3.400744934082031250e+02 -0.000000000000000000e+00 0.000000000000000000e+00 1.000000000000000000e+00 0.000000000000000000e+00
3.819797306866423714e-02 9.992701911162191752e-01 0.000000000000000000e+00 8.406859588623046875e+01 -9.992701911162191752e-01 3.819797306866423714e-02 -0.000000000000000000e+00 -3.437354736328125000e+02 -0.000000000000000000e+00 0.000000000000000000e+00 1.000000000000000000e+00 0.000000000000000000e+00
3.441145663565159385e-02 9.994077504463395600e-01 0.000000000000000000e+00 8.417843627929687500e+01 -9.994077504463395600e-01 3.441145663565159385e-02 -0.000000000000000000e+00 -3.473742675781250000e+02 -0.000000000000000000e+00 0.000000000000000000e+00 1.000000000000000000e+00 0.000000000000000000e+00
3.303003885078414914e-02 9.994543594049282165e-01 0.000000000000000000e+00 8.404889678955078125e+01 -9.994543594049282165e-01 3.303003885078414914e-02 -0.000000000000000000e+00 -3.509942626953125000e+02 -0.000000000000000000e+00 0.000000000000000000e+00 1.000000000000000000e+00 0.000000000000000000e+00
3.253984197740888984e-02 9.994704391246821418e-01 0.000000000000000000e+00 8.386627197265625000e+01 -9.994704391246821418e-01 3.253984197740888984e-02 -0.000000000000000000e+00 -3.545955200195312500e+02 -0.000000000000000000e+00 0.000000000000000000e+00 1.000000000000000000e+00 0.000000000000000000e+00
3.062549242034395824e-02 9.995309295934827754e-01 0.000000000000000000e+00 8.386244201660156250e+01 -9.995309295934827754e-01 3.062549242034395824e-02 -0.000000000000000000e+00 -3.574871826171875000e+02 -0.000000000000000000e+00 0.000000000000000000e+00 1.000000000000000000e+00 0.000000000000000000e+00
2.868200973986667623e-02 9.995885865281187721e-01 0.000000000000000000e+00 8.387692260742187500e+01 -9.995885865281187721e-01 2.868200973986667623e-02 -0.000000000000000000e+00 -3.603516845703125000e+02 -0.000000000000000000e+00 0.000000000000000000e+00 1.000000000000000000e+00 0.000000000000000000e+00
