9.929861583736463437e-01 1.182306613292331415e-01 0.000000000000000000e+00 0.000000000000000000e+00 -1.182306613292331415e-01 9.929861583736463437e-01 -0.000000000000000000e+00 0.000000000000000000e+00 -0.000000000000000000e+00 0.000000000000000000e+00 1.000000000000000000e+00 0.000000000000000000e+00
9.929861580373543495e-01 1.182306641536549907e-01 0.000000000000000000e+00 0.000000000000000000e+00 -1.182306641536549907e-01 9.929861580373543495e-01 -0.000000000000000000e+00 0.000000000000000000e+00 -0.000000000000000000e+00 0.000000000000000000e+00 1.000000000000000000e+00 0.000000000000000000e+00
9.928618028181874777e-01 1.192704510958964848e-01 0.000000000000000000e+00 2.991691589355468750e+00 -1.192704510958964848e-01 9.928618028181874777e-01 -0.000000000000000000e+00 -2.978186905384063721e-01 -0.000000000000000000e+00 0.000000000000000000e+00 1.000000000000000000e+00 0.000000000000000000e+00
9.927573413774571920e-01 1.201368433960328386e-01 0.000000000000000000e+00 5.984060287475585938e+00 -1.201368433960328386e-01 9.927573413774571920e-01 -0.000000000000000000e+00 -5.880535840988159180e-01 -0.000000000000000000e+00 0.000000000000000000e+00 1.000000000000000000e+00 0.000000000000000000e+00
9.927782942984720860e-01 1.199635710114378834e-01 0.000000000000000000e+00 8.976613998413085938e+00 -1.199635710114378834e-01 9.927782942984720860e-01 -0.000000000000000000e+00 -1.018161535263061523e+00 -0.000000000000000000e+00 0.000000000000000000e+00 1.000000000000000000e+00 0.000000000000000000e+00
9.927782942984720860e-01 1.199635710114378834e-01 0.000000000000000000e+00 1.197258472442626953e+01 -1.199635710114378834e-01 9.927782942984720860e-01 -0.000000000000000000e+00 -1.270503401756286621e+00 -0.000000000000000000e+00 0.000000000000000000e+00 1.000000000000000000e+00 0.000000000000000000e+00
9.925461519124016974e-01 1.218693411973812007e-01 0.000000000000000000e+00 1.507591915130615234e+01 -1.218693411973812007e-01 9.925461519124016974e-01 -0.000000000000000000e+00 -1.608767390251159668e+00 -0.000000000000000000e+00 0.000000000000000000e+00 1.000000000000000000e+00 0.000000000000000000e+00
9.923103501295382767e-01 1.237746703723875130e-01 0.000000000000000000e+00 1.805956649780273438e+01 -1.237746703723875130e-01 9.923103501295382767e-01 -0.000000000000000000e+00 -2.129779100418090820e+00 -0.000000000000000000e+00 0.000000000000000000e+00 1.000000000000000000e+00 0.000000000000000000e+00
9.919166036980211487e-01 1.268914942310272187e-01 0.000000000000000000e+00 2.104179954528808594e+01 -1.268914942310272187e-01 9.919166036980211487e-01 -0.000000000000000000e+00 -2.518442153930664062e+00 -0.000000000000000000e+00 0.000000000000000000e+00 1.000000000000000000e+00 0.000000000000000000e+00
9.922454066295061104e-01 1.242942195866168081e-01 0.000000000000000000e+00 2.404924964904785156e+01 -1.242942195866168081e-01 9.922454066295061104e-01 -0.000000000000000000e+00 -2.657174348831176758e+00 -0.000000000000000000e+00 0.000000000000000000e+00 1.000000000000000000e+00 0.000000000000000000e+00
9.921801899058582119e-01 1.248137442687109327e-01 0.000000000000000000e+00 2.704294967651367188e+01 -1.248137442687109327e-01 9.921801899058582119e-01 -0.000000000000000000e+00 -2.932229995727539062e+00 -0.000000000000000000e+00 0.000000000000000000e+00 1.000000000000000000e+00 0.000000000000000000e+00
9.922236972567596291e-01 1.244674037735427896e-01 0.000000000000000000e+00 2.992504882812500000e+01 -1.244674037735427896e-01 9.922236972567596291e-01 -0.000000000000000000e+00 -3.166836261749267578e+00 -0.000000000000000000e+00 0.000000000000000000e+00 1.000000000000000000e+00 0.000000000000000000e+00
9.893232660556411373e-01 1.457376932745919618e-01 0.000000000000000000e+00 3.281795883178710938e+01 -1.457376932745919618e-01 9.893232660556411373e-01 -0.000000000000000000e+00 -4.349740982055664062e+00 -0.000000000000000000e+00 0.000000000000000000e+00 1.000000000000000000e+00 0.000000000000000000e+00
9.907004064408919675e-01 1.360614003964807084e-01 0.000000000000000000e+00 3.574794199401105743e+01 -1.360614003964807084e-01 9.907004064408919675e-01 -0.000000000000000000e+00 -4.176090816789837845e+00 -0.000000000000000000e+00 0.000000000000000000e+00 1.000000000000000000e+00 0.000000000000000000e+00
9.902923438790923738e-01 1.390002649438245308e-01 0.000000000000000000e+00 3.861396789550781250e+01 -1.390002649438245308e-01 9.902923438790923738e-01 -0.000000000000000000e+00 -4.554423809051513672e+00 -0.000000000000000000e+00 0.000000000000000000e+00 1.000000000000000000e+00 0.000000000000000000e+00
9.902316000837546595e-01 1.394323427170573448e-01 0.000000000000000000e+00 4.143261337280273438e+01 -1.394323427170573448e-01 9.902316000837546595e-01 -0.000000000000000000e+00 -4.914460182189941406e+00 -0.000000000000000000e+00 0.000000000000000000e+00 1.000000000000000000e+00 0.000000000000000000e+00
9.901706668165716207e-01 1.398644006744597934e-01 0.000000000000000000e+00 4.425125503540039062e+01 -1.398644006744597934e-01 9.901706668165716207e-01 -0.000000000000000000e+00 -5.274494171142578125e+00 -0.000000000000000000e+00 0.000000000000000000e+00 1.000000000000000000e+00 0.000000000000000000e+00
9.896513864577468622e-01 1.434926244873211132e-01 0.000000000000000000e+00 4.722444152832031250e+01 -1.434926244873211132e-01 9.896513864577468622e-01 -0.000000000000000000e+00 -5.870918750762939453e+00 -0.000000000000000000e+00 0.000000000000000000e+00 1.000000000000000000e+00 0.000000000000000000e+00
9.904734471436399401e-01 1.377038507210132101e-01 0.000000000000000000e+00 5.019219207763671875e+01 -1.377038507210132101e-01 9.904734471436399401e-01 -0.000000000000000000e+00 -5.868655204772949219e+00 -0.000000000000000000e+00 0.000000000000000000e+00 1.000000000000000000e+00 0.000000000000000000e+00
9.912616460516365802e-01 1.319103827111424709e-01 0.000000000000000000e+00 5.315846633412343181e+01 -1.319103827111424709e-01 9.912616460516365802e-01 -0.000000000000000000e+00 -5.866222172977359151e+00 -0.000000000000000000e+00 0.000000000000000000e+00 1.000000000000000000e+00 0.000000000000000000e+00
9.900482336781215587e-01 1.407284441427233412e-01 0.000000000000000000e+00 5.610709762573242188e+01 -1.407284441427233412e-01 9.900482336781215587e-01 -0.000000000000000000e+00 -6.689681529998779297e+00 -0.000000000000000000e+00 0.000000000000000000e+00 1.000000000000000000e+00 0.000000000000000000e+00
9.899497462163929784e-01 1.414195883394485098e-01 0.000000000000000000e+00 5.921492767333984375e+01 -1.414195883394485098e-01 9.899497462163929784e-01 -0.000000000000000000e+00 -6.974813938140869141e+00 -0.000000000000000000e+00 0.000000000000000000e+00 1.000000000000000000e+00 0.000000000000000000e+00
9.898135373439331808e-01 1.423698047013138290e-01 0.000000000000000000e+00 6.225956726074218750e+01 -1.423698047013138290e-01 9.898135373439331808e-01 -0.000000000000000000e+00 -7.455335140228271484e+00 -0.000000000000000000e+00 0.000000000000000000e+00 1.000000000000000000e+00 0.000000000000000000e+00
9.893994378957325919e-01 1.452196690934405288e-01 0.000000000000000000e+00 6.529831695556640625e+01 -1.452196690934405288e-01 9.893994378957325919e-01 -0.000000000000000000e+00 -7.833642482757568359e+00 -0.000000000000000000e+00 0.000000000000000000e+00 1.000000000000000000e+00 0.000000000000000000e+00
9.887302667205287721e-01 1.497079145227533936e-01 0.000000000000000000e+00 6.838130187988281250e+01 -1.497079145227533936e-01 9.887302667205287721e-01 -0.000000000000000000e+00 -8.470292091369628906e+00 -0.000000000000000000e+00 0.000000000000000000e+00 1.000000000000000000e+00 0.000000000000000000e+00
9.880944998464433748e-01 1.538481698727899583e-01 0.000000000000000000e+00 7.135411618653756705e+01 -1.538481698727899583e-01 9.880944998464433748e-01 -0.000000000000000000e+00 -8.903812990247843118e+00 -0.000000000000000000e+00 0.000000000000000000e+00 1.000000000000000000e+00 0.000000000000000000e+00
9.877156272023779326e-01 1.562620868291896559e-01 0.000000000000000000e+00 7.445161437988281250e+01 -1.562620868291896559e-01 9.877156272023779326e-01 -0.000000000000000000e+00 -9.264356613159179688e+00 -0.000000000000000000e+00 0.000000000000000000e+00 1.000000000000000000e+00 0.000000000000000000e+00
9.868839060442481381e-01 1.614315830029784959e-01 0.000000000000000000e+00 7.752826690673828125e+01 -1.614315830029784959e-01 9.868839060442481381e-01 -0.000000000000000000e+00 -9.930881500244140625e+00 -0.000000000000000000e+00 0.000000000000000000e+00 1.000000000000000000e+00 0.000000000000000000e+00
9.860832205689448182e-01 1.662524649813585109e-01 0.000000000000000000e+00 8.061003112792968750e+01 -1.662524649813585109e-01 9.860832205689448182e-01 -0.000000000000000000e+00 -1.039682865142822266e+01 -0.000000000000000000e+00 0.000000000000000000e+00 1.000000000000000000e+00 0.000000000000000000e+00
9.853186420575743565e-01 1.707254334123001760e-01 0.000000000000000000e+00 8.357345581054687500e+01 -1.707254334123001760e-01 9.853186420575743565e-01 -0.000000000000000000e+00 -1.103033351898193359e+01 -0.000000000000000000e+00 0.000000000000000000e+00 1.000000000000000000e+00 0.000000000000000000e+00
9.845948659257368618e-01 1.748512224512034086e-01 0.000000000000000000e+00 8.665779876708984375e+01 -1.748512224512034086e-01 9.845948659257368618e-01 -0.000000000000000000e+00 -1.146588611602783203e+01 -0.000000000000000000e+00 0.000000000000000000e+00 1.000000000000000000e+00 0.000000000000000000e+00
9.845529485612218856e-01 1.750870968386991910e-01 0.000000000000000000e+00 8.941574859619140625e+01 -1.750870968386991910e-01 9.845529485612218856e-01 -0.000000000000000000e+00 -1.228507137298583984e+01 -0.000000000000000000e+00 0.000000000000000000e+00 1.000000000000000000e+00 0.000000000000000000e+00
9.839278480346602684e-01 1.785664858305793246e-01 0.000000000000000000e+00 9.241442871093750000e+01 -1.785664858305793246e-01 9.839278480346602684e-01 -0.000000000000000000e+00 -1.288876914978027344e+01 -0.000000000000000000e+00 0.000000000000000000e+00 1.000000000000000000e+00 0.000000000000000000e+00
9.831348996433375564e-01 1.828818446519078766e-01 0.000000000000000000e+00 9.550043487548828125e+01 -1.828818446519078766e-01 9.831348996433375564e-01 -0.000000000000000000e+00 -1.347843551635742188e+01 -0.000000000000000000e+00 0.000000000000000000e+00 1.000000000000000000e+00 0.000000000000000000e+00
9.824877701024823384e-01 1.863270823016656697e-01 0.000000000000000000e+00 9.840759277343750000e+01 -1.863270823016656697e-01 9.824877701024823384e-01 -0.000000000000000000e+00 -1.411439037322998047e+01 -0.000000000000000000e+00 0.000000000000000000e+00 1.000000000000000000e+00 0.000000000000000000e+00
9.815901936002537909e-01 1.909991932648308077e-01 0.000000000000000000e+00 1.014983291625976562e+02 -1.909991932648308077e-01 9.815901936002537909e-01 -0.000000000000000000e+00 -1.473287773132324219e+01 -0.000000000000000000e+00 0.000000000000000000e+00 1.000000000000000000e+00 0.000000000000000000e+00
9.808032885438634496e-01 1.949997671320222170e-01 0.000000000000000000e+00 1.046214828491210938e+02 -1.949997671320222170e-01 9.808032885438634496e-01 -0.000000000000000000e+00 -1.541092872619628906e+01 -0.000000000000000000e+00 0.000000000000000000e+00 1.000000000000000000e+00 0.000000000000000000e+00
9.799633504383834515e-01 1.991778898311208912e-01 0.000000000000000000e+00 1.076907882690429688e+02 -1.991778898311208912e-01 9.799633504383834515e-01 -0.000000000000000000e+00 -1.606596755981445312e+01 -0.000000000000000000e+00 0.000000000000000000e+00 1.000000000000000000e+00 0.000000000000000000e+00
9.792084499423585608e-01 2.028566280935467925e-01 0.000000000000000000e+00 1.100522613525390625e+02 -2.028566280935467925e-01 9.792084499423585608e-01 -0.000000000000000000e+00 -1.656382179260253906e+01 -0.000000000000000000e+00 0.000000000000000000e+00 1.000000000000000000e+00 0.000000000000000000e+00
9.784303240519499623e-01 2.065771066105732412e-01 0.000000000000000000e+00 1.130978469848632812e+02 -2.065771066105732412e-01 9.784303240519499623e-01 -0.000000000000000000e+00 -1.729658126831054688e+01 -0.000000000000000000e+00 0.000000000000000000e+00 1.000000000000000000e+00 0.000000000000000000e+00
9.774321649776250842e-01 2.112495274956909252e-01 0.000000000000000000e+00 1.160481033325195312e+02 -2.112495274956909252e-01 9.774321649776250842e-01 -0.000000000000000000e+00 -1.791438674926757812e+01 -0.000000000000000000e+00 0.000000000000000000e+00 1.000000000000000000e+00 0.000000000000000000e+00
9.766560517295544974e-01 2.148091167060599549e-01 0.000000000000000000e+00 1.190030364990234375e+02 -2.148091167060599549e-01 9.766560517295544974e-01 -0.000000000000000000e+00 -1.865799331665039062e+01 -0.000000000000000000e+00 0.000000000000000000e+00 1.000000000000000000e+00 0.000000000000000000e+00
9.756378507656773280e-01 2.193872925976569910e-01 0.000000000000000000e+00 1.220848770141601562e+02 -2.193872925976569910e-01 9.756378507656773280e-01 -0.000000000000000000e+00 -1.936058044433593750e+01 -0.000000000000000000e+00 0.000000000000000000e+00 1.000000000000000000e+00 0.000000000000000000e+00
9.746535195211160074e-01 2.237197284217497806e-01 0.000000000000000000e+00 1.250395126342773438e+02 -2.237197284217497806e-01 9.746535195211160074e-01 -0.000000000000000000e+00 -2.005036926269531250e+01 -0.000000000000000000e+00 0.000000000000000000e+00 1.000000000000000000e+00 0.000000000000000000e+00
9.739828767701775858e-01 2.266216136172564122e-01 0.000000000000000000e+00 1.283449859619140625e+02 -2.266216136172564122e-01 9.739828767701775858e-01 -0.000000000000000000e+00 -2.095607757568359375e+01 -0.000000000000000000e+00 0.000000000000000000e+00 1.000000000000000000e+00 0.000000000000000000e+00
9.739828767701775858e-01 2.266216136172564122e-01 0.000000000000000000e+00 1.283449859619140625e+02 -2.266216136172564122e-01 9.739828767701775858e-01 -0.000000000000000000e+00 -2.095607757568359375e+01 -0.000000000000000000e+00 0.000000000000000000e+00 1.000000000000000000e+00 0.000000000000000000e+00
9.728963434661953569e-01 2.312416590281837769e-01 0.000000000000000000e+00 1.318996887207031250e+02 -2.312416590281837769e-01 9.728963434661953569e-01 -0.000000000000000000e+00 -2.191063690185546875e+01 -0.000000000000000000e+00 0.000000000000000000e+00 1.000000000000000000e+00 0.000000000000000000e+00
9.717621052567757545e-01 2.359627317754205422e-01 0.000000000000000000e+00 1.354657440185546875e+02 -2.359627317754205422e-01 9.717621052567757545e-01 -0.000000000000000000e+00 -2.286993598937988281e+01 -0.000000000000000000e+00 0.000000000000000000e+00 1.000000000000000000e+00 0.000000000000000000e+00
9.703115686117520511e-01 2.418583465961040291e-01 0.000000000000000000e+00 1.390354309082031250e+02 -2.418583465961040291e-01 9.703115686117520511e-01 -0.000000000000000000e+00 -2.375708770751953125e+01 -0.000000000000000000e+00 0.000000000000000000e+00 1.000000000000000000e+00 0.000000000000000000e+00
9.686737375905036807e-01 2.483368480561112535e-01 0.000000000000000000e+00 1.426165466308593750e+02 -2.483368480561112535e-01 9.686737375905036807e-01 -0.000000000000000000e+00 -2.460390663146972656e+01 -0.000000000000000000e+00 0.000000000000000000e+00 1.000000000000000000e+00 0.000000000000000000e+00
9.670698485041954173e-01 2.545111158949103780e-01 0.000000000000000000e+00 1.461551361083984375e+02 -2.545111158949103780e-01 9.670698485041954173e-01 -0.000000000000000000e+00 -2.543298339843750000e+01 -0.000000000000000000e+00 0.000000000000000000e+00 1.000000000000000000e+00 0.000000000000000000e+00
9.656870206544568846e-01 2.597086408641779420e-01 0.000000000000000000e+00 1.493776702880859375e+02 -2.597086408641779420e-01 9.656870206544568846e-01 -0.000000000000000000e+00 -2.629015159606933594e+01 -0.000000000000000000e+00 0.000000000000000000e+00 1.000000000000000000e+00 0.000000000000000000e+00
9.647055689923217381e-01 2.633309042919207421e-01 0.000000000000000000e+00 1.523366088867187500e+02 -2.633309042919207421e-01 9.647055689923217381e-01 -0.000000000000000000e+00 -2.715023612976074219e+01 -0.000000000000000000e+00 0.000000000000000000e+00 1.000000000000000000e+00 0.000000000000000000e+00
9.635074844649174075e-01 2.676813915461567217e-01 0.000000000000000000e+00 1.553089904785156250e+02 -2.676813915461567217e-01 9.635074844649174075e-01 -0.000000000000000000e+00 -2.798937988281250000e+01 -0.000000000000000000e+00 0.000000000000000000e+00 1.000000000000000000e+00 0.000000000000000000e+00
9.622789731237798572e-01 2.720646575427316805e-01 0.000000000000000000e+00 1.583119201660156250e+02 -2.720646575427316805e-01 9.622789731237798572e-01 -0.000000000000000000e+00 -2.882399177551269531e+01 -0.000000000000000000e+00 0.000000000000000000e+00 1.000000000000000000e+00 0.000000000000000000e+00
9.615616877256041306e-01 2.745890032362690025e-01 0.000000000000000000e+00 1.607798004150390625e+02 -2.745890032362690025e-01 9.615616877256041306e-01 -0.000000000000000000e+00 -2.959330558776855469e+01 -0.000000000000000000e+00 0.000000000000000000e+00 1.000000000000000000e+00 0.000000000000000000e+00
9.603918333677455843e-01 2.786530574038986741e-01 0.000000000000000000e+00 1.637518157958984375e+02 -2.786530574038986741e-01 9.603918333677455843e-01 -0.000000000000000000e+00 -3.047439575195312500e+01 -0.000000000000000000e+00 0.000000000000000000e+00 1.000000000000000000e+00 0.000000000000000000e+00
9.591797293155615023e-01 2.827971832782749106e-01 0.000000000000000000e+00 1.667313232421875000e+02 -2.827971832782749106e-01 9.591797293155615023e-01 -0.000000000000000000e+00 -3.136027908325195312e+01 -0.000000000000000000e+00 0.000000000000000000e+00 1.000000000000000000e+00 0.000000000000000000e+00
9.581581362482651798e-01 2.862393857267914732e-01 0.000000000000000000e+00 1.691298828125000000e+02 -2.862393857267914732e-01 9.581581362482651798e-01 -0.000000000000000000e+00 -3.207499694824218750e+01 -0.000000000000000000e+00 0.000000000000000000e+00 1.000000000000000000e+00 0.000000000000000000e+00
9.568996301867752630e-01 2.904188316008671222e-01 0.000000000000000000e+00 1.721702423095703125e+02 -2.904188316008671222e-01 9.568996301867752630e-01 -0.000000000000000000e+00 -3.301165771484375000e+01 -0.000000000000000000e+00 0.000000000000000000e+00 1.000000000000000000e+00 0.000000000000000000e+00
9.557473717478504049e-01 2.941886493341920872e-01 0.000000000000000000e+00 1.752532653808593750e+02 -2.941886493341920872e-01 9.557473717478504049e-01 -0.000000000000000000e+00 -3.401551055908203125e+01 -0.000000000000000000e+00 0.000000000000000000e+00 1.000000000000000000e+00 0.000000000000000000e+00
9.544785532723003563e-01 2.982795523384337844e-01 0.000000000000000000e+00 1.781983184814453125e+02 -2.982795523384337844e-01 9.544785532723003563e-01 -0.000000000000000000e+00 -3.494443130493164062e+01 -0.000000000000000000e+00 0.000000000000000000e+00 1.000000000000000000e+00 0.000000000000000000e+00
9.530909755985432774e-01 3.026839807994748943e-01 0.000000000000000000e+00 1.811306304931640625e+02 -3.026839807994748943e-01 9.530909755985432774e-01 -0.000000000000000000e+00 -3.584794616699218750e+01 -0.000000000000000000e+00 0.000000000000000000e+00 1.000000000000000000e+00 0.000000000000000000e+00
9.517310721952513264e-01 3.069331624606199127e-01 0.000000000000000000e+00 1.840780487060546875e+02 -3.069331624606199127e-01 9.517310721952513264e-01 -0.000000000000000000e+00 -3.678615570068359375e+01 -0.000000000000000000e+00 0.000000000000000000e+00 1.000000000000000000e+00 0.000000000000000000e+00
9.503002254608463595e-01 3.113349988180971195e-01 0.000000000000000000e+00 1.870072937011718750e+02 -3.113349988180971195e-01 9.503002254608463595e-01 -0.000000000000000000e+00 -3.772858810424804688e+01 -0.000000000000000000e+00 0.000000000000000000e+00 1.000000000000000000e+00 0.000000000000000000e+00
9.486660005988131195e-01 3.162796536419199001e-01 0.000000000000000000e+00 1.900202331542968750e+02 -3.162796536419199001e-01 9.486660005988131195e-01 -0.000000000000000000e+00 -3.866276550292968750e+01 -0.000000000000000000e+00 0.000000000000000000e+00 1.000000000000000000e+00 0.000000000000000000e+00
9.473226664935388008e-01 3.202807605017377601e-01 0.000000000000000000e+00 1.929136199951171875e+02 -3.202807605017377601e-01 9.473226664935388008e-01 -0.000000000000000000e+00 -3.965468978881835938e+01 -0.000000000000000000e+00 0.000000000000000000e+00 1.000000000000000000e+00 0.000000000000000000e+00
9.458583454418701963e-01 3.245797134110013360e-01 0.000000000000000000e+00 1.958031768798828125e+02 -3.245797134110013360e-01 9.458583454418701963e-01 -0.000000000000000000e+00 -4.064681243896484375e+01 -0.000000000000000000e+00 0.000000000000000000e+00 1.000000000000000000e+00 0.000000000000000000e+00
9.443625297402848950e-01 3.289063885401581344e-01 0.000000000000000000e+00 1.987192535400390625e+02 -3.289063885401581344e-01 9.443625297402848950e-01 -0.000000000000000000e+00 -4.164914703369140625e+01 -0.000000000000000000e+00 0.000000000000000000e+00 1.000000000000000000e+00 0.000000000000000000e+00
9.430003252207370679e-01 3.327918067404665448e-01 0.000000000000000000e+00 2.016620178222656250e+02 -3.327918067404665448e-01 9.430003252207370679e-01 -0.000000000000000000e+00 -4.270821380615234375e+01 -0.000000000000000000e+00 0.000000000000000000e+00 1.000000000000000000e+00 0.000000000000000000e+00
9.414543986619531291e-01 3.371403494689714786e-01 0.000000000000000000e+00 2.047031555175781250e+02 -3.371403494689714786e-01 9.414543986619531291e-01 -0.000000000000000000e+00 -4.379667663574218750e+01 -0.000000000000000000e+00 0.000000000000000000e+00 1.000000000000000000e+00 0.000000000000000000e+00
9.401590071321718201e-01 3.407360287792426945e-01 0.000000000000000000e+00 2.075742340087890625e+02 -3.407360287792426945e-01 9.401590071321718201e-01 -0.000000000000000000e+00 -4.485926437377929688e+01 -0.000000000000000000e+00 0.000000000000000000e+00 1.000000000000000000e+00 0.000000000000000000e+00
9.389526312788816220e-01 3.440464448507853934e-01 0.000000000000000000e+00 2.104468078613281250e+02 -3.440464448507853934e-01 9.389526312788816220e-01 -0.000000000000000000e+00 -4.592887496948242188e+01 -0.000000000000000000e+00 0.000000000000000000e+00 1.000000000000000000e+00 0.000000000000000000e+00
9.377976137126480261e-01 3.471824242597296717e-01 0.000000000000000000e+00 2.133631896972656250e+02 -3.471824242597296717e-01 9.377976137126480261e-01 -0.000000000000000000e+00 -4.703105163574218750e+01 -0.000000000000000000e+00 0.000000000000000000e+00 1.000000000000000000e+00 0.000000000000000000e+00
9.352925985079760807e-01 3.538753384685032755e-01 0.000000000000000000e+00 2.191803588867187500e+02 -3.538753384685032755e-01 9.352925985079760807e-01 -0.000000000000000000e+00 -4.920215988159179688e+01 -0.000000000000000000e+00 0.000000000000000000e+00 1.000000000000000000e+00 0.000000000000000000e+00
9.352925985079760807e-01 3.538753384685032755e-01 0.000000000000000000e+00 2.191803588867187500e+02 -3.538753384685032755e-01 9.352925985079760807e-01 -0.000000000000000000e+00 -4.920215988159179688e+01 -0.000000000000000000e+00 0.000000000000000000e+00 1.000000000000000000e+00 0.000000000000000000e+00
9.354582377563183115e-01 3.534372439540624522e-01 0.000000000000000000e+00 2.183189544677734375e+02 -3.534372439540624522e-01 9.354582377563183115e-01 -0.000000000000000000e+00 -4.884394836425781250e+01 -0.000000000000000000e+00 0.000000000000000000e+00 1.000000000000000000e+00 0.000000000000000000e+00
9.354767599936442135e-01 3.533882164303075446e-01 0.000000000000000000e+00 2.216398773193359375e+02 -3.533882164303075446e-01 9.354767599936442135e-01 -0.000000000000000000e+00 -5.045682525634765625e+01 -0.000000000000000000e+00 0.000000000000000000e+00 1.000000000000000000e+00 0.000000000000000000e+00
9.352659718297764435e-01 3.539457047871943929e-01 0.000000000000000000e+00 2.249747467041015625e+02 -3.539457047871943929e-01 9.352659718297764435e-01 -0.000000000000000000e+00 -5.201638031005859375e+01 -0.000000000000000000e+00 0.000000000000000000e+00 1.000000000000000000e+00 0.000000000000000000e+00
9.343291277498536607e-01 3.564113929691329341e-01 0.000000000000000000e+00 2.283446655273437500e+02 -3.564113929691329341e-01 9.343291277498536607e-01 -0.000000000000000000e+00 -5.340519332885742188e+01 -0.000000000000000000e+00 0.000000000000000000e+00 1.000000000000000000e+00 0.000000000000000000e+00
9.324673659982568585e-01 3.612542198345549127e-01 0.000000000000000000e+00 2.318004455566406250e+02 -3.612542198345549127e-01 9.324673659982568585e-01 -0.000000000000000000e+00 -5.461058425903320312e+01 -0.000000000000000000e+00 0.000000000000000000e+00 1.000000000000000000e+00 0.000000000000000000e+00
9.305491023671630391e-01 3.661671313535217465e-01 0.000000000000000000e+00 2.352502593994140625e+02 -3.661671313535217465e-01 9.305491023671630391e-01 -0.000000000000000000e+00 -5.583303833007812500e+01 -0.000000000000000000e+00 0.000000000000000000e+00 1.000000000000000000e+00 0.000000000000000000e+00
9.284048507752145074e-01 3.715702262790330224e-01 0.000000000000000000e+00 2.387228851318359375e+02 -3.715702262790330224e-01 9.284048507752145074e-01 -0.000000000000000000e+00 -5.703813171386718750e+01 -0.000000000000000000e+00 0.000000000000000000e+00 1.000000000000000000e+00 0.000000000000000000e+00
9.284048507752145074e-01 3.715702262790330224e-01 0.000000000000000000e+00 2.387228851318359375e+02 -3.715702262790330224e-01 9.284048507752145074e-01 -0.000000000000000000e+00 -5.703813171386718750e+01 -0.000000000000000000e+00 0.000000000000000000e+00 1.000000000000000000e+00 0.000000000000000000e+00
9.272422436287061087e-01 3.744620429768594216e-01 0.000000000000000000e+00 2.454415435791015625e+02 -3.744620429768594216e-01 9.272422436287061087e-01 -0.000000000000000000e+00 -6.008350753784179688e+01 -0.000000000000000000e+00 0.000000000000000000e+00 1.000000000000000000e+00 0.000000000000000000e+00
9.272422436287061087e-01 3.744620429768594216e-01 0.000000000000000000e+00 2.454415435791015625e+02 -3.744620429768594216e-01 9.272422436287061087e-01 -0.000000000000000000e+00 -6.008350753784179688e+01 -0.000000000000000000e+00 0.000000000000000000e+00 1.000000000000000000e+00 0.000000000000000000e+00
9.258150412101833204e-01 3.779768636689110339e-01 0.000000000000000000e+00 2.488530578613281250e+02 -3.779768636689110339e-01 9.258150412101833204e-01 -0.000000000000000000e+00 -6.147372817993164062e+01 -0.000000000000000000e+00 0.000000000000000000e+00 1.000000000000000000e+00 0.000000000000000000e+00
9.243123943750559679e-01 3.816367351351950821e-01 0.000000000000000000e+00 2.522736206054687500e+02 -3.816367351351950821e-01 9.243123943750559679e-01 -0.000000000000000000e+00 -6.284349441528320312e+01 -0.000000000000000000e+00 0.000000000000000000e+00 1.000000000000000000e+00 0.000000000000000000e+00
9.240196573815764314e-01 3.823449656690067755e-01 0.000000000000000000e+00 2.544348602294921875e+02 -3.823449656690067755e-01 9.240196573815764314e-01 -0.000000000000000000e+00 -6.379530715942382812e+01 -0.000000000000000000e+00 0.000000000000000000e+00 1.000000000000000000e+00 0.000000000000000000e+00
9.231129886595166312e-01 3.845288157838046561e-01 0.000000000000000000e+00 2.573632812500000000e+02 -3.845288157838046561e-01 9.231129886595166312e-01 -0.000000000000000000e+00 -6.506808471679687500e+01 -0.000000000000000000e+00 0.000000000000000000e+00 1.000000000000000000e+00 0.000000000000000000e+00
9.222610651952414251e-01 3.865676236118832376e-01 0.000000000000000000e+00 2.602044067382812500e+02 -3.865676236118832376e-01 9.222610651952414251e-01 -0.000000000000000000e+00 -6.634184265136718750e+01 -0.000000000000000000e+00 0.000000000000000000e+00 1.000000000000000000e+00 0.000000000000000000e+00
9.214465602654402510e-01 3.885051306932617021e-01 0.000000000000000000e+00 2.630335998535156250e+02 -3.885051306932617021e-01 9.214465602654402510e-01 -0.000000000000000000e+00 -6.760501861572265625e+01 -0.000000000000000000e+00 0.000000000000000000e+00 1.000000000000000000e+00 0.000000000000000000e+00
9.204605091821030927e-01 3.908355805658224602e-01 0.000000000000000000e+00 2.658452453613281250e+02 -3.908355805658224602e-01 9.204605091821030927e-01 -0.000000000000000000e+00 -6.882549285888671875e+01 -0.000000000000000000e+00 0.000000000000000000e+00 1.000000000000000000e+00 0.000000000000000000e+00
9.195055504721577622e-01 3.930770187264757687e-01 0.000000000000000000e+00 2.686417846679687500e+02 -3.930770187264757687e-01 9.195055504721577622e-01 -0.000000000000000000e+00 -7.006002807617187500e+01 -0.000000000000000000e+00 0.000000000000000000e+00 1.000000000000000000e+00 0.000000000000000000e+00
9.187490147461774281e-01 3.948420543748200062e-01 0.000000000000000000e+00 2.714096374511718750e+02 -3.948420543748200062e-01 9.187490147461774281e-01 -0.000000000000000000e+00 -7.129790496826171875e+01 -0.000000000000000000e+00 0.000000000000000000e+00 1.000000000000000000e+00 0.000000000000000000e+00
9.181029921070195110e-01 3.963418926686126387e-01 0.000000000000000000e+00 2.742542419433593750e+02 -3.963418926686126387e-01 9.181029921070195110e-01 -0.000000000000000000e+00 -7.257263946533203125e+01 -0.000000000000000000e+00 0.000000000000000000e+00 1.000000000000000000e+00 0.000000000000000000e+00
9.176410147057283417e-01 3.974103271554995098e-01 0.000000000000000000e+00 2.770791931152343750e+02 -3.974103271554995098e-01 9.176410147057283417e-01 -0.000000000000000000e+00 -7.386248779296875000e+01 -0.000000000000000000e+00 0.000000000000000000e+00 1.000000000000000000e+00 0.000000000000000000e+00
9.173860722124264067e-01 3.979984855632703877e-01 0.000000000000000000e+00 2.798589172363281250e+02 -3.979984855632703877e-01 9.173860722124264067e-01 -0.000000000000000000e+00 -7.516259002685546875e+01 -0.000000000000000000e+00 0.000000000000000000e+00 1.000000000000000000e+00 0.000000000000000000e+00
9.192165277106273402e-01 3.937524287971028158e-01 0.000000000000000000e+00 2.801945190429687500e+02 -3.937524287971028158e-01 9.192165277106273402e-01 -0.000000000000000000e+00 -7.570674896240234375e+01 -0.000000000000000000e+00 0.000000000000000000e+00 1.000000000000000000e+00 0.000000000000000000e+00
9.187132342179664679e-01 3.949253008769680884e-01 0.000000000000000000e+00 2.835349426269531250e+02 -3.949253008769680884e-01 9.187132342179664679e-01 -0.000000000000000000e+00 -7.719167327880859375e+01 -0.000000000000000000e+00 0.000000000000000000e+00 1.000000000000000000e+00 0.000000000000000000e+00
9.178447695760212355e-01 3.969395154956740224e-01 0.000000000000000000e+00 2.869046630859375000e+02 -3.969395154956740224e-01 9.178447695760212355e-01 -0.000000000000000000e+00 -7.864276885986328125e+01 -0.000000000000000000e+00 0.000000000000000000e+00 1.000000000000000000e+00 0.000000000000000000e+00
9.173452241068726920e-01 3.980926271715058418e-01 0.000000000000000000e+00 2.902320251464843750e+02 -3.980926271715058418e-01 9.173452241068726920e-01 -0.000000000000000000e+00 -8.020499420166015625e+01 -0.000000000000000000e+00 0.000000000000000000e+00 1.000000000000000000e+00 0.000000000000000000e+00
9.173452241068726920e-01 3.980926271715058418e-01 0.000000000000000000e+00 2.902320251464843750e+02 -3.980926271715058418e-01 9.173452241068726920e-01 -0.000000000000000000e+00 -8.020499420166015625e+01 -0.000000000000000000e+00 0.000000000000000000e+00 1.000000000000000000e+00 0.000000000000000000e+00
9.185277033963428206e-01 3.953566214108980015e-01 0.000000000000000000e+00 2.934262695312500000e+02 -3.953566214108980015e-01 9.185277033963428206e-01 -0.000000000000000000e+00 -8.197071075439453125e+01 -0.000000000000000000e+00 0.000000000000000000e+00 1.000000000000000000e+00 0.000000000000000000e+00
9.191919525859972850e-01 3.938097945723819104e-01 0.000000000000000000e+00 2.965330200195312500e+02 -3.938097945723819104e-01 9.191919525859972850e-01 -0.000000000000000000e+00 -8.357968139648437500e+01 -0.000000000000000000e+00 0.000000000000000000e+00 1.000000000000000000e+00 0.000000000000000000e+00
9.189032501754327287e-01 3.944829740521459405e-01 0.000000000000000000e+00 2.998030700683593750e+02 -3.944829740521459405e-01 9.189032501754327287e-01 -0.000000000000000000e+00 -8.506246185302734375e+01 -0.000000000000000000e+00 0.000000000000000000e+00 1.000000000000000000e+00 0.000000000000000000e+00
9.182586483993430138e-01 3.959811291460891280e-01 0.000000000000000000e+00 3.031128845214843750e+02 -3.959811291460891280e-01 9.182586483993430138e-01 -0.000000000000000000e+00 -8.650443267822265625e+01 -0.000000000000000000e+00 0.000000000000000000e+00 1.000000000000000000e+00 0.000000000000000000e+00
9.173439460985619576e-01 3.980955721385491253e-01 0.000000000000000000e+00 3.063152770996093750e+02 -3.980955721385491253e-01 9.173439460985619576e-01 -0.000000000000000000e+00 -8.788327789306640625e+01 -0.000000000000000000e+00 0.000000000000000000e+00 1.000000000000000000e+00 0.000000000000000000e+00
9.162156733561236388e-01 4.006854625471018561e-01 0.000000000000000000e+00 3.096016845703125000e+02 -4.006854625471018561e-01 9.162156733561236388e-01 -0.000000000000000000e+00 -8.934165191650390625e+01 -0.000000000000000000e+00 0.000000000000000000e+00 1.000000000000000000e+00 0.000000000000000000e+00
9.157595466624500746e-01 4.017268384071244203e-01 0.000000000000000000e+00 3.128832702636718750e+02 -4.017268384071244203e-01 9.157595466624500746e-01 -0.000000000000000000e+00 -9.083423614501953125e+01 -0.000000000000000000e+00 0.000000000000000000e+00 1.000000000000000000e+00 0.000000000000000000e+00
9.154886991708492960e-01 4.023436860328072906e-01 0.000000000000000000e+00 3.158339538574218750e+02 -4.023436860328072906e-01 9.154886991708492960e-01 -0.000000000000000000e+00 -9.222737121582031250e+01 -0.000000000000000000e+00 0.000000000000000000e+00 1.000000000000000000e+00 0.000000000000000000e+00
9.152155023814603219e-01 4.029647431235779398e-01 0.000000000000000000e+00 3.186292724609375000e+02 -4.029647431235779398e-01 9.152155023814603219e-01 -0.000000000000000000e+00 -9.356617736816406250e+01 -0.000000000000000000e+00 0.000000000000000000e+00 1.000000000000000000e+00 0.000000000000000000e+00
9.149298930863224433e-01 4.036127980342676391e-01 0.000000000000000000e+00 3.241905517578125000e+02 -4.036127980342676391e-01 9.149298930863224433e-01 -0.000000000000000000e+00 -9.627398681640625000e+01 -0.000000000000000000e+00 0.000000000000000000e+00 1.000000000000000000e+00 0.000000000000000000e+00
9.149298930863224433e-01 4.036127980342676391e-01 0.000000000000000000e+00 3.241905517578125000e+02 -4.036127980342676391e-01 9.149298930863224433e-01 -0.000000000000000000e+00 -9.627398681640625000e+01 -0.000000000000000000e+00 0.000000000000000000e+00 1.000000000000000000e+00 0.000000000000000000e+00
9.154589877682575150e-01 4.024112842780595001e-01 0.000000000000000000e+00 3.259841308593750000e+02 -4.024112842780595001e-01 9.154589877682575150e-01 -0.000000000000000000e+00 -9.720603942871093750e+01 -0.000000000000000000e+00 0.000000000000000000e+00 1.000000000000000000e+00 0.000000000000000000e+00
9.159456260315919085e-01 4.013023924095084349e-01 0.000000000000000000e+00 3.285325012207031250e+02 -4.013023924095084349e-01 9.159456260315919085e-01 -0.000000000000000000e+00 -9.848062133789062500e+01 -0.000000000000000000e+00 0.000000000000000000e+00 1.000000000000000000e+00 0.000000000000000000e+00
9.155356076610259297e-01 4.022369340385787972e-01 0.000000000000000000e+00 3.318063964843750000e+02 -4.022369340385787972e-01 9.155356076610259297e-01 -0.000000000000000000e+00 -1.001307373046875000e+02 -0.000000000000000000e+00 0.000000000000000000e+00 1.000000000000000000e+00 0.000000000000000000e+00
9.159244952197322931e-01 4.013506186073201865e-01 0.000000000000000000e+00 3.323144226074218750e+02 -4.013506186073201865e-01 9.159244952197322931e-01 -0.000000000000000000e+00 -1.004617767333984375e+02 -0.000000000000000000e+00 0.000000000000000000e+00 1.000000000000000000e+00 0.000000000000000000e+00
9.159524639355096642e-01 4.012867849935614628e-01 0.000000000000000000e+00 3.353463745117187500e+02 -4.012867849935614628e-01 9.159524639355096642e-01 -0.000000000000000000e+00 -1.019450225830078125e+02 -0.000000000000000000e+00 0.000000000000000000e+00 1.000000000000000000e+00 0.000000000000000000e+00
9.159319921854739421e-01 4.013335093051026981e-01 0.000000000000000000e+00 3.381480102539062500e+02 -4.013335093051026981e-01 9.159319921854739421e-01 -0.000000000000000000e+00 -1.033270874023437500e+02 -0.000000000000000000e+00 0.000000000000000000e+00 1.000000000000000000e+00 0.000000000000000000e+00
9.160031041904583837e-01 4.011711768228671260e-01 0.000000000000000000e+00 3.407869567871093750e+02 -4.011711768228671260e-01 9.160031041904583837e-01 -0.000000000000000000e+00 -1.046644897460937500e+02 -0.000000000000000000e+00 0.000000000000000000e+00 1.000000000000000000e+00 0.000000000000000000e+00
9.166782951822139980e-01 3.996259540393112819e-01 0.000000000000000000e+00 3.429212951660156250e+02 -3.996259540393112819e-01 9.166782951822139980e-01 -0.000000000000000000e+00 -1.058191070556640625e+02 -0.000000000000000000e+00 0.000000000000000000e+00 1.000000000000000000e+00 0.000000000000000000e+00
9.167087823394141077e-01 3.995560140728564580e-01 0.000000000000000000e+00 3.454730224609375000e+02 -3.995560140728564580e-01 9.167087823394141077e-01 -0.000000000000000000e+00 -1.071136398315429688e+02 -0.000000000000000000e+00 0.000000000000000000e+00 1.000000000000000000e+00 0.000000000000000000e+00
9.182441354130436162e-01 3.960147822740358592e-01 0.000000000000000000e+00 3.467758789062500000e+02 -3.960147822740358592e-01 9.182441354130436162e-01 -0.000000000000000000e+00 -1.079119110107421875e+02 -0.000000000000000000e+00 0.000000000000000000e+00 1.000000000000000000e+00 0.000000000000000000e+00
9.223625727841806565e-01 3.863253607090104125e-01 0.000000000000000000e+00 3.461240844726562500e+02 -3.863253607090104125e-01 9.223625727841806565e-01 -0.000000000000000000e+00 -1.079685897827148438e+02 -0.000000000000000000e+00 0.000000000000000000e+00 1.000000000000000000e+00 0.000000000000000000e+00
9.182163055623943082e-01 3.960793054419122772e-01 0.000000000000000000e+00 3.454030456542968750e+02 -3.960793054419122772e-01 9.182163055623943082e-01 -0.000000000000000000e+00 -1.074397201538085938e+02 -0.000000000000000000e+00 0.000000000000000000e+00 1.000000000000000000e+00 0.000000000000000000e+00
9.149896087768493169e-01 4.034774043616175532e-01 0.000000000000000000e+00 3.469470825195312500e+02 -4.034774043616175532e-01 9.149896087768493169e-01 -0.000000000000000000e+00 -1.079632034301757812e+02 -0.000000000000000000e+00 0.000000000000000000e+00 1.000000000000000000e+00 0.000000000000000000e+00
9.124251317546914208e-01 4.092436669545835293e-01 0.000000000000000000e+00 3.481651306152343750e+02 -4.092436669545835293e-01 9.124251317546914208e-01 -0.000000000000000000e+00 -1.083513336181640625e+02 -0.000000000000000000e+00 0.000000000000000000e+00 1.000000000000000000e+00 0.000000000000000000e+00
9.139413848416313435e-01 4.058462086477599429e-01 0.000000000000000000e+00 3.515276184082031250e+02 -4.058462086477599429e-01 9.139413848416313435e-01 -0.000000000000000000e+00 -1.098569488525390625e+02 -0.000000000000000000e+00 0.000000000000000000e+00 1.000000000000000000e+00 0.000000000000000000e+00
9.142138510109757421e-01 4.052320750134193461e-01 0.000000000000000000e+00 3.546687011718750000e+02 -4.052320750134193461e-01 9.142138510109757421e-01 -0.000000000000000000e+00 -1.114120941162109375e+02 -0.000000000000000000e+00 0.000000000000000000e+00 1.000000000000000000e+00 0.000000000000000000e+00
9.142515748697164213e-01 4.051469583351740567e-01 0.000000000000000000e+00 3.574972534179687500e+02 -4.051469583351740567e-01 9.142515748697164213e-01 -0.000000000000000000e+00 -1.127971649169921875e+02 -0.000000000000000000e+00 0.000000000000000000e+00 1.000000000000000000e+00 0.000000000000000000e+00
