9.929861583736463437e-01 1.182306613292331415e-01 0.000000000000000000e+00 0.000000000000000000e+00 -1.182306613292331415e-01 9.929861583736463437e-01 -0.000000000000000000e+00 0.000000000000000000e+00 -0.000000000000000000e+00 0.000000000000000000e+00 1.000000000000000000e+00 0.000000000000000000e+00
9.929861580373543495e-01 1.182306641536549907e-01 0.000000000000000000e+00 0.000000000000000000e+00 -1.182306641536549907e-01 9.929861580373543495e-01 -0.000000000000000000e+00 0.000000000000000000e+00 -0.000000000000000000e+00 0.000000000000000000e+00 1.000000000000000000e+00 0.000000000000000000e+00
9.928618028181874777e-01 1.192704510958964848e-01 0.000000000000000000e+00 2.991691589355468750e+00 -1.192704510958964848e-01 9.928618028181874777e-01 -0.000000000000000000e+00 -2.978186905384063721e-01 -0.000000000000000000e+00 0.000000000000000000e+00 1.000000000000000000e+00 0.000000000000000000e+00
9.927573413774571920e-01 1.201368433960328386e-01 0.000000000000000000e+00 5.984060287475585938e+00 -1.201368433960328386e-01 9.927573413774571920e-01 -0.000000000000000000e+00 -5.880535840988159180e-01 -0.000000000000000000e+00 0.000000000000000000e+00 1.000000000000000000e+00 0.000000000000000000e+00
9.927782942984720860e-01 1.199635710114378834e-01 0.000000000000000000e+00 8.976613998413085938e+00 -1.199635710114378834e-01 9.927782942984720860e-01 -0.000000000000000000e+00 -1.018161535263061523e+00 -0.000000000000000000e+00 0.000000000000000000e+00 1.000000000000000000e+00 0.000000000000000000e+00
9.927782946426861876e-01 1.199635681628379857e-01 0.000000000000000000e+00 1.197258458167766548e+01 -1.199635681628379857e-01 9.927782946426861876e-01 -0.000000000000000000e+00 -1.270503371314134711e+00 -0.000000000000000000e+00 0.000000000000000000e+00 1.000000000000000000e+00 0.000000000000000000e+00
9.925461519124016974e-01 1.218693411973812007e-01 0.000000000000000000e+00 1.507591915130615234e+01 -1.218693411973812007e-01 9.925461519124016974e-01 -0.000000000000000000e+00 -1.608767390251159668e+00 -0.000000000000000000e+00 0.000000000000000000e+00 1.000000000000000000e+00 0.000000000000000000e+00
9.923103501295382767e-01 1.237746703723875130e-01 0.000000000000000000e+00 1.805956649780273438e+01 -1.237746703723875130e-01 9.923103501295382767e-01 -0.000000000000000000e+00 -2.129779100418090820e+00 -0.000000000000000000e+00 0.000000000000000000e+00 1.000000000000000000e+00 0.000000000000000000e+00
9.919166036980211487e-01 1.268914942310272187e-01 0.000000000000000000e+00 2.104179954528808594e+01 -1.268914942310272187e-01 9.919166036980211487e-01 -0.000000000000000000e+00 -2.518442153930664062e+00 -0.000000000000000000e+00 0.000000000000000000e+00 1.000000000000000000e+00 0.000000000000000000e+00
9.922454066295061104e-01 1.242942195866168081e-01 0.000000000000000000e+00 2.404924964904785156e+01 -1.242942195866168081e-01 9.922454066295061104e-01 -0.000000000000000000e+00 -2.657174348831176758e+00 -0.000000000000000000e+00 0.000000000000000000e+00 1.000000000000000000e+00 0.000000000000000000e+00
9.921801899058582119e-01 1.248137442687109327e-01 0.000000000000000000e+00 2.704294967651367188e+01 -1.248137442687109327e-01 9.921801899058582119e-01 -0.000000000000000000e+00 -2.932229995727539062e+00 -0.000000000000000000e+00 0.000000000000000000e+00 1.000000000000000000e+00 0.000000000000000000e+00
9.922236972567596291e-01 1.244674037735427896e-01 0.000000000000000000e+00 2.992504882812500000e+01 -1.244674037735427896e-01 9.922236972567596291e-01 -0.000000000000000000e+00 -3.166836261749267578e+00 -0.000000000000000000e+00 0.000000000000000000e+00 1.000000000000000000e+00 0.000000000000000000e+00
9.893232660556411373e-01 1.457376932745919618e-01 0.000000000000000000e+00 3.281795883178710938e+01 -1.457376932745919618e-01 9.893232660556411373e-01 -0.000000000000000000e+00 -4.349740982055664062e+00 -0.000000000000000000e+00 0.000000000000000000e+00 1.000000000000000000e+00 0.000000000000000000e+00
9.907004066316794644e-01 1.360613990073043789e-01 0.000000000000000000e+00 3.574794387817382812e+01 -1.360613990073043789e-01 9.907004066316794644e-01 -0.000000000000000000e+00 -4.176090717315673828e+00 -0.000000000000000000e+00 0.000000000000000000e+00 1.000000000000000000e+00 0.000000000000000000e+00
9.902923438790923738e-01 1.390002649438245308e-01 0.000000000000000000e+00 3.861396789550781250e+01 -1.390002649438245308e-01 9.902923438790923738e-01 -0.000000000000000000e+00 -4.554423809051513672e+00 -0.000000000000000000e+00 0.000000000000000000e+00 1.000000000000000000e+00 0.000000000000000000e+00
9.902316000837546595e-01 1.394323427170573448e-01 0.000000000000000000e+00 4.143261337280273438e+01 -1.394323427170573448e-01 9.902316000837546595e-01 -0.000000000000000000e+00 -4.914460182189941406e+00 -0.000000000000000000e+00 0.000000000000000000e+00 1.000000000000000000e+00 0.000000000000000000e+00
9.901706668165716207e-01 1.398644006744597934e-01 0.000000000000000000e+00 4.425125503540039062e+01 -1.398644006744597934e-01 9.901706668165716207e-01 -0.000000000000000000e+00 -5.274494171142578125e+00 -0.000000000000000000e+00 0.000000000000000000e+00 1.000000000000000000e+00 0.000000000000000000e+00
9.896513864577468622e-01 1.434926244873211132e-01 0.000000000000000000e+00 4.722444152832031250e+01 -1.434926244873211132e-01 9.896513864577468622e-01 -0.000000000000000000e+00 -5.870918750762939453e+00 -0.000000000000000000e+00 0.000000000000000000e+00 1.000000000000000000e+00 0.000000000000000000e+00
9.904734471436399401e-01 1.377038507210132101e-01 0.000000000000000000e+00 5.019219207763671875e+01 -1.377038507210132101e-01 9.904734471436399401e-01 -0.000000000000000000e+00 -5.868655204772949219e+00 -0.000000000000000000e+00 0.000000000000000000e+00 1.000000000000000000e+00 0.000000000000000000e+00
9.912616460521058714e-01 1.319103827076154867e-01 0.000000000000000000e+00 5.315846633911132812e+01 -1.319103827076154867e-01 9.912616460521058714e-01 -0.000000000000000000e+00 -5.866222381591796875e+00 -0.000000000000000000e+00 0.000000000000000000e+00 1.000000000000000000e+00 0.000000000000000000e+00
9.900482336781215587e-01 1.407284441427233412e-01 0.000000000000000000e+00 5.610709762573242188e+01 -1.407284441427233412e-01 9.900482336781215587e-01 -0.000000000000000000e+00 -6.689681529998779297e+00 -0.000000000000000000e+00 0.000000000000000000e+00 1.000000000000000000e+00 0.000000000000000000e+00
9.899497462163929784e-01 1.414195883394485098e-01 0.000000000000000000e+00 5.921492767333984375e+01 -1.414195883394485098e-01 9.899497462163929784e-01 -0.000000000000000000e+00 -6.974813938140869141e+00 -0.000000000000000000e+00 0.000000000000000000e+00 1.000000000000000000e+00 0.000000000000000000e+00
9.898135373439331808e-01 1.423698047013138290e-01 0.000000000000000000e+00 6.225956726074218750e+01 -1.423698047013138290e-01 9.898135373439331808e-01 -0.000000000000000000e+00 -7.455335140228271484e+00 -0.000000000000000000e+00 0.000000000000000000e+00 1.000000000000000000e+00 0.000000000000000000e+00
9.893994378957325919e-01 1.452196690934405288e-01 0.000000000000000000e+00 6.529831695556640625e+01 -1.452196690934405288e-01 9.893994378957325919e-01 -0.000000000000000000e+00 -7.833642482757568359e+00 -0.000000000000000000e+00 0.000000000000000000e+00 1.000000000000000000e+00 0.000000000000000000e+00
9.887302667205287721e-01 1.497079145227533936e-01 0.000000000000000000e+00 6.838130187988281250e+01 -1.497079145227533936e-01 9.887302667205287721e-01 -0.000000000000000000e+00 -8.470292091369628906e+00 -0.000000000000000000e+00 0.000000000000000000e+00 1.000000000000000000e+00 0.000000000000000000e+00
9.880944997417895337e-01 1.538481705449323833e-01 0.000000000000000000e+00 7.135411834716796875e+01 -1.538481705449323833e-01 9.880944997417895337e-01 -0.000000000000000000e+00 -8.903813362121582031e+00 -0.000000000000000000e+00 0.000000000000000000e+00 1.000000000000000000e+00 0.000000000000000000e+00
9.877156272023779326e-01 1.562620868291896559e-01 0.000000000000000000e+00 7.445161437988281250e+01 -1.562620868291896559e-01 9.877156272023779326e-01 -0.000000000000000000e+00 -9.264356613159179688e+00 -0.000000000000000000e+00 0.000000000000000000e+00 1.000000000000000000e+00 0.000000000000000000e+00
9.868839060442481381e-01 1.614315830029784959e-01 0.000000000000000000e+00 7.752826690673828125e+01 -1.614315830029784959e-01 9.868839060442481381e-01 -0.000000000000000000e+00 -9.930881500244140625e+00 -0.000000000000000000e+00 0.000000000000000000e+00 1.000000000000000000e+00 0.000000000000000000e+00
9.860832205689448182e-01 1.662524649813585109e-01 0.000000000000000000e+00 8.061003112792968750e+01 -1.662524649813585109e-01 9.860832205689448182e-01 -0.000000000000000000e+00 -1.039682865142822266e+01 -0.000000000000000000e+00 0.000000000000000000e+00 1.000000000000000000e+00 0.000000000000000000e+00
9.853186420575743565e-01 1.707254334123001760e-01 0.000000000000000000e+00 8.357345581054687500e+01 -1.707254334123001760e-01 9.853186420575743565e-01 -0.000000000000000000e+00 -1.103033351898193359e+01 -0.000000000000000000e+00 0.000000000000000000e+00 1.000000000000000000e+00 0.000000000000000000e+00
9.845948659257368618e-01 1.748512224512034086e-01 0.000000000000000000e+00 8.665779876708984375e+01 -1.748512224512034086e-01 9.845948659257368618e-01 -0.000000000000000000e+00 -1.146588611602783203e+01 -0.000000000000000000e+00 0.000000000000000000e+00 1.000000000000000000e+00 0.000000000000000000e+00
9.846698725113433026e-01 1.744283296041524989e-01 0.000000000000000000e+00 8.935916900634765625e+01 -1.744283296041524989e-01 9.846698725113433026e-01 -0.000000000000000000e+00 -1.203055763244628906e+01 -0.000000000000000000e+00 0.000000000000000000e+00 1.000000000000000000e+00 0.000000000000000000e+00
9.836664287681666785e-01 1.800009914263840660e-01 0.000000000000000000e+00 9.470930480957031250e+01 -1.800009914263840660e-01 9.836664287681666785e-01 -0.000000000000000000e+00 -1.324056911468505859e+01 -0.000000000000000000e+00 0.000000000000000000e+00 1.000000000000000000e+00 0.000000000000000000e+00
9.836664287681666785e-01 1.800009914263840660e-01 0.000000000000000000e+00 9.470930480957031250e+01 -1.800009914263840660e-01 9.836664287681666785e-01 -0.000000000000000000e+00 -1.324056911468505859e+01 -0.000000000000000000e+00 0.000000000000000000e+00 1.000000000000000000e+00 0.000000000000000000e+00
9.831416864435030822e-01 1.828453564546408394e-01 0.000000000000000000e+00 9.724360656738281250e+01 -1.828453564546408394e-01 9.831416864435030822e-01 -0.000000000000000000e+00 -1.378999328613281250e+01 -0.000000000000000000e+00 0.000000000000000000e+00 1.000000000000000000e+00 0.000000000000000000e+00
9.827535610372439834e-01 1.849200861686366715e-01 0.000000000000000000e+00 9.932490539550781250e+01 -1.849200861686366715e-01 9.827535610372439834e-01 -0.000000000000000000e+00 -1.431650924682617188e+01 -0.000000000000000000e+00 0.000000000000000000e+00 1.000000000000000000e+00 0.000000000000000000e+00
9.822675524856884222e-01 1.874845469199402925e-01 0.000000000000000000e+00 1.018519134521484375e+02 -1.874845469199402925e-01 9.822675524856884222e-01 -0.000000000000000000e+00 -1.493154430389404297e+01 -0.000000000000000000e+00 0.000000000000000000e+00 1.000000000000000000e+00 0.000000000000000000e+00
9.818791011794791856e-01 1.895083920753329598e-01 0.000000000000000000e+00 1.042611694335937500e+02 -1.895083920753329598e-01 9.818791011794791856e-01 -0.000000000000000000e+00 -1.557241916656494141e+01 -0.000000000000000000e+00 0.000000000000000000e+00 1.000000000000000000e+00 0.000000000000000000e+00
9.815069280336441437e-01 1.914266183736182680e-01 0.000000000000000000e+00 1.056114044189453125e+02 -1.914266183736182680e-01 9.815069280336441437e-01 -0.000000000000000000e+00 -1.591861152648925781e+01 -0.000000000000000000e+00 0.000000000000000000e+00 1.000000000000000000e+00 0.000000000000000000e+00
9.811046576843708289e-01 1.934777782331437157e-01 0.000000000000000000e+00 1.077554092407226562e+02 -1.934777782331437157e-01 9.811046576843708289e-01 -0.000000000000000000e+00 -1.651511955261230469e+01 -0.000000000000000000e+00 0.000000000000000000e+00 1.000000000000000000e+00 0.000000000000000000e+00
9.807273599323363955e-01 1.953812823178042168e-01 0.000000000000000000e+00 1.097982711791992188e+02 -1.953812823178042168e-01 9.807273599323363955e-01 -0.000000000000000000e+00 -1.704855918884277344e+01 -0.000000000000000000e+00 0.000000000000000000e+00 1.000000000000000000e+00 0.000000000000000000e+00
9.804039984185577428e-01 1.969974616204600015e-01 0.000000000000000000e+00 1.116390533447265625e+02 -1.969974616204600015e-01 9.804039984185577428e-01 -0.000000000000000000e+00 -1.757464790344238281e+01 -0.000000000000000000e+00 0.000000000000000000e+00 1.000000000000000000e+00 0.000000000000000000e+00
9.799603849594590299e-01 1.991924795520876590e-01 0.000000000000000000e+00 1.133799438476562500e+02 -1.991924795520876590e-01 9.799603849594590299e-01 -0.000000000000000000e+00 -1.798497390747070312e+01 -0.000000000000000000e+00 0.000000000000000000e+00 1.000000000000000000e+00 0.000000000000000000e+00
9.797064425366894813e-01 2.004377370958484172e-01 0.000000000000000000e+00 1.149996719360351562e+02 -2.004377370958484172e-01 9.797064425366894813e-01 -0.000000000000000000e+00 -1.847055244445800781e+01 -0.000000000000000000e+00 0.000000000000000000e+00 1.000000000000000000e+00 0.000000000000000000e+00
9.794593766888866071e-01 2.016415865247488670e-01 0.000000000000000000e+00 1.158844223022460938e+02 -2.016415865247488670e-01 9.794593766888866071e-01 -0.000000000000000000e+00 -1.868089485168457031e+01 -0.000000000000000000e+00 0.000000000000000000e+00 1.000000000000000000e+00 0.000000000000000000e+00
9.790977099979120135e-01 2.033904478505433322e-01 0.000000000000000000e+00 1.165762786865234375e+02 -2.033904478505433322e-01 9.790977099979120135e-01 -0.000000000000000000e+00 -1.896186065673828125e+01 -0.000000000000000000e+00 0.000000000000000000e+00 1.000000000000000000e+00 0.000000000000000000e+00
9.788208153490739472e-01 2.047188595107302389e-01 0.000000000000000000e+00 1.181070938110351562e+02 -2.047188595107302389e-01 9.788208153490739472e-01 -0.000000000000000000e+00 -1.948977088928222656e+01 -0.000000000000000000e+00 0.000000000000000000e+00 1.000000000000000000e+00 0.000000000000000000e+00
9.785216905780839136e-01 2.061438843822650246e-01 0.000000000000000000e+00 1.186531143188476562e+02 -2.061438843822650246e-01 9.785216905780839136e-01 -0.000000000000000000e+00 -1.971456146240234375e+01 -0.000000000000000000e+00 0.000000000000000000e+00 1.000000000000000000e+00 0.000000000000000000e+00
9.782309660520445149e-01 2.075191004627858216e-01 0.000000000000000000e+00 1.197635803222656250e+02 -2.075191004627858216e-01 9.782309660520445149e-01 -0.000000000000000000e+00 -2.016862869262695312e+01 -0.000000000000000000e+00 0.000000000000000000e+00 1.000000000000000000e+00 0.000000000000000000e+00
9.779905505595941628e-01 2.086491864737119450e-01 0.000000000000000000e+00 1.212241439819335938e+02 -2.086491864737119450e-01 9.779905505595941628e-01 -0.000000000000000000e+00 -2.073283767700195312e+01 -0.000000000000000000e+00 0.000000000000000000e+00 1.000000000000000000e+00 0.000000000000000000e+00
9.777576690502202128e-01 2.097377901415954371e-01 0.000000000000000000e+00 1.216773529052734375e+02 -2.097377901415954371e-01 9.777576690502202128e-01 -0.000000000000000000e+00 -2.093014907836914062e+01 -0.000000000000000000e+00 0.000000000000000000e+00 1.000000000000000000e+00 0.000000000000000000e+00
9.775579119914891146e-01 2.106668666469410367e-01 0.000000000000000000e+00 1.230121688842773438e+02 -2.106668666469410367e-01 9.775579119914891146e-01 -0.000000000000000000e+00 -2.149069976806640625e+01 -0.000000000000000000e+00 0.000000000000000000e+00 1.000000000000000000e+00 0.000000000000000000e+00
9.773510446553166364e-01 2.116245153831693981e-01 0.000000000000000000e+00 1.244392776489257812e+02 -2.116245153831693981e-01 9.773510446553166364e-01 -0.000000000000000000e+00 -2.206428718566894531e+01 -0.000000000000000000e+00 0.000000000000000000e+00 1.000000000000000000e+00 0.000000000000000000e+00
9.771219701988737016e-01 2.126797013226023880e-01 0.000000000000000000e+00 1.256791152954101562e+02 -2.126797013226023880e-01 9.771219701988737016e-01 -0.000000000000000000e+00 -2.261446189880371094e+01 -0.000000000000000000e+00 0.000000000000000000e+00 1.000000000000000000e+00 0.000000000000000000e+00
9.768564409340386723e-01 2.138959882879597485e-01 0.000000000000000000e+00 1.261867980957031250e+02 -2.138959882879597485e-01 9.768564409340386723e-01 -0.000000000000000000e+00 -2.293268394470214844e+01 -0.000000000000000000e+00 0.000000000000000000e+00 1.000000000000000000e+00 0.000000000000000000e+00
9.766854724378983832e-01 2.146753081487463022e-01 0.000000000000000000e+00 1.276326599121093750e+02 -2.146753081487463022e-01 9.766854724378983832e-01 -0.000000000000000000e+00 -2.356974792480468750e+01 -0.000000000000000000e+00 0.000000000000000000e+00 1.000000000000000000e+00 0.000000000000000000e+00
9.764203680639326199e-01 2.158778933330006145e-01 0.000000000000000000e+00 1.281355285644531250e+02 -2.158778933330006145e-01 9.764203680639326199e-01 -0.000000000000000000e+00 -2.391455650329589844e+01 -0.000000000000000000e+00 0.000000000000000000e+00 1.000000000000000000e+00 0.000000000000000000e+00
9.761531008283398370e-01 2.170832184744297677e-01 0.000000000000000000e+00 1.285522003173828125e+02 -2.170832184744297677e-01 9.761531008283398370e-01 -0.000000000000000000e+00 -2.423956680297851562e+01 -0.000000000000000000e+00 0.000000000000000000e+00 1.000000000000000000e+00 0.000000000000000000e+00
9.759986346235346444e-01 2.177766406504519359e-01 0.000000000000000000e+00 1.296446990966796875e+02 -2.177766406504519359e-01 9.759986346235346444e-01 -0.000000000000000000e+00 -2.478116607666015625e+01 -0.000000000000000000e+00 0.000000000000000000e+00 1.000000000000000000e+00 0.000000000000000000e+00
9.759056853867420500e-01 2.181927891334480285e-01 0.000000000000000000e+00 1.312266082763671875e+02 -2.181927891334480285e-01 9.759056853867420500e-01 -0.000000000000000000e+00 -2.547720336914062500e+01 -0.000000000000000000e+00 0.000000000000000000e+00 1.000000000000000000e+00 0.000000000000000000e+00
9.757699421329161238e-01 2.187990402856591077e-01 0.000000000000000000e+00 1.329408264160156250e+02 -2.187990402856591077e-01 9.757699421329161238e-01 -0.000000000000000000e+00 -2.619473838806152344e+01 -0.000000000000000000e+00 0.000000000000000000e+00 1.000000000000000000e+00 0.000000000000000000e+00
9.755825112578850877e-01 2.196332482293119059e-01 0.000000000000000000e+00 1.335970153808593750e+02 -2.196332482293119059e-01 9.755825112578850877e-01 -0.000000000000000000e+00 -2.656280517578125000e+01 -0.000000000000000000e+00 0.000000000000000000e+00 1.000000000000000000e+00 0.000000000000000000e+00
9.754627265699830074e-01 2.201646408319339887e-01 0.000000000000000000e+00 1.349464263916015625e+02 -2.201646408319339887e-01 9.754627265699830074e-01 -0.000000000000000000e+00 -2.718919563293457031e+01 -0.000000000000000000e+00 0.000000000000000000e+00 1.000000000000000000e+00 0.000000000000000000e+00
9.752878293168779633e-01 2.209381134760870502e-01 0.000000000000000000e+00 1.355858001708984375e+02 -2.209381134760870502e-01 9.752878293168779633e-01 -0.000000000000000000e+00 -2.754694175720214844e+01 -0.000000000000000000e+00 0.000000000000000000e+00 1.000000000000000000e+00 0.000000000000000000e+00
9.751795088506490794e-01 2.214157300595574196e-01 0.000000000000000000e+00 1.372990417480468750e+02 -2.214157300595574196e-01 9.751795088506490794e-01 -0.000000000000000000e+00 -2.823641967773437500e+01 -0.000000000000000000e+00 0.000000000000000000e+00 1.000000000000000000e+00 0.000000000000000000e+00
9.750563023423950426e-01 2.219576699787055574e-01 0.000000000000000000e+00 1.387708282470703125e+02 -2.219576699787055574e-01 9.750563023423950426e-01 -0.000000000000000000e+00 -2.889420318603515625e+01 -0.000000000000000000e+00 0.000000000000000000e+00 1.000000000000000000e+00 0.000000000000000000e+00
9.749801494712485583e-01 2.222919434820385398e-01 0.000000000000000000e+00 1.405634918212890625e+02 -2.222919434820385398e-01 9.749801494712485583e-01 -0.000000000000000000e+00 -2.962372779846191406e+01 -0.000000000000000000e+00 0.000000000000000000e+00 1.000000000000000000e+00 0.000000000000000000e+00
9.748582348443886048e-01 2.228259903065236414e-01 0.000000000000000000e+00 1.424738006591796875e+02 -2.228259903065236414e-01 9.748582348443886048e-01 -0.000000000000000000e+00 -3.038201332092285156e+01 -0.000000000000000000e+00 0.000000000000000000e+00 1.000000000000000000e+00 0.000000000000000000e+00
9.747005908538357577e-01 2.235145592331369557e-01 0.000000000000000000e+00 1.434125213623046875e+02 -2.235145592331369557e-01 9.747005908538357577e-01 -0.000000000000000000e+00 -3.082849693298339844e+01 -0.000000000000000000e+00 0.000000000000000000e+00 1.000000000000000000e+00 0.000000000000000000e+00
9.745391965624089492e-01 2.242172035404387254e-01 0.000000000000000000e+00 1.442604064941406250e+02 -2.242172035404387254e-01 9.745391965624089492e-01 -0.000000000000000000e+00 -3.124436187744140625e+01 -0.000000000000000000e+00 0.000000000000000000e+00 1.000000000000000000e+00 0.000000000000000000e+00
9.744526044917209973e-01 2.245932358716568322e-01 0.000000000000000000e+00 1.458091430664062500e+02 -2.245932358716568322e-01 9.744526044917209973e-01 -0.000000000000000000e+00 -3.190739822387695312e+01 -0.000000000000000000e+00 0.000000000000000000e+00 1.000000000000000000e+00 0.000000000000000000e+00
9.743665678421213894e-01 2.249662007314978951e-01 0.000000000000000000e+00 1.474539031982421875e+02 -2.249662007314978951e-01 9.743665678421213894e-01 -0.000000000000000000e+00 -3.257607269287109375e+01 -0.000000000000000000e+00 0.000000000000000000e+00 1.000000000000000000e+00 0.000000000000000000e+00
9.742721994840114474e-01 2.253745356347663376e-01 0.000000000000000000e+00 1.490712432861328125e+02 -2.253745356347663376e-01 9.742721994840114474e-01 -0.000000000000000000e+00 -3.323395538330078125e+01 -0.000000000000000000e+00 0.000000000000000000e+00 1.000000000000000000e+00 0.000000000000000000e+00
9.742265432307810613e-01 2.255718122119938218e-01 0.000000000000000000e+00 1.506892547607421875e+02 -2.255718122119938218e-01 9.742265432307810613e-01 -0.000000000000000000e+00 -3.386761474609375000e+01 -0.000000000000000000e+00 0.000000000000000000e+00 1.000000000000000000e+00 0.000000000000000000e+00
9.741122790763636630e-01 2.260647423917594157e-01 0.000000000000000000e+00 1.515894927978515625e+02 -2.260647423917594157e-01 9.741122790763636630e-01 -0.000000000000000000e+00 -3.426312255859375000e+01 -0.000000000000000000e+00 0.000000000000000000e+00 1.000000000000000000e+00 0.000000000000000000e+00
9.740556306733624270e-01 2.263087014533866625e-01 0.000000000000000000e+00 1.531163177490234375e+02 -2.263087014533866625e-01 9.740556306733624270e-01 -0.000000000000000000e+00 -3.484359359741210938e+01 -0.000000000000000000e+00 0.000000000000000000e+00 1.000000000000000000e+00 0.000000000000000000e+00
9.740033603895611458e-01 2.265335603168825707e-01 0.000000000000000000e+00 1.539416198730468750e+02 -2.265335603168825707e-01 9.740033603895611458e-01 -0.000000000000000000e+00 -3.513631057739257812e+01 -0.000000000000000000e+00 0.000000000000000000e+00 1.000000000000000000e+00 0.000000000000000000e+00
9.738916675586337668e-01 2.270132592159839202e-01 0.000000000000000000e+00 1.546433105468750000e+02 -2.270132592159839202e-01 9.738916675586337668e-01 -0.000000000000000000e+00 -3.544987487792968750e+01 -0.000000000000000000e+00 0.000000000000000000e+00 1.000000000000000000e+00 0.000000000000000000e+00
9.737774411072342984e-01 2.275027366662800143e-01 0.000000000000000000e+00 1.552341766357421875e+02 -2.275027366662800143e-01 9.737774411072342984e-01 -0.000000000000000000e+00 -3.572615432739257812e+01 -0.000000000000000000e+00 0.000000000000000000e+00 1.000000000000000000e+00 0.000000000000000000e+00
9.737414042379302082e-01 2.276569297709685469e-01 0.000000000000000000e+00 1.563663330078125000e+02 -2.276569297709685469e-01 9.737414042379302082e-01 -0.000000000000000000e+00 -3.619050979614257812e+01 -0.000000000000000000e+00 0.000000000000000000e+00 1.000000000000000000e+00 0.000000000000000000e+00
9.737239927091261293e-01 2.277313900686458170e-01 0.000000000000000000e+00 1.578099517822265625e+02 -2.277313900686458170e-01 9.737239927091261293e-01 -0.000000000000000000e+00 -3.675657653808593750e+01 -0.000000000000000000e+00 0.000000000000000000e+00 1.000000000000000000e+00 0.000000000000000000e+00
9.737306476399816280e-01 2.277029333289803115e-01 0.000000000000000000e+00 1.594062652587890625e+02 -2.277029333289803115e-01 9.737306476399816280e-01 -0.000000000000000000e+00 -3.735992050170898438e+01 -0.000000000000000000e+00 0.000000000000000000e+00 1.000000000000000000e+00 0.000000000000000000e+00
9.737145820524996109e-01 2.277716239972089052e-01 0.000000000000000000e+00 1.608028411865234375e+02 -2.277716239972089052e-01 9.737145820524996109e-01 -0.000000000000000000e+00 -3.789846801757812500e+01 -0.000000000000000000e+00 0.000000000000000000e+00 1.000000000000000000e+00 0.000000000000000000e+00
9.735980320176510494e-01 2.282692972157162048e-01 0.000000000000000000e+00 1.614693298339843750e+02 -2.282692972157162048e-01 9.735980320176510494e-01 -0.000000000000000000e+00 -3.824406051635742188e+01 -0.000000000000000000e+00 0.000000000000000000e+00 1.000000000000000000e+00 0.000000000000000000e+00
9.734742639238316286e-01 2.287965416651970008e-01 0.000000000000000000e+00 1.620394897460937500e+02 -2.287965416651970008e-01 9.734742639238316286e-01 -0.000000000000000000e+00 -3.856752014160156250e+01 -0.000000000000000000e+00 0.000000000000000000e+00 1.000000000000000000e+00 0.000000000000000000e+00
9.734742571051628879e-01 2.287965706769906904e-01 0.000000000000000000e+00 1.635260772705078125e+02 -2.287965706769906904e-01 9.734742571051628879e-01 -0.000000000000000000e+00 -3.915226364135742188e+01 -0.000000000000000000e+00 0.000000000000000000e+00 1.000000000000000000e+00 0.000000000000000000e+00
9.733797453088595120e-01 2.291983233412928367e-01 0.000000000000000000e+00 1.640886535644531250e+02 -2.291983233412928367e-01 9.733797453088595120e-01 -0.000000000000000000e+00 -3.945052337646484375e+01 -0.000000000000000000e+00 0.000000000000000000e+00 1.000000000000000000e+00 0.000000000000000000e+00
9.733045926897199163e-01 2.295172539246196353e-01 0.000000000000000000e+00 1.645670928955078125e+02 -2.295172539246196353e-01 9.733045926897199163e-01 -0.000000000000000000e+00 -3.969609832763671875e+01 -0.000000000000000000e+00 0.000000000000000000e+00 1.000000000000000000e+00 0.000000000000000000e+00
9.732931501827709608e-01 2.295657722904225206e-01 0.000000000000000000e+00 1.658158264160156250e+02 -2.295657722904225206e-01 9.732931501827709608e-01 -0.000000000000000000e+00 -4.017818069458007812e+01 -0.000000000000000000e+00 0.000000000000000000e+00 1.000000000000000000e+00 0.000000000000000000e+00
9.732860502650023671e-01 2.295958718260221465e-01 0.000000000000000000e+00 1.671235046386718750e+02 -2.295958718260221465e-01 9.732860502650023671e-01 -0.000000000000000000e+00 -4.066941833496093750e+01 -0.000000000000000000e+00 0.000000000000000000e+00 1.000000000000000000e+00 0.000000000000000000e+00
9.733030430440258174e-01 2.295238253455164634e-01 0.000000000000000000e+00 1.685365447998046875e+02 -2.295238253455164634e-01 9.733030430440258174e-01 -0.000000000000000000e+00 -4.121786499023437500e+01 -0.000000000000000000e+00 0.000000000000000000e+00 1.000000000000000000e+00 0.000000000000000000e+00
9.732912417163783747e-01 2.295738634910133580e-01 0.000000000000000000e+00 1.699505920410156250e+02 -2.295738634910133580e-01 9.732912417163783747e-01 -0.000000000000000000e+00 -4.176731872558593750e+01 -0.000000000000000000e+00 0.000000000000000000e+00 1.000000000000000000e+00 0.000000000000000000e+00
9.732999401955149121e-01 2.295369826747035158e-01 0.000000000000000000e+00 1.732966003417968750e+02 -2.295369826747035158e-01 9.732999401955149121e-01 -0.000000000000000000e+00 -4.301248931884765625e+01 -0.000000000000000000e+00 0.000000000000000000e+00 1.000000000000000000e+00 0.000000000000000000e+00
9.732999401955149121e-01 2.295369826747035158e-01 0.000000000000000000e+00 1.732966003417968750e+02 -2.295369826747035158e-01 9.732999401955149121e-01 -0.000000000000000000e+00 -4.301248931884765625e+01 -0.000000000000000000e+00 0.000000000000000000e+00 1.000000000000000000e+00 0.000000000000000000e+00
9.733278608435353974e-01 2.294185592007486341e-01 0.000000000000000000e+00 1.752399749755859375e+02 -2.294185592007486341e-01 9.733278608435353974e-01 -0.000000000000000000e+00 -4.371138000488281250e+01 -0.000000000000000000e+00 0.000000000000000000e+00 1.000000000000000000e+00 0.000000000000000000e+00
9.733582253578622057e-01 2.292896969516795280e-01 0.000000000000000000e+00 1.773279266357421875e+02 -2.292896969516795280e-01 9.733582253578622057e-01 -0.000000000000000000e+00 -4.445061492919921875e+01 -0.000000000000000000e+00 0.000000000000000000e+00 1.000000000000000000e+00 0.000000000000000000e+00
9.733476095783925031e-01 2.293347573483556778e-01 0.000000000000000000e+00 1.783885040283203125e+02 -2.293347573483556778e-01 9.733476095783925031e-01 -0.000000000000000000e+00 -4.483860015869140625e+01 -0.000000000000000000e+00 0.000000000000000000e+00 1.000000000000000000e+00 0.000000000000000000e+00
9.733256056403768453e-01 2.294281268824588660e-01 0.000000000000000000e+00 1.793504791259765625e+02 -2.294281268824588660e-01 9.733256056403768453e-01 -0.000000000000000000e+00 -4.520410156250000000e+01 -0.000000000000000000e+00 0.000000000000000000e+00 1.000000000000000000e+00 0.000000000000000000e+00
9.733348817568042710e-01 2.293887703342685491e-01 0.000000000000000000e+00 1.802206878662109375e+02 -2.293887703342685491e-01 9.733348817568042710e-01 -0.000000000000000000e+00 -4.549204254150390625e+01 -0.000000000000000000e+00 0.000000000000000000e+00 1.000000000000000000e+00 0.000000000000000000e+00
9.733896116558726774e-01 2.291564180214671620e-01 0.000000000000000000e+00 1.819120483398437500e+02 -2.291564180214671620e-01 9.733896116558726774e-01 -0.000000000000000000e+00 -4.608279800415039062e+01 -0.000000000000000000e+00 0.000000000000000000e+00 1.000000000000000000e+00 0.000000000000000000e+00
9.734674691341496100e-01 2.288254499341222103e-01 0.000000000000000000e+00 1.837510223388671875e+02 -2.288254499341222103e-01 9.734674691341496100e-01 -0.000000000000000000e+00 -4.670475387573242188e+01 -0.000000000000000000e+00 0.000000000000000000e+00 1.000000000000000000e+00 0.000000000000000000e+00
9.734699207521479991e-01 2.288150200288579239e-01 0.000000000000000000e+00 1.846330566406250000e+02 -2.288150200288579239e-01 9.734699207521479991e-01 -0.000000000000000000e+00 -4.701469039916992188e+01 -0.000000000000000000e+00 0.000000000000000000e+00 1.000000000000000000e+00 0.000000000000000000e+00
9.735355898120524598e-01 2.285354575756223250e-01 0.000000000000000000e+00 1.861939849853515625e+02 -2.285354575756223250e-01 9.735355898120524598e-01 -0.000000000000000000e+00 -4.754281234741210938e+01 -0.000000000000000000e+00 0.000000000000000000e+00 1.000000000000000000e+00 0.000000000000000000e+00
9.736107758167760196e-01 2.282149364381206580e-01 0.000000000000000000e+00 1.878320922851562500e+02 -2.282149364381206580e-01 9.736107758167760196e-01 -0.000000000000000000e+00 -4.809656524658203125e+01 -0.000000000000000000e+00 0.000000000000000000e+00 1.000000000000000000e+00 0.000000000000000000e+00
9.736018961978089026e-01 2.282528153605800081e-01 0.000000000000000000e+00 1.886600341796875000e+02 -2.282528153605800081e-01 9.736018961978089026e-01 -0.000000000000000000e+00 -4.841431808471679688e+01 -0.000000000000000000e+00 0.000000000000000000e+00 1.000000000000000000e+00 0.000000000000000000e+00
9.736666065633805545e-01 2.279766199928209003e-01 0.000000000000000000e+00 1.901462097167968750e+02 -2.279766199928209003e-01 9.736666065633805545e-01 -0.000000000000000000e+00 -4.892066574096679688e+01 -0.000000000000000000e+00 0.000000000000000000e+00 1.000000000000000000e+00 0.000000000000000000e+00
9.736660065599789249e-01 2.279791825354741397e-01 0.000000000000000000e+00 1.908866424560546875e+02 -2.279791825354741397e-01 9.736660065599789249e-01 -0.000000000000000000e+00 -4.920206832885742188e+01 -0.000000000000000000e+00 0.000000000000000000e+00 1.000000000000000000e+00 0.000000000000000000e+00
9.737504987730460915e-01 2.276180268327706313e-01 0.000000000000000000e+00 1.924084777832031250e+02 -2.276180268327706313e-01 9.737504987730460915e-01 -0.000000000000000000e+00 -4.969528198242187500e+01 -0.000000000000000000e+00 0.000000000000000000e+00 1.000000000000000000e+00 0.000000000000000000e+00
9.737606794701517687e-01 2.275744693893150816e-01 0.000000000000000000e+00 1.930869140625000000e+02 -2.275744693893150816e-01 9.737606794701517687e-01 -0.000000000000000000e+00 -4.994368362426757812e+01 -0.000000000000000000e+00 0.000000000000000000e+00 1.000000000000000000e+00 0.000000000000000000e+00
9.738133361589531578e-01 2.273490407258622892e-01 0.000000000000000000e+00 1.944276885986328125e+02 -2.273490407258622892e-01 9.738133361589531578e-01 -0.000000000000000000e+00 -5.042126464843750000e+01 -0.000000000000000000e+00 0.000000000000000000e+00 1.000000000000000000e+00 0.000000000000000000e+00
9.739174537579260438e-01 2.269026074457453912e-01 0.000000000000000000e+00 1.962729339599609375e+02 -2.269026074457453912e-01 9.739174537579260438e-01 -0.000000000000000000e+00 -5.102639389038085938e+01 -0.000000000000000000e+00 0.000000000000000000e+00 1.000000000000000000e+00 0.000000000000000000e+00
9.739911523767954549e-01 2.265860434619088315e-01 0.000000000000000000e+00 1.977322082519531250e+02 -2.265860434619088315e-01 9.739911523767954549e-01 -0.000000000000000000e+00 -5.151203155517578125e+01 -0.000000000000000000e+00 0.000000000000000000e+00 1.000000000000000000e+00 0.000000000000000000e+00
9.741002750133711530e-01 2.261164616273539651e-01 0.000000000000000000e+00 1.994969635009765625e+02 -2.261164616273539651e-01 9.741002750133711530e-01 -0.000000000000000000e+00 -5.208193969726562500e+01 -0.000000000000000000e+00 0.000000000000000000e+00 1.000000000000000000e+00 0.000000000000000000e+00
9.741654960170559319e-01 2.258353080672802493e-01 0.000000000000000000e+00 2.010043334960937500e+02 -2.258353080672802493e-01 9.741654960170559319e-01 -0.000000000000000000e+00 -5.259412384033203125e+01 -0.000000000000000000e+00 0.000000000000000000e+00 1.000000000000000000e+00 0.000000000000000000e+00
9.742066417304764414e-01 2.256577479463691971e-01 0.000000000000000000e+00 2.018504180908203125e+02 -2.256577479463691971e-01 9.742066417304764414e-01 -0.000000000000000000e+00 -5.287693023681640625e+01 -0.000000000000000000e+00 0.000000000000000000e+00 1.000000000000000000e+00 0.000000000000000000e+00
9.742892806686729301e-01 2.253006825868927587e-01 0.000000000000000000e+00 2.036012420654296875e+02 -2.253006825868927587e-01 9.742892806686729301e-01 -0.000000000000000000e+00 -5.345261383056640625e+01 -0.000000000000000000e+00 0.000000000000000000e+00 1.000000000000000000e+00 0.000000000000000000e+00
9.743148307985551870e-01 2.251901651626525280e-01 0.000000000000000000e+00 2.044098358154296875e+02 -2.251901651626525280e-01 9.743148307985551870e-01 -0.000000000000000000e+00 -5.374744033813476562e+01 -0.000000000000000000e+00 0.000000000000000000e+00 1.000000000000000000e+00 0.000000000000000000e+00
9.743622304527106426e-01 2.249849858706551020e-01 0.000000000000000000e+00 2.054359741210937500e+02 -2.249849858706551020e-01 9.743622304527106426e-01 -0.000000000000000000e+00 -5.408918380737304688e+01 -0.000000000000000000e+00 0.000000000000000000e+00 1.000000000000000000e+00 0.000000000000000000e+00
9.744311266419053430e-01 2.246864024176520036e-01 0.000000000000000000e+00 2.072813262939453125e+02 -2.246864024176520036e-01 9.744311266419053430e-01 -0.000000000000000000e+00 -5.474582672119140625e+01 -0.000000000000000000e+00 0.000000000000000000e+00 1.000000000000000000e+00 0.000000000000000000e+00
9.744311266419053430e-01 2.246864024176520036e-01 0.000000000000000000e+00 2.072813262939453125e+02 -2.246864024176520036e-01 9.744311266419053430e-01 -0.000000000000000000e+00 -5.474582672119140625e+01 -0.000000000000000000e+00 0.000000000000000000e+00 1.000000000000000000e+00 0.000000000000000000e+00
9.745038675942970796e-01 2.243707022847604982e-01 0.000000000000000000e+00 2.090347900390625000e+02 -2.243707022847604982e-01 9.745038675942970796e-01 -0.000000000000000000e+00 -5.531438064575195312e+01 -0.000000000000000000e+00 0.000000000000000000e+00 1.000000000000000000e+00 0.000000000000000000e+00
9.745539359596224749e-01 2.241531304836227312e-01 0.000000000000000000e+00 2.103410644531250000e+02 -2.241531304836227312e-01 9.745539359596224749e-01 -0.000000000000000000e+00 -5.572327804565429688e+01 -0.000000000000000000e+00 0.000000000000000000e+00 1.000000000000000000e+00 0.000000000000000000e+00
9.745913688859531021e-01 2.239903205341786108e-01 0.000000000000000000e+00 2.110282287597656250e+02 -2.239903205341786108e-01 9.745913688859531021e-01 -0.000000000000000000e+00 -5.594908142089843750e+01 -0.000000000000000000e+00 0.000000000000000000e+00 1.000000000000000000e+00 0.000000000000000000e+00
9.746572634324318640e-01 2.237034171361785007e-01 0.000000000000000000e+00 2.125548553466796875e+02 -2.237034171361785007e-01 9.746572634324318640e-01 -0.000000000000000000e+00 -5.644542312622070312e+01 -0.000000000000000000e+00 0.000000000000000000e+00 1.000000000000000000e+00 0.000000000000000000e+00
9.747134647152366771e-01 2.234584115732032861e-01 0.000000000000000000e+00 2.140252075195312500e+02 -2.234584115732032861e-01 9.747134647152366771e-01 -0.000000000000000000e+00 -5.690781402587890625e+01 -0.000000000000000000e+00 0.000000000000000000e+00 1.000000000000000000e+00 0.000000000000000000e+00
9.747395376713715587e-01 2.233446522758063546e-01 0.000000000000000000e+00 2.147264404296875000e+02 -2.233446522758063546e-01 9.747395376713715587e-01 -0.000000000000000000e+00 -5.715256500244140625e+01 -0.000000000000000000e+00 0.000000000000000000e+00 1.000000000000000000e+00 0.000000000000000000e+00
9.747808919528753169e-01 2.231640936251995944e-01 0.000000000000000000e+00 2.157939605712890625e+02 -2.231640936251995944e-01 9.747808919528753169e-01 -0.000000000000000000e+00 -5.748345184326171875e+01 -0.000000000000000000e+00 0.000000000000000000e+00 1.000000000000000000e+00 0.000000000000000000e+00
9.748157498817591193e-01 2.230117794701969858e-01 0.000000000000000000e+00 2.168564453125000000e+02 -2.230117794701969858e-01 9.748157498817591193e-01 -0.000000000000000000e+00 -5.778495407104492188e+01 -0.000000000000000000e+00 0.000000000000000000e+00 1.000000000000000000e+00 0.000000000000000000e+00
9.748276763187821992e-01 2.229596409284056724e-01 0.000000000000000000e+00 2.174336853027343750e+02 -2.229596409284056724e-01 9.748276763187821992e-01 -0.000000000000000000e+00 -5.799688339233398438e+01 -0.000000000000000000e+00 0.000000000000000000e+00 1.000000000000000000e+00 0.000000000000000000e+00
9.748408884288640719e-01 2.229018668545037773e-01 0.000000000000000000e+00 2.179203033447265625e+02 -2.229018668545037773e-01 9.748408884288640719e-01 -0.000000000000000000e+00 -5.817662048339843750e+01 -0.000000000000000000e+00 0.000000000000000000e+00 1.000000000000000000e+00 0.000000000000000000e+00
9.748468307235950148e-01 2.228758771786717718e-01 0.000000000000000000e+00 2.183143157958984375e+02 -2.228758771786717718e-01 9.748468307235950148e-01 -0.000000000000000000e+00 -5.833813476562500000e+01 -0.000000000000000000e+00 0.000000000000000000e+00 1.000000000000000000e+00 0.000000000000000000e+00
