-7.841269092655716033e-01 -6.206005077065458453e-01 0.000000000000000000e+00 0.000000000000000000e+00 6.206005077065458453e-01 -7.841269092655716033e-01 0.000000000000000000e+00 0.000000000000000000e+00 0.000000000000000000e+00 0.000000000000000000e+00 1.000000000000000000e+00 0.000000000000000000e+00
-7.841269067365004286e-01 -6.206005109020197308e-01 0.000000000000000000e+00 0.000000000000000000e+00 6.206005109020197308e-01 -7.841269067365004286e-01 0.000000000000000000e+00 0.000000000000000000e+00 0.000000000000000000e+00 0.000000000000000000e+00 1.000000000000000000e+00 0.000000000000000000e+00
-7.841269067365004286e-01 -6.206005109020197308e-01 0.000000000000000000e+00 -2.041557550430297852e+00 6.206005109020197308e-01 -7.841269067365004286e-01 0.000000000000000000e+00 1.713635921478271484e+00 0.000000000000000000e+00 0.000000000000000000e+00 1.000000000000000000e+00 0.000000000000000000e+00
-7.840185686408280841e-01 -6.207373712178014813e-01 0.000000000000000000e+00 -4.082604885101318359e+00 6.207373712178014813e-01 -7.840185686408280841e-01 0.000000000000000000e+00 3.248016595840454102e+00 0.000000000000000000e+00 0.000000000000000000e+00 1.000000000000000000e+00 0.000000000000000000e+00
-7.838018380525237916e-01 -6.210110133206051541e-01 0.000000000000000000e+00 -6.003623485565185547e+00 6.210110133206051541e-01 -7.838018380525237916e-01 0.000000000000000000e+00 4.785950183868408203e+00 0.000000000000000000e+00 0.000000000000000000e+00 1.000000000000000000e+00 0.000000000000000000e+00
-7.836934697066206823e-01 -6.211477646576523126e-01 0.000000000000000000e+00 -8.040601730346679688e+00 6.211477646576523126e-01 -7.836934697066206823e-01 0.000000000000000000e+00 6.505671501159667969e+00 0.000000000000000000e+00 0.000000000000000000e+00 1.000000000000000000e+00 0.000000000000000000e+00
-7.834766046221923741e-01 -6.214212822310483109e-01 0.000000000000000000e+00 -9.961610794067382812e+00 6.214212822310483109e-01 -7.834766046221923741e-01 0.000000000000000000e+00 8.043601989746093750e+00 0.000000000000000000e+00 0.000000000000000000e+00 1.000000000000000000e+00 0.000000000000000000e+00
-7.830425633023039289e-01 -6.219681214153643944e-01 0.000000000000000000e+00 -1.198484024554670668e+01 6.219681214153643944e-01 -7.830425633023039289e-01 0.000000000000000000e+00 9.781560784616260662e+00 0.000000000000000000e+00 0.000000000000000000e+00 1.000000000000000000e+00 0.000000000000000000e+00
-7.820645991682477760e-01 -6.231973706040552230e-01 0.000000000000000000e+00 -1.387371540069580078e+01 6.231973706040552230e-01 -7.820645991682477760e-01 0.000000000000000000e+00 1.136199855804443359e+01 0.000000000000000000e+00 0.000000000000000000e+00 1.000000000000000000e+00 0.000000000000000000e+00
-7.816293488324042027e-01 -6.237431851682487816e-01 0.000000000000000000e+00 -1.589688682556152344e+01 6.237431851682487816e-01 -7.816293488324042027e-01 0.000000000000000000e+00 1.309991741180419922e+01 0.000000000000000000e+00 0.000000000000000000e+00 1.000000000000000000e+00 0.000000000000000000e+00
-7.804304173042371229e-01 -6.252426438962199740e-01 0.000000000000000000e+00 -1.789187431335449219e+01 6.252426438962199740e-01 -7.804304173042371229e-01 0.000000000000000000e+00 1.469491386413574219e+01 0.000000000000000000e+00 0.000000000000000000e+00 1.000000000000000000e+00 0.000000000000000000e+00
-7.799937154685594454e-01 -6.257873471312388469e-01 0.000000000000000000e+00 -1.980359139967481497e+01 6.257873471312388469e-01 -7.799937154685594454e-01 0.000000000000000000e+00 1.624491285855566503e+01 0.000000000000000000e+00 0.000000000000000000e+00 1.000000000000000000e+00 0.000000000000000000e+00
-7.795566323757920912e-01 -6.263317466957220025e-01 0.000000000000000000e+00 -2.182667732238769531e+01 6.263317466957220025e-01 -7.795566323757920912e-01 0.000000000000000000e+00 1.798277282714843750e+01 0.000000000000000000e+00 0.000000000000000000e+00 1.000000000000000000e+00 0.000000000000000000e+00
-7.789003266891361132e-01 -6.271477346555249799e-01 0.000000000000000000e+00 -2.384456825256347656e+01 6.271477346555249799e-01 -7.789003266891361132e-01 0.000000000000000000e+00 1.954737663269042969e+01 0.000000000000000000e+00 0.000000000000000000e+00 1.000000000000000000e+00 0.000000000000000000e+00
-7.786813533344540961e-01 -6.274195964179181129e-01 0.000000000000000000e+00 -2.576140975952148438e+01 6.274195964179181129e-01 -7.786813533344540961e-01 0.000000000000000000e+00 2.127058410644531250e+01 0.000000000000000000e+00 0.000000000000000000e+00 1.000000000000000000e+00 0.000000000000000000e+00
-7.786813533344540961e-01 -6.274195964179181129e-01 0.000000000000000000e+00 -2.768750000000000000e+01 6.274195964179181129e-01 -7.786813533344540961e-01 0.000000000000000000e+00 2.298169898986816406e+01 0.000000000000000000e+00 0.000000000000000000e+00 1.000000000000000000e+00 0.000000000000000000e+00
-7.785718396616156944e-01 -6.275554879737140768e-01 0.000000000000000000e+00 -2.972847747802734375e+01 6.275554879737140768e-01 -7.785718396616156944e-01 0.000000000000000000e+00 2.451605033874511719e+01 0.000000000000000000e+00 0.000000000000000000e+00 1.000000000000000000e+00 0.000000000000000000e+00
-7.792285989861571505e-01 -6.267398108641824006e-01 0.000000000000000000e+00 -3.168230056762695312e+01 6.267398108641824006e-01 -7.792285989861571505e-01 0.000000000000000000e+00 2.619088172912597656e+01 0.000000000000000000e+00 0.000000000000000000e+00 1.000000000000000000e+00 0.000000000000000000e+00
-7.796659444893234703e-01 -6.261956683047006367e-01 0.000000000000000000e+00 -3.362685775756835938e+01 6.261956683047006367e-01 -7.796659444893234703e-01 0.000000000000000000e+00 2.787779235839843750e+01 0.000000000000000000e+00 0.000000000000000000e+00 1.000000000000000000e+00 0.000000000000000000e+00
-7.802121054866797412e-01 -6.255150441452568266e-01 0.000000000000000000e+00 -3.569552230834960938e+01 6.255150441452568266e-01 -7.802121054866797412e-01 0.000000000000000000e+00 2.937582397460937500e+01 0.000000000000000000e+00 0.000000000000000000e+00 1.000000000000000000e+00 0.000000000000000000e+00
-7.802121054866797412e-01 -6.255150441452568266e-01 0.000000000000000000e+00 -3.762160491943359375e+01 6.255150441452568266e-01 -7.802121054866797412e-01 0.000000000000000000e+00 3.108694267272949219e+01 0.000000000000000000e+00 0.000000000000000000e+00 1.000000000000000000e+00 0.000000000000000000e+00
-7.805395078916532725e-01 -6.251064522305427307e-01 0.000000000000000000e+00 -3.967695999145507812e+01 6.251064522305427307e-01 -7.805395078916532725e-01 0.000000000000000000e+00 3.278242111206054688e+01 0.000000000000000000e+00 0.000000000000000000e+00 1.000000000000000000e+00 0.000000000000000000e+00
-7.804304173042371229e-01 -6.252426438962199740e-01 0.000000000000000000e+00 -4.159843444824218750e+01 6.252426438962199740e-01 -7.804304173042371229e-01 0.000000000000000000e+00 3.449959945678710938e+01 0.000000000000000000e+00 0.000000000000000000e+00 1.000000000000000000e+00 0.000000000000000000e+00
-7.806486052829986200e-01 -6.249702033454951344e-01 0.000000000000000000e+00 -4.353779220581054688e+01 6.249702033454951344e-01 -7.806486052829986200e-01 0.000000000000000000e+00 3.601325988769531250e+01 0.000000000000000000e+00 0.000000000000000000e+00 1.000000000000000000e+00 0.000000000000000000e+00
-7.813026446632105326e-01 -6.241523671686854957e-01 0.000000000000000000e+00 -4.560693740844726562e+01 6.241523671686854957e-01 -7.813026446632105326e-01 0.000000000000000000e+00 3.769053649902343750e+01 0.000000000000000000e+00 0.000000000000000000e+00 1.000000000000000000e+00 0.000000000000000000e+00
-7.813026446632105326e-01 -6.241523671686854957e-01 0.000000000000000000e+00 -4.753301239013671875e+01 6.241523671686854957e-01 -7.813026446632105326e-01 0.000000000000000000e+00 3.940166091918945312e+01 0.000000000000000000e+00 0.000000000000000000e+00 1.000000000000000000e+00 0.000000000000000000e+00
-7.819558513116218190e-01 -6.233338163452357694e-01 0.000000000000000000e+00 -4.960618209838867188e+01 6.233338163452357694e-01 -7.819558513116218190e-01 0.000000000000000000e+00 4.089356613159179688e+01 0.000000000000000000e+00 0.000000000000000000e+00 1.000000000000000000e+00 0.000000000000000000e+00
-7.826081379399649762e-01 -6.225146604138255269e-01 0.000000000000000000e+00 -5.155979537963867188e+01 6.225146604138255269e-01 -7.826081379399649762e-01 0.000000000000000000e+00 4.256825637817382812e+01 0.000000000000000000e+00 0.000000000000000000e+00 1.000000000000000000e+00 0.000000000000000000e+00
-7.833681320028478279e-01 -6.215580180179237635e-01 0.000000000000000000e+00 -5.351795196533203125e+01 6.215580180179237635e-01 -7.833681320028478279e-01 0.000000000000000000e+00 4.423683929443359375e+01 0.000000000000000000e+00 0.000000000000000000e+00 1.000000000000000000e+00 0.000000000000000000e+00
-7.841269067365004286e-01 -6.206005109020197308e-01 0.000000000000000000e+00 -5.547605133056640625e+01 6.206005109020197308e-01 -7.841269067365004286e-01 0.000000000000000000e+00 4.590538024902343750e+01 0.000000000000000000e+00 0.000000000000000000e+00 1.000000000000000000e+00 0.000000000000000000e+00
-7.845599753977909874e-01 -6.200529372592455957e-01 0.000000000000000000e+00 -5.753991699218750000e+01 6.200529372592455957e-01 -7.845599753977909874e-01 0.000000000000000000e+00 4.740934753417968750e+01 0.000000000000000000e+00 0.000000000000000000e+00 1.000000000000000000e+00 0.000000000000000000e+00
-7.849275597257356907e-01 -6.195875450515460070e-01 0.000000000000000000e+00 -5.913202285766601562e+01 6.195875450515460070e-01 -7.849275597257356907e-01 0.000000000000000000e+00 4.932680130004882812e+01 0.000000000000000000e+00 0.000000000000000000e+00 1.000000000000000000e+00 0.000000000000000000e+00
-7.854321161860990941e-01 -6.189478094826943444e-01 0.000000000000000000e+00 -6.102934646606445312e+01 6.189478094826943444e-01 -7.854321161860990941e-01 0.000000000000000000e+00 5.096470642089843750e+01 0.000000000000000000e+00 0.000000000000000000e+00 1.000000000000000000e+00 0.000000000000000000e+00
-7.856731147361399881e-01 -6.186418647172300389e-01 0.000000000000000000e+00 -6.306929016113281250e+01 6.186418647172300389e-01 -7.856731147361399881e-01 0.000000000000000000e+00 5.267256927490234375e+01 0.000000000000000000e+00 0.000000000000000000e+00 1.000000000000000000e+00 0.000000000000000000e+00
-7.860953675836255261e-01 -6.181052281477361632e-01 0.000000000000000000e+00 -6.506422424316406250e+01 6.181052281477361632e-01 -7.860953675836255261e-01 0.000000000000000000e+00 5.441318511962890625e+01 0.000000000000000000e+00 0.000000000000000000e+00 1.000000000000000000e+00 0.000000000000000000e+00
-7.860953675836255261e-01 -6.181052281477361632e-01 0.000000000000000000e+00 -6.506422424316406250e+01 6.181052281477361632e-01 -7.860953675836255261e-01 0.000000000000000000e+00 5.441318511962890625e+01 0.000000000000000000e+00 0.000000000000000000e+00 1.000000000000000000e+00 0.000000000000000000e+00
-7.876005617520707158e-01 -6.161861367540035772e-01 0.000000000000000000e+00 -6.779478454589843750e+01 6.161861367540035772e-01 -7.876005617520707158e-01 0.000000000000000000e+00 5.689146804809570312e+01 0.000000000000000000e+00 0.000000000000000000e+00 1.000000000000000000e+00 0.000000000000000000e+00
-7.868651927043883720e-01 -6.171249213168156222e-01 0.000000000000000000e+00 -7.066129302978515625e+01 6.171249213168156222e-01 -7.868651927043883720e-01 0.000000000000000000e+00 5.922389602661132812e+01 0.000000000000000000e+00 0.000000000000000000e+00 1.000000000000000000e+00 0.000000000000000000e+00
-7.861266207289001606e-01 -6.180654788785401310e-01 0.000000000000000000e+00 -7.185580444335937500e+01 6.180654788785401310e-01 -7.861266207289001606e-01 0.000000000000000000e+00 5.984228897094726562e+01 0.000000000000000000e+00 0.000000000000000000e+00 1.000000000000000000e+00 0.000000000000000000e+00
-7.875877762879075483e-01 -6.162024786073726501e-01 0.000000000000000000e+00 -7.440811157226562500e+01 6.162024786073726501e-01 -7.875877762879075483e-01 0.000000000000000000e+00 6.247229766845703125e+01 0.000000000000000000e+00 0.000000000000000000e+00 1.000000000000000000e+00 0.000000000000000000e+00
-7.870877762780477127e-01 -6.168410106613190225e-01 0.000000000000000000e+00 -7.685025024414062500e+01 6.168410106613190225e-01 -7.870877762780477127e-01 0.000000000000000000e+00 6.450070953369140625e+01 0.000000000000000000e+00 0.000000000000000000e+00 1.000000000000000000e+00 0.000000000000000000e+00
-7.874787328107519802e-01 -6.163418251025730710e-01 0.000000000000000000e+00 -7.881563568115234375e+01 6.163418251025730710e-01 -7.874787328107519802e-01 0.000000000000000000e+00 6.624367523193359375e+01 0.000000000000000000e+00 0.000000000000000000e+00 1.000000000000000000e+00 0.000000000000000000e+00
-7.876536213964355770e-01 -6.161183106360992312e-01 0.000000000000000000e+00 -8.080051422119140625e+01 6.161183106360992312e-01 -7.876536213964355770e-01 0.000000000000000000e+00 6.794770050048828125e+01 0.000000000000000000e+00 0.000000000000000000e+00 1.000000000000000000e+00 0.000000000000000000e+00
-7.882357149019689757e-01 -6.153734295149425604e-01 0.000000000000000000e+00 -8.270956420898437500e+01 6.153734295149425604e-01 -7.882357149019689757e-01 0.000000000000000000e+00 6.965609741210937500e+01 0.000000000000000000e+00 0.000000000000000000e+00 1.000000000000000000e+00 0.000000000000000000e+00
-7.883002531051137574e-01 -6.152907531845523970e-01 0.000000000000000000e+00 -8.464942932128906250e+01 6.152907531845523970e-01 -7.883002531051137574e-01 0.000000000000000000e+00 7.130519866943359375e+01 0.000000000000000000e+00 0.000000000000000000e+00 1.000000000000000000e+00 0.000000000000000000e+00
-7.883549982530182465e-01 -6.152206081800933868e-01 0.000000000000000000e+00 -8.659018707275390625e+01 6.152206081800933868e-01 -7.883549982530182465e-01 0.000000000000000000e+00 7.301746368408203125e+01 0.000000000000000000e+00 0.000000000000000000e+00 1.000000000000000000e+00 0.000000000000000000e+00
-7.883849945760612599e-01 -6.151821684081093533e-01 0.000000000000000000e+00 -8.866180419921875000e+01 6.151821684081093533e-01 -7.883849945760612599e-01 0.000000000000000000e+00 7.475604248046875000e+01 0.000000000000000000e+00 0.000000000000000000e+00 1.000000000000000000e+00 0.000000000000000000e+00
-7.887500752641105617e-01 -6.147140138071197635e-01 0.000000000000000000e+00 -9.023081970214843750e+01 6.147140138071197635e-01 -7.887500752641105617e-01 0.000000000000000000e+00 7.612975311279296875e+01 0.000000000000000000e+00 0.000000000000000000e+00 1.000000000000000000e+00 0.000000000000000000e+00
-7.888611100642997087e-01 -6.145715166098414395e-01 0.000000000000000000e+00 -9.216767120361328125e+01 6.145715166098414395e-01 -7.888611100642997087e-01 0.000000000000000000e+00 7.777531433105468750e+01 0.000000000000000000e+00 0.000000000000000000e+00 1.000000000000000000e+00 0.000000000000000000e+00
-7.889080090661604316e-01 -6.145113125331925774e-01 0.000000000000000000e+00 -9.413979339599609375e+01 6.145113125331925774e-01 -7.889080090661604316e-01 0.000000000000000000e+00 7.945418548583984375e+01 0.000000000000000000e+00 0.000000000000000000e+00 1.000000000000000000e+00 0.000000000000000000e+00
-7.890237878147814410e-01 -6.143626471900900388e-01 0.000000000000000000e+00 -9.621398162841796875e+01 6.143626471900900388e-01 -7.890237878147814410e-01 0.000000000000000000e+00 8.122041320800781250e+01 0.000000000000000000e+00 0.000000000000000000e+00 1.000000000000000000e+00 0.000000000000000000e+00
-7.894050695310053101e-01 -6.138726547084079055e-01 0.000000000000000000e+00 -9.814173126220703125e+01 6.138726547084079055e-01 -7.894050695310053101e-01 0.000000000000000000e+00 8.292391204833984375e+01 0.000000000000000000e+00 0.000000000000000000e+00 1.000000000000000000e+00 0.000000000000000000e+00
-7.893409175583681048e-01 -6.139551415764131770e-01 0.000000000000000000e+00 -1.001063766479492188e+02 6.139551415764131770e-01 -7.893409175583681048e-01 0.000000000000000000e+00 8.461464691162109375e+01 0.000000000000000000e+00 0.000000000000000000e+00 1.000000000000000000e+00 0.000000000000000000e+00
-7.893828729232799102e-01 -6.139011972096068970e-01 0.000000000000000000e+00 -1.022161331176757812e+02 6.139011972096068970e-01 -7.893828729232799102e-01 0.000000000000000000e+00 8.647901916503906250e+01 0.000000000000000000e+00 0.000000000000000000e+00 1.000000000000000000e+00 0.000000000000000000e+00
-7.888920367968079717e-01 -6.145318171409708263e-01 0.000000000000000000e+00 -1.041832122802734375e+02 6.145318171409708263e-01 -7.888920367968079717e-01 0.000000000000000000e+00 8.810333251953125000e+01 0.000000000000000000e+00 0.000000000000000000e+00 1.000000000000000000e+00 0.000000000000000000e+00
-7.896008938429006641e-01 -6.136207529431292329e-01 0.000000000000000000e+00 -1.051740798950195312e+02 6.136207529431292329e-01 -7.896008938429006641e-01 0.000000000000000000e+00 8.904904937744140625e+01 0.000000000000000000e+00 0.000000000000000000e+00 1.000000000000000000e+00 0.000000000000000000e+00
-7.888456520411393225e-01 -6.145913579410219318e-01 0.000000000000000000e+00 -1.079450073242187500e+02 6.145913579410219318e-01 -7.888456520411393225e-01 0.000000000000000000e+00 9.138692474365234375e+01 0.000000000000000000e+00 0.000000000000000000e+00 1.000000000000000000e+00 0.000000000000000000e+00
-7.888456520411393225e-01 -6.145913579410219318e-01 0.000000000000000000e+00 -1.079450073242187500e+02 6.145913579410219318e-01 -7.888456520411393225e-01 0.000000000000000000e+00 9.138692474365234375e+01 0.000000000000000000e+00 0.000000000000000000e+00 1.000000000000000000e+00 0.000000000000000000e+00
-7.888743069661896534e-01 -6.145545767534519310e-01 0.000000000000000000e+00 -1.107739868164062500e+02 6.145545767534519310e-01 -7.888743069661896534e-01 0.000000000000000000e+00 9.376778411865234375e+01 0.000000000000000000e+00 0.000000000000000000e+00 1.000000000000000000e+00 0.000000000000000000e+00
-7.889055027138507370e-01 -6.145145301681698147e-01 0.000000000000000000e+00 -1.133093032836914062e+02 6.145145301681698147e-01 -7.889055027138507370e-01 0.000000000000000000e+00 9.592212677001953125e+01 0.000000000000000000e+00 0.000000000000000000e+00 1.000000000000000000e+00 0.000000000000000000e+00
-7.891844548074613552e-01 -6.141562474568256214e-01 0.000000000000000000e+00 -1.153934020996093750e+02 6.141562474568256214e-01 -7.891844548074613552e-01 0.000000000000000000e+00 9.776782226562500000e+01 0.000000000000000000e+00 0.000000000000000000e+00 1.000000000000000000e+00 0.000000000000000000e+00
-7.895941733527802597e-01 -6.136294007031765085e-01 0.000000000000000000e+00 -1.174200897216796875e+02 6.136294007031765085e-01 -7.895941733527802597e-01 0.000000000000000000e+00 9.952888488769531250e+01 0.000000000000000000e+00 0.000000000000000000e+00 1.000000000000000000e+00 0.000000000000000000e+00
-7.897840763380590268e-01 -6.133849629415770721e-01 0.000000000000000000e+00 -1.193322601318359375e+02 6.133849629415770721e-01 -7.897840763380590268e-01 0.000000000000000000e+00 1.011790542602539062e+02 0.000000000000000000e+00 0.000000000000000000e+00 1.000000000000000000e+00 0.000000000000000000e+00
-7.901436824033789552e-01 -6.129216598865049326e-01 0.000000000000000000e+00 -1.214218597412109375e+02 6.129216598865049326e-01 -7.901436824033789552e-01 0.000000000000000000e+00 1.030007476806640625e+02 0.000000000000000000e+00 0.000000000000000000e+00 1.000000000000000000e+00 0.000000000000000000e+00
-7.903698270796775116e-01 -6.126300159493003328e-01 0.000000000000000000e+00 -1.234436569213867188e+02 6.126300159493003328e-01 -7.903698270796775116e-01 0.000000000000000000e+00 1.047307815551757812e+02 0.000000000000000000e+00 0.000000000000000000e+00 1.000000000000000000e+00 0.000000000000000000e+00
-7.903698270796775116e-01 -6.126300159493003328e-01 0.000000000000000000e+00 -1.234436569213867188e+02 6.126300159493003328e-01 -7.903698270796775116e-01 0.000000000000000000e+00 1.047307815551757812e+02 0.000000000000000000e+00 0.000000000000000000e+00 1.000000000000000000e+00 0.000000000000000000e+00
-7.918226027639843068e-01 -6.107511487930820104e-01 0.000000000000000000e+00 -1.261213836669921875e+02 6.107511487930820104e-01 -7.918226027639843068e-01 0.000000000000000000e+00 1.072785644531250000e+02 0.000000000000000000e+00 0.000000000000000000e+00 1.000000000000000000e+00 0.000000000000000000e+00
-7.914720692667960300e-01 -6.112053366672585142e-01 0.000000000000000000e+00 -1.286402893066406250e+02 6.112053366672585142e-01 -7.914720692667960300e-01 0.000000000000000000e+00 1.092937698364257812e+02 0.000000000000000000e+00 0.000000000000000000e+00 1.000000000000000000e+00 0.000000000000000000e+00
-7.919274021206756942e-01 -6.106152551078278812e-01 0.000000000000000000e+00 -1.306385040283203125e+02 6.106152551078278812e-01 -7.919274021206756942e-01 0.000000000000000000e+00 1.110118179321289062e+02 0.000000000000000000e+00 0.000000000000000000e+00 1.000000000000000000e+00 0.000000000000000000e+00
-7.923120102570211376e-01 -6.101161187859882595e-01 0.000000000000000000e+00 -1.327850799560546875e+02 6.101161187859882595e-01 -7.923120102570211376e-01 0.000000000000000000e+00 1.128515167236328125e+02 0.000000000000000000e+00 0.000000000000000000e+00 1.000000000000000000e+00 0.000000000000000000e+00
-7.923120102570211376e-01 -6.101161187859882595e-01 0.000000000000000000e+00 -1.327850799560546875e+02 6.101161187859882595e-01 -7.923120102570211376e-01 0.000000000000000000e+00 1.128515167236328125e+02 0.000000000000000000e+00 0.000000000000000000e+00 1.000000000000000000e+00 0.000000000000000000e+00
-7.923120102570211376e-01 -6.101161187859882595e-01 0.000000000000000000e+00 -1.327850799560546875e+02 6.101161187859882595e-01 -7.923120102570211376e-01 0.000000000000000000e+00 1.128515167236328125e+02 0.000000000000000000e+00 0.000000000000000000e+00 1.000000000000000000e+00 0.000000000000000000e+00
-7.938806097309540899e-01 -6.080736612394990193e-01 0.000000000000000000e+00 -1.354865417480468750e+02 6.080736612394990193e-01 -7.938806097309540899e-01 0.000000000000000000e+00 1.153420791625976562e+02 0.000000000000000000e+00 0.000000000000000000e+00 1.000000000000000000e+00 0.000000000000000000e+00
-7.944439056145249367e-01 -6.073375345159723881e-01 0.000000000000000000e+00 -1.383186340332031250e+02 6.073375345159723881e-01 -7.944439056145249367e-01 0.000000000000000000e+00 1.177164916992187500e+02 0.000000000000000000e+00 0.000000000000000000e+00 1.000000000000000000e+00 0.000000000000000000e+00
-7.953939333312329829e-01 -6.060928071012467999e-01 0.000000000000000000e+00 -1.411251373291015625e+02 6.060928071012467999e-01 -7.953939333312329829e-01 0.000000000000000000e+00 1.201001739501953125e+02 0.000000000000000000e+00 0.000000000000000000e+00 1.000000000000000000e+00 0.000000000000000000e+00
-7.959420266378562925e-01 -6.053728522420057656e-01 0.000000000000000000e+00 -1.434304199218750000e+02 6.053728522420057656e-01 -7.959420266378562925e-01 0.000000000000000000e+00 1.220848617553710938e+02 0.000000000000000000e+00 0.000000000000000000e+00 1.000000000000000000e+00 0.000000000000000000e+00
-7.966116589570102491e-01 -6.044914100413336655e-01 0.000000000000000000e+00 -1.455106811523437500e+02 6.044914100413336655e-01 -7.966116589570102491e-01 0.000000000000000000e+00 1.239203109741210938e+02 0.000000000000000000e+00 0.000000000000000000e+00 1.000000000000000000e+00 0.000000000000000000e+00
-7.966116589570102491e-01 -6.044914100413336655e-01 0.000000000000000000e+00 -1.455106811523437500e+02 6.044914100413336655e-01 -7.966116589570102491e-01 0.000000000000000000e+00 1.239203109741210938e+02 0.000000000000000000e+00 0.000000000000000000e+00 1.000000000000000000e+00 0.000000000000000000e+00
-7.968491475316881179e-01 -6.041783148028582184e-01 0.000000000000000000e+00 -1.482787933349609375e+02 6.041783148028582184e-01 -7.968491475316881179e-01 0.000000000000000000e+00 1.263650436401367188e+02 0.000000000000000000e+00 0.000000000000000000e+00 1.000000000000000000e+00 0.000000000000000000e+00
-7.968488349050455444e-01 -6.041787271250717017e-01 0.000000000000000000e+00 -1.511013946533203125e+02 6.041787271250717017e-01 -7.968488349050455444e-01 0.000000000000000000e+00 1.287505798339843750e+02 0.000000000000000000e+00 0.000000000000000000e+00 1.000000000000000000e+00 0.000000000000000000e+00
-7.969605669320989350e-01 -6.040313359050736297e-01 0.000000000000000000e+00 -1.533538970947265625e+02 6.040313359050736297e-01 -7.969605669320989350e-01 0.000000000000000000e+00 1.306530151367187500e+02 0.000000000000000000e+00 0.000000000000000000e+00 1.000000000000000000e+00 0.000000000000000000e+00
-7.974520308931960511e-01 -6.033823484527188752e-01 0.000000000000000000e+00 -1.553065643310546875e+02 6.033823484527188752e-01 -7.974520308931960511e-01 0.000000000000000000e+00 1.323840789794921875e+02 0.000000000000000000e+00 0.000000000000000000e+00 1.000000000000000000e+00 0.000000000000000000e+00
-7.981056889483897354e-01 -6.025174763176713855e-01 0.000000000000000000e+00 -1.573258666992187500e+02 6.025174763176713855e-01 -7.981056889483897354e-01 0.000000000000000000e+00 1.341951599121093750e+02 0.000000000000000000e+00 0.000000000000000000e+00 1.000000000000000000e+00 0.000000000000000000e+00
-7.987639245540203436e-01 -6.016445735075316437e-01 0.000000000000000000e+00 -1.593847808837890625e+02 6.016445735075316437e-01 -7.987639245540203436e-01 0.000000000000000000e+00 1.359638671875000000e+02 0.000000000000000000e+00 0.000000000000000000e+00 1.000000000000000000e+00 0.000000000000000000e+00
-7.987639245540203436e-01 -6.016445735075316437e-01 0.000000000000000000e+00 -1.593847808837890625e+02 6.016445735075316437e-01 -7.987639245540203436e-01 0.000000000000000000e+00 1.359638671875000000e+02 0.000000000000000000e+00 0.000000000000000000e+00 1.000000000000000000e+00 0.000000000000000000e+00
-8.015937923879552507e-01 -5.978690425210996251e-01 0.000000000000000000e+00 -1.620348968505859375e+02 5.978690425210996251e-01 -8.015937923879552507e-01 0.000000000000000000e+00 1.384950561523437500e+02 0.000000000000000000e+00 0.000000000000000000e+00 1.000000000000000000e+00 0.000000000000000000e+00
-8.020955796139717098e-01 -5.971956807979486026e-01 0.000000000000000000e+00 -1.648665466308593750e+02 5.971956807979486026e-01 -8.020955796139717098e-01 0.000000000000000000e+00 1.408680267333984375e+02 0.000000000000000000e+00 0.000000000000000000e+00 1.000000000000000000e+00 0.000000000000000000e+00
-8.025553685931308134e-01 -5.965776398276617654e-01 0.000000000000000000e+00 -1.670830230712890625e+02 5.965776398276617654e-01 -8.025553685931308134e-01 0.000000000000000000e+00 1.427517089843750000e+02 0.000000000000000000e+00 0.000000000000000000e+00 1.000000000000000000e+00 0.000000000000000000e+00
-8.036100894983044807e-01 -5.951561341837340313e-01 0.000000000000000000e+00 -1.691340332031250000e+02 5.951561341837340313e-01 -8.036100894983044807e-01 0.000000000000000000e+00 1.445379486083984375e+02 0.000000000000000000e+00 0.000000000000000000e+00 1.000000000000000000e+00 0.000000000000000000e+00
-8.036100894983044807e-01 -5.951561341837340313e-01 0.000000000000000000e+00 -1.691340332031250000e+02 5.951561341837340313e-01 -8.036100894983044807e-01 0.000000000000000000e+00 1.445379486083984375e+02 0.000000000000000000e+00 0.000000000000000000e+00 1.000000000000000000e+00 0.000000000000000000e+00
-8.058374574286624181e-01 -5.921368019342394540e-01 0.000000000000000000e+00 -1.719460754394531250e+02 5.921368019342394540e-01 -8.058374574286624181e-01 0.000000000000000000e+00 1.469308624267578125e+02 0.000000000000000000e+00 0.000000000000000000e+00 1.000000000000000000e+00 0.000000000000000000e+00
-8.059922076794439061e-01 -5.919261450215018705e-01 0.000000000000000000e+00 -1.748102874755859375e+02 5.919261450215018705e-01 -8.059922076794439061e-01 0.000000000000000000e+00 1.492680511474609375e+02 0.000000000000000000e+00 0.000000000000000000e+00 1.000000000000000000e+00 0.000000000000000000e+00
-8.059241208743359586e-01 -5.920188437819605687e-01 0.000000000000000000e+00 -1.773577880859375000e+02 5.920188437819605687e-01 -8.059241208743359586e-01 0.000000000000000000e+00 1.512590789794921875e+02 0.000000000000000000e+00 0.000000000000000000e+00 1.000000000000000000e+00 0.000000000000000000e+00
-8.063609351083300680e-01 -5.914237417716834422e-01 0.000000000000000000e+00 -1.795394439697265625e+02 5.914237417716834422e-01 -8.063609351083300680e-01 0.000000000000000000e+00 1.529819335937500000e+02 0.000000000000000000e+00 0.000000000000000000e+00 1.000000000000000000e+00 0.000000000000000000e+00
-8.067943178328360609e-01 -5.908324032351718325e-01 0.000000000000000000e+00 -1.817135009765625000e+02 5.908324032351718325e-01 -8.067943178328360609e-01 0.000000000000000000e+00 1.547350769042968750e+02 0.000000000000000000e+00 0.000000000000000000e+00 1.000000000000000000e+00 0.000000000000000000e+00
-8.071201428347531959e-01 -5.903872246504048293e-01 0.000000000000000000e+00 -1.838970642089843750e+02 5.903872246504048293e-01 -8.071201428347531959e-01 0.000000000000000000e+00 1.564917297363281250e+02 0.000000000000000000e+00 0.000000000000000000e+00 1.000000000000000000e+00 0.000000000000000000e+00
-8.071037962181120129e-01 -5.904095715097382735e-01 0.000000000000000000e+00 -1.860117187500000000e+02 5.904095715097382735e-01 -8.071037962181120129e-01 0.000000000000000000e+00 1.581591796875000000e+02 0.000000000000000000e+00 0.000000000000000000e+00 1.000000000000000000e+00 0.000000000000000000e+00
-8.068747473332678055e-01 -5.907225593422645860e-01 0.000000000000000000e+00 -1.882340393066406250e+02 5.907225593422645860e-01 -8.068747473332678055e-01 0.000000000000000000e+00 1.598948059082031250e+02 0.000000000000000000e+00 0.000000000000000000e+00 1.000000000000000000e+00 0.000000000000000000e+00
-8.064933214592391320e-01 -5.912432007572209214e-01 0.000000000000000000e+00 -1.897395172119140625e+02 5.912432007572209214e-01 -8.064933214592391320e-01 0.000000000000000000e+00 1.609823760986328125e+02 0.000000000000000000e+00 0.000000000000000000e+00 1.000000000000000000e+00 0.000000000000000000e+00
-8.058320277757267114e-01 -5.921441910640173889e-01 0.000000000000000000e+00 -1.925682220458984375e+02 5.921441910640173889e-01 -8.058320277757267114e-01 0.000000000000000000e+00 1.632559356689453125e+02 0.000000000000000000e+00 0.000000000000000000e+00 1.000000000000000000e+00 0.000000000000000000e+00
-8.050401761028749270e-01 -5.932202920165939863e-01 0.000000000000000000e+00 -1.947498626708984375e+02 5.932202920165939863e-01 -8.050401761028749270e-01 0.000000000000000000e+00 1.649281005859375000e+02 0.000000000000000000e+00 0.000000000000000000e+00 1.000000000000000000e+00 0.000000000000000000e+00
-8.040975073377230053e-01 -5.944974337146129439e-01 0.000000000000000000e+00 -1.969119110107421875e+02 5.944974337146129439e-01 -8.040975073377230053e-01 0.000000000000000000e+00 1.666038818359375000e+02 0.000000000000000000e+00 0.000000000000000000e+00 1.000000000000000000e+00 0.000000000000000000e+00
-8.028381649770945927e-01 -5.961970151352747882e-01 0.000000000000000000e+00 -1.990954132080078125e+02 5.961970151352747882e-01 -8.028381649770945927e-01 0.000000000000000000e+00 1.682708740234375000e+02 0.000000000000000000e+00 0.000000000000000000e+00 1.000000000000000000e+00 0.000000000000000000e+00
-8.016345095474042282e-01 -5.978144470508336417e-01 0.000000000000000000e+00 -2.012997589111328125e+02 5.978144470508336417e-01 -8.016345095474042282e-01 0.000000000000000000e+00 1.699712219238281250e+02 0.000000000000000000e+00 0.000000000000000000e+00 1.000000000000000000e+00 0.000000000000000000e+00
-8.008796533353343960e-01 -5.988253341947672448e-01 0.000000000000000000e+00 -2.034686126708984375e+02 5.988253341947672448e-01 -8.008796533353343960e-01 0.000000000000000000e+00 1.716927185058593750e+02 0.000000000000000000e+00 0.000000000000000000e+00 1.000000000000000000e+00 0.000000000000000000e+00
-8.005639064819174422e-01 -5.992473876775861186e-01 0.000000000000000000e+00 -2.056207733154296875e+02 5.992473876775861186e-01 -8.005639064819174422e-01 0.000000000000000000e+00 1.734963531494140625e+02 0.000000000000000000e+00 0.000000000000000000e+00 1.000000000000000000e+00 0.000000000000000000e+00
-7.996173376360480312e-01 -6.005098778137104576e-01 0.000000000000000000e+00 -2.077478179931640625e+02 6.005098778137104576e-01 -7.996173376360480312e-01 0.000000000000000000e+00 1.751493682861328125e+02 0.000000000000000000e+00 0.000000000000000000e+00 1.000000000000000000e+00 0.000000000000000000e+00
-7.993940625246604981e-01 -6.008070678681459720e-01 0.000000000000000000e+00 -2.094091033935546875e+02 6.008070678681459720e-01 -7.993940625246604981e-01 0.000000000000000000e+00 1.765136566162109375e+02 0.000000000000000000e+00 0.000000000000000000e+00 1.000000000000000000e+00 0.000000000000000000e+00
-7.997209421722679679e-01 -6.003718969531302019e-01 0.000000000000000000e+00 -2.114453430175781250e+02 6.003718969531302019e-01 -7.997209421722679679e-01 0.000000000000000000e+00 1.782789611816406250e+02 0.000000000000000000e+00 0.000000000000000000e+00 1.000000000000000000e+00 0.000000000000000000e+00
-7.998059465228914977e-01 -6.002586508386380526e-01 0.000000000000000000e+00 -2.135505065917968750e+02 6.002586508386380526e-01 -7.998059465228914977e-01 0.000000000000000000e+00 1.800110473632812500e+02 0.000000000000000000e+00 0.000000000000000000e+00 1.000000000000000000e+00 0.000000000000000000e+00
-8.000476328804495552e-01 -5.999364842401146980e-01 0.000000000000000000e+00 -2.156089324951171875e+02 5.999364842401146980e-01 -8.000476328804495552e-01 0.000000000000000000e+00 1.817555389404296875e+02 0.000000000000000000e+00 0.000000000000000000e+00 1.000000000000000000e+00 0.000000000000000000e+00
-7.999367658402429804e-01 -6.000843029583854404e-01 0.000000000000000000e+00 -2.177032623291015625e+02 6.000843029583854404e-01 -7.999367658402429804e-01 0.000000000000000000e+00 1.834722900390625000e+02 0.000000000000000000e+00 0.000000000000000000e+00 1.000000000000000000e+00 0.000000000000000000e+00
-7.997597369919018373e-01 -6.003202171230314077e-01 0.000000000000000000e+00 -2.198390350341796875e+02 6.003202171230314077e-01 -7.997597369919018373e-01 0.000000000000000000e+00 1.852175750732421875e+02 0.000000000000000000e+00 0.000000000000000000e+00 1.000000000000000000e+00 0.000000000000000000e+00
-7.993624294576595624e-01 -6.008491544235948778e-01 0.000000000000000000e+00 -2.219794158935546875e+02 6.008491544235948778e-01 -7.993624294576595624e-01 0.000000000000000000e+00 1.869390716552734375e+02 0.000000000000000000e+00 0.000000000000000000e+00 1.000000000000000000e+00 0.000000000000000000e+00
-8.016662516831443153e-01 -5.977718803291913741e-01 0.000000000000000000e+00 -2.246421966552734375e+02 5.977718803291913741e-01 -8.016662516831443153e-01 0.000000000000000000e+00 1.894749603271484375e+02 0.000000000000000000e+00 0.000000000000000000e+00 1.000000000000000000e+00 0.000000000000000000e+00
-8.008237575932621866e-01 -5.989000828804484922e-01 0.000000000000000000e+00 -2.275213775634765625e+02 5.989000828804484922e-01 -8.008237575932621866e-01 0.000000000000000000e+00 1.917860565185546875e+02 0.000000000000000000e+00 0.000000000000000000e+00 1.000000000000000000e+00 0.000000000000000000e+00
-7.994861038491447580e-01 -6.006845842471033592e-01 0.000000000000000000e+00 -2.300259857177734375e+02 6.006845842471033592e-01 -7.994861038491447580e-01 0.000000000000000000e+00 1.936955413818359375e+02 0.000000000000000000e+00 0.000000000000000000e+00 1.000000000000000000e+00 0.000000000000000000e+00
-7.991875198996378771e-01 -6.010817814878982590e-01 0.000000000000000000e+00 -2.321247863769531250e+02 6.010817814878982590e-01 -7.991875198996378771e-01 0.000000000000000000e+00 1.954464569091796875e+02 0.000000000000000000e+00 0.000000000000000000e+00 1.000000000000000000e+00 0.000000000000000000e+00
-7.986880785663712512e-01 -6.017452560311189469e-01 0.000000000000000000e+00 -2.341685333251953125e+02 6.017452560311189469e-01 -7.986880785663712512e-01 0.000000000000000000e+00 1.971406555175781250e+02 0.000000000000000000e+00 0.000000000000000000e+00 1.000000000000000000e+00 0.000000000000000000e+00
-7.977522765070172994e-01 -6.029853276223818836e-01 0.000000000000000000e+00 -2.363063659667968750e+02 6.029853276223818836e-01 -7.977522765070172994e-01 0.000000000000000000e+00 1.988820037841796875e+02 0.000000000000000000e+00 0.000000000000000000e+00 1.000000000000000000e+00 0.000000000000000000e+00
-7.966089034334802310e-01 -6.044950413117613497e-01 0.000000000000000000e+00 -2.383867645263671875e+02 6.044950413117613497e-01 -7.966089034334802310e-01 0.000000000000000000e+00 2.005315704345703125e+02 0.000000000000000000e+00 0.000000000000000000e+00 1.000000000000000000e+00 0.000000000000000000e+00
-7.952025130082762683e-01 -6.063439315317035172e-01 0.000000000000000000e+00 -2.393023986816406250e+02 6.063439315317035172e-01 -7.952025130082762683e-01 0.000000000000000000e+00 2.011053009033203125e+02 0.000000000000000000e+00 0.000000000000000000e+00 1.000000000000000000e+00 0.000000000000000000e+00
-7.948733714385893823e-01 -6.067753483603719467e-01 0.000000000000000000e+00 -2.420602569580078125e+02 6.067753483603719467e-01 -7.948733714385893823e-01 0.000000000000000000e+00 2.035681915283203125e+02 0.000000000000000000e+00 0.000000000000000000e+00 1.000000000000000000e+00 0.000000000000000000e+00
-7.918833186754565823e-01 -6.106724241387891938e-01 0.000000000000000000e+00 -2.464663238525390625e+02 6.106724241387891938e-01 -7.918833186754565823e-01 0.000000000000000000e+00 2.071407165527343750e+02 0.000000000000000000e+00 0.000000000000000000e+00 1.000000000000000000e+00 0.000000000000000000e+00
-7.918833186754565823e-01 -6.106724241387891938e-01 0.000000000000000000e+00 -2.464663238525390625e+02 6.106724241387891938e-01 -7.918833186754565823e-01 0.000000000000000000e+00 2.071407165527343750e+02 0.000000000000000000e+00 0.000000000000000000e+00 1.000000000000000000e+00 0.000000000000000000e+00
-7.894760315715154686e-01 -6.137813907036373529e-01 0.000000000000000000e+00 -2.502478790283203125e+02 6.137813907036373529e-01 -7.894760315715154686e-01 0.000000000000000000e+00 2.102459564208984375e+02 0.000000000000000000e+00 0.000000000000000000e+00 1.000000000000000000e+00 0.000000000000000000e+00
-7.894760315715154686e-01 -6.137813907036373529e-01 0.000000000000000000e+00 -2.502478790283203125e+02 6.137813907036373529e-01 -7.894760315715154686e-01 0.000000000000000000e+00 2.102459564208984375e+02 0.000000000000000000e+00 0.000000000000000000e+00 1.000000000000000000e+00 0.000000000000000000e+00
-7.881188802957825867e-01 -6.155230544190211095e-01 0.000000000000000000e+00 -2.523659210205078125e+02 6.155230544190211095e-01 -7.881188802957825867e-01 0.000000000000000000e+00 2.120028076171875000e+02 0.000000000000000000e+00 0.000000000000000000e+00 1.000000000000000000e+00 0.000000000000000000e+00
-7.867217852784986754e-01 -6.173077292309017139e-01 0.000000000000000000e+00 -2.544256744384765625e+02 6.173077292309017139e-01 -7.867217852784986754e-01 0.000000000000000000e+00 2.137162017822265625e+02 0.000000000000000000e+00 0.000000000000000000e+00 1.000000000000000000e+00 0.000000000000000000e+00
-7.867217852784986754e-01 -6.173077292309017139e-01 0.000000000000000000e+00 -2.544256744384765625e+02 6.173077292309017139e-01 -7.867217852784986754e-01 0.000000000000000000e+00 2.137162017822265625e+02 0.000000000000000000e+00 0.000000000000000000e+00 1.000000000000000000e+00 0.000000000000000000e+00
-7.837335901918984771e-01 -6.210971418424953150e-01 0.000000000000000000e+00 -2.572632141113281250e+02 6.210971418424953150e-01 -7.837335901918984771e-01 0.000000000000000000e+00 2.160230865478515625e+02 0.000000000000000000e+00 0.000000000000000000e+00 1.000000000000000000e+00 0.000000000000000000e+00
