9.918897108331279355e-01 1.271015402871807365e-01 0.000000000000000000e+00 5.452349853515625000e+02 -1.271015402871807365e-01 9.918897108331279355e-01 -0.000000000000000000e+00 -3.815766525268554688e+01 -0.000000000000000000e+00 0.000000000000000000e+00 1.000000000000000000e+00 0.000000000000000000e+00
9.918897108331279355e-01 1.271015402871807365e-01 0.000000000000000000e+00 5.452349853515625000e+02 -1.271015402871807365e-01 9.918897108331279355e-01 -0.000000000000000000e+00 -3.815766525268554688e+01 -0.000000000000000000e+00 0.000000000000000000e+00 1.000000000000000000e+00 0.000000000000000000e+00
9.916831340678835538e-01 1.287033861454314199e-01 0.000000000000000000e+00 5.482416992187500000e+02 -1.287033861454314199e-01 9.916831340678835538e-01 -0.000000000000000000e+00 -3.870761489868164062e+01 -0.000000000000000000e+00 0.000000000000000000e+00 1.000000000000000000e+00 0.000000000000000000e+00
9.914851247237077558e-01 1.302199963585226605e-01 0.000000000000000000e+00 5.512322387695312500e+02 -1.302199963585226605e-01 9.914851247237077558e-01 -0.000000000000000000e+00 -3.926005554199218750e+01 -0.000000000000000000e+00 0.000000000000000000e+00 1.000000000000000000e+00 0.000000000000000000e+00
9.912743062639836067e-01 1.318152105823070519e-01 0.000000000000000000e+00 5.542415771484375000e+02 -1.318152105823070519e-01 9.912743062639836067e-01 -0.000000000000000000e+00 -3.979854583740234375e+01 -0.000000000000000000e+00 0.000000000000000000e+00 1.000000000000000000e+00 0.000000000000000000e+00
9.910465613920651506e-01 1.335167148823085681e-01 0.000000000000000000e+00 5.572901611328125000e+02 -1.335167148823085681e-01 9.910465613920651506e-01 -0.000000000000000000e+00 -4.031694412231445312e+01 -0.000000000000000000e+00 0.000000000000000000e+00 1.000000000000000000e+00 0.000000000000000000e+00
9.908091036765502846e-01 1.352675869218898930e-01 0.000000000000000000e+00 5.602932739257812500e+02 -1.352675869218898930e-01 9.908091036765502846e-01 -0.000000000000000000e+00 -4.084009552001953125e+01 -0.000000000000000000e+00 0.000000000000000000e+00 1.000000000000000000e+00 0.000000000000000000e+00
9.905485666264991496e-01 1.371624480467885654e-01 0.000000000000000000e+00 5.632999877929687500e+02 -1.371624480467885654e-01 9.905485666264991496e-01 -0.000000000000000000e+00 -4.136183166503906250e+01 -0.000000000000000000e+00 0.000000000000000000e+00 1.000000000000000000e+00 0.000000000000000000e+00
9.902807989371744668e-01 1.390824908331432519e-01 0.000000000000000000e+00 5.663041381835937500e+02 -1.390824908331432519e-01 9.902807989371744668e-01 -0.000000000000000000e+00 -4.189334487915039062e+01 -0.000000000000000000e+00 0.000000000000000000e+00 1.000000000000000000e+00 0.000000000000000000e+00
9.899964372982577032e-01 1.410923603061373377e-01 0.000000000000000000e+00 5.693504638671875000e+02 -1.410923603061373377e-01 9.899964372982577032e-01 -0.000000000000000000e+00 -4.244067382812500000e+01 -0.000000000000000000e+00 0.000000000000000000e+00 1.000000000000000000e+00 0.000000000000000000e+00
9.897186909597835980e-01 1.430276643340453457e-01 0.000000000000000000e+00 5.721047363281250000e+02 -1.430276643340453457e-01 9.897186909597835980e-01 -0.000000000000000000e+00 -4.293582916259765625e+01 -0.000000000000000000e+00 0.000000000000000000e+00 1.000000000000000000e+00 0.000000000000000000e+00
9.894486120296795972e-01 1.448842439761499901e-01 0.000000000000000000e+00 5.749373779296875000e+02 -1.448842439761499901e-01 9.894486120296795972e-01 -0.000000000000000000e+00 -4.345522689819335938e+01 -0.000000000000000000e+00 0.000000000000000000e+00 1.000000000000000000e+00 0.000000000000000000e+00
9.888208721385238764e-01 1.491082922684349166e-01 0.000000000000000000e+00 5.808027343750000000e+02 -1.491082922684349166e-01 9.888208721385238764e-01 -0.000000000000000000e+00 -4.451448059082031250e+01 -0.000000000000000000e+00 0.000000000000000000e+00 1.000000000000000000e+00 0.000000000000000000e+00
9.888208721385238764e-01 1.491082922684349166e-01 0.000000000000000000e+00 5.808027343750000000e+02 -1.491082922684349166e-01 9.888208721385238764e-01 -0.000000000000000000e+00 -4.451448059082031250e+01 -0.000000000000000000e+00 0.000000000000000000e+00 1.000000000000000000e+00 0.000000000000000000e+00
9.885258775924756769e-01 1.510516114777518681e-01 0.000000000000000000e+00 5.837305908203125000e+02 -1.510516114777518681e-01 9.885258775924756769e-01 -0.000000000000000000e+00 -4.507877349853515625e+01 -0.000000000000000000e+00 0.000000000000000000e+00 1.000000000000000000e+00 0.000000000000000000e+00
9.881759866526315106e-01 1.533239035607241174e-01 0.000000000000000000e+00 5.867522583007812500e+02 -1.533239035607241174e-01 9.881759866526315106e-01 -0.000000000000000000e+00 -4.564414596557617188e+01 -0.000000000000000000e+00 0.000000000000000000e+00 1.000000000000000000e+00 0.000000000000000000e+00
9.878240820823118717e-01 1.555750071773675802e-01 0.000000000000000000e+00 5.897556762695312500e+02 -1.555750071773675802e-01 9.878240820823118717e-01 -0.000000000000000000e+00 -4.622599029541015625e+01 -0.000000000000000000e+00 0.000000000000000000e+00 1.000000000000000000e+00 0.000000000000000000e+00
9.874240323139842346e-01 1.580942137106597922e-01 0.000000000000000000e+00 5.927841796875000000e+02 -1.580942137106597922e-01 9.874240323139842346e-01 -0.000000000000000000e+00 -4.680012130737304688e+01 -0.000000000000000000e+00 0.000000000000000000e+00 1.000000000000000000e+00 0.000000000000000000e+00
9.869993103430674264e-01 1.607244890559904327e-01 0.000000000000000000e+00 5.958215942382812500e+02 -1.607244890559904327e-01 9.869993103430674264e-01 -0.000000000000000000e+00 -4.737719345092773438e+01 -0.000000000000000000e+00 0.000000000000000000e+00 1.000000000000000000e+00 0.000000000000000000e+00
9.865256045212724700e-01 1.636069424686428520e-01 0.000000000000000000e+00 5.988631591796875000e+02 -1.636069424686428520e-01 9.865256045212724700e-01 -0.000000000000000000e+00 -4.794191741943359375e+01 -0.000000000000000000e+00 0.000000000000000000e+00 1.000000000000000000e+00 0.000000000000000000e+00
9.860082711814858181e-01 1.666963981665396111e-01 0.000000000000000000e+00 6.019132080078125000e+02 -1.666963981665396111e-01 9.860082711814858181e-01 -0.000000000000000000e+00 -4.850232315063476562e+01 -0.000000000000000000e+00 0.000000000000000000e+00 1.000000000000000000e+00 0.000000000000000000e+00
9.857010619358688164e-01 1.685034613843301721e-01 0.000000000000000000e+00 6.035197753906250000e+02 -1.685034613843301721e-01 9.857010619358688164e-01 -0.000000000000000000e+00 -4.877604293823242188e+01 -0.000000000000000000e+00 0.000000000000000000e+00 1.000000000000000000e+00 0.000000000000000000e+00
9.852008854870212273e-01 1.714036616749749220e-01 0.000000000000000000e+00 6.065705566406250000e+02 -1.714036616749749220e-01 9.852008854870212273e-01 -0.000000000000000000e+00 -4.937324905395507812e+01 -0.000000000000000000e+00 0.000000000000000000e+00 1.000000000000000000e+00 0.000000000000000000e+00
9.846736232875730188e-01 1.744071546746942258e-01 0.000000000000000000e+00 6.096353149414062500e+02 -1.744071546746942258e-01 9.846736232875730188e-01 -0.000000000000000000e+00 -4.999991226196289062e+01 -0.000000000000000000e+00 0.000000000000000000e+00 1.000000000000000000e+00 0.000000000000000000e+00
9.841459606088649448e-01 1.773604471612948152e-01 0.000000000000000000e+00 6.126480712890625000e+02 -1.773604471612948152e-01 9.841459606088649448e-01 -0.000000000000000000e+00 -5.063809585571289062e+01 -0.000000000000000000e+00 0.000000000000000000e+00 1.000000000000000000e+00 0.000000000000000000e+00
9.835383669568048548e-01 1.806994209286278408e-01 0.000000000000000000e+00 6.157003784179687500e+02 -1.806994209286278408e-01 9.835383669568048548e-01 -0.000000000000000000e+00 -5.126159667968750000e+01 -0.000000000000000000e+00 0.000000000000000000e+00 1.000000000000000000e+00 0.000000000000000000e+00
9.829117099179569550e-01 1.840776208727123442e-01 0.000000000000000000e+00 6.186978149414062500e+02 -1.840776208727123442e-01 9.829117099179569550e-01 -0.000000000000000000e+00 -5.188246917724609375e+01 -0.000000000000000000e+00 0.000000000000000000e+00 1.000000000000000000e+00 0.000000000000000000e+00
9.822528904999136001e-01 1.875613475761056526e-01 0.000000000000000000e+00 6.217150878906250000e+02 -1.875613475761056526e-01 9.822528904999136001e-01 -0.000000000000000000e+00 -5.251794052124023438e+01 -0.000000000000000000e+00 0.000000000000000000e+00 1.000000000000000000e+00 0.000000000000000000e+00
9.815631682134818847e-01 1.911380307702048864e-01 0.000000000000000000e+00 6.246929931640625000e+02 -1.911380307702048864e-01 9.815631682134818847e-01 -0.000000000000000000e+00 -5.314246368408203125e+01 -0.000000000000000000e+00 0.000000000000000000e+00 1.000000000000000000e+00 0.000000000000000000e+00
9.808381538917265718e-01 1.948243205307533255e-01 0.000000000000000000e+00 6.276974487304687500e+02 -1.948243205307533255e-01 9.808381538917265718e-01 -0.000000000000000000e+00 -5.378208541870117188e+01 -0.000000000000000000e+00 0.000000000000000000e+00 1.000000000000000000e+00 0.000000000000000000e+00
9.800879885209300424e-01 1.985636793499688246e-01 0.000000000000000000e+00 6.304439086914062500e+02 -1.985636793499688246e-01 9.800879885209300424e-01 -0.000000000000000000e+00 -5.436516571044921875e+01 -0.000000000000000000e+00 0.000000000000000000e+00 1.000000000000000000e+00 0.000000000000000000e+00
9.793233248805215396e-01 2.023013231418925584e-01 0.000000000000000000e+00 6.333044433593750000e+02 -2.023013231418925584e-01 9.793233248805215396e-01 -0.000000000000000000e+00 -5.499669647216796875e+01 -0.000000000000000000e+00 0.000000000000000000e+00 1.000000000000000000e+00 0.000000000000000000e+00
9.784966375430993457e-01 2.062627700697545474e-01 0.000000000000000000e+00 6.362341918945312500e+02 -2.062627700697545474e-01 9.784966375430993457e-01 -0.000000000000000000e+00 -5.563360595703125000e+01 -0.000000000000000000e+00 0.000000000000000000e+00 1.000000000000000000e+00 0.000000000000000000e+00
9.776652593572362493e-01 2.101681247143533660e-01 0.000000000000000000e+00 6.391862182617187500e+02 -2.101681247143533660e-01 9.776652593572362493e-01 -0.000000000000000000e+00 -5.629528045654296875e+01 -0.000000000000000000e+00 0.000000000000000000e+00 1.000000000000000000e+00 0.000000000000000000e+00
9.759476687986764487e-01 2.180049260141358469e-01 0.000000000000000000e+00 6.451345214843750000e+02 -2.180049260141358469e-01 9.759476687986764487e-01 -0.000000000000000000e+00 -5.768687820434570312e+01 -0.000000000000000000e+00 0.000000000000000000e+00 1.000000000000000000e+00 0.000000000000000000e+00
9.759476687986764487e-01 2.180049260141358469e-01 0.000000000000000000e+00 6.451345214843750000e+02 -2.180049260141358469e-01 9.759476687986764487e-01 -0.000000000000000000e+00 -5.768687820434570312e+01 -0.000000000000000000e+00 0.000000000000000000e+00 1.000000000000000000e+00 0.000000000000000000e+00
9.751000054711724818e-01 2.217655954608817037e-01 0.000000000000000000e+00 6.468151245117187500e+02 -2.217655954608817037e-01 9.751000054711724818e-01 -0.000000000000000000e+00 -5.793271255493164062e+01 -0.000000000000000000e+00 0.000000000000000000e+00 1.000000000000000000e+00 0.000000000000000000e+00
9.745264130488346943e-01 2.242727586448518273e-01 0.000000000000000000e+00 6.481802978515625000e+02 -2.242727586448518273e-01 9.745264130488346943e-01 -0.000000000000000000e+00 -5.824314117431640625e+01 -0.000000000000000000e+00 0.000000000000000000e+00 1.000000000000000000e+00 0.000000000000000000e+00
9.739389294442721834e-01 2.268104091812037371e-01 0.000000000000000000e+00 6.483861694335937500e+02 -2.268104091812037371e-01 9.739389294442721834e-01 -0.000000000000000000e+00 -5.809533691406250000e+01 -0.000000000000000000e+00 0.000000000000000000e+00 1.000000000000000000e+00 0.000000000000000000e+00
9.732976256474706878e-01 2.295467967735467518e-01 0.000000000000000000e+00 6.482667236328125000e+02 -2.295467967735467518e-01 9.732976256474706878e-01 -0.000000000000000000e+00 -5.778387451171875000e+01 -0.000000000000000000e+00 0.000000000000000000e+00 1.000000000000000000e+00 0.000000000000000000e+00
9.726019593263454110e-01 2.324767272536197027e-01 0.000000000000000000e+00 6.485868530273437500e+02 -2.324767272536197027e-01 9.726019593263454110e-01 -0.000000000000000000e+00 -5.761043930053710938e+01 -0.000000000000000000e+00 0.000000000000000000e+00 1.000000000000000000e+00 0.000000000000000000e+00
9.719935795464921258e-01 2.350074069479450856e-01 0.000000000000000000e+00 6.474902954101562500e+02 -2.350074069479450856e-01 9.719935795464921258e-01 -0.000000000000000000e+00 -5.690146255493164062e+01 -0.000000000000000000e+00 0.000000000000000000e+00 1.000000000000000000e+00 0.000000000000000000e+00
9.716652317281071483e-01 2.363613281625484563e-01 0.000000000000000000e+00 6.462526245117187500e+02 -2.363613281625484563e-01 9.716652317281071483e-01 -0.000000000000000000e+00 -5.648414230346679688e+01 -0.000000000000000000e+00 0.000000000000000000e+00 1.000000000000000000e+00 0.000000000000000000e+00
9.718877192991893788e-01 2.354448153504768160e-01 0.000000000000000000e+00 6.453116455078125000e+02 -2.354448153504768160e-01 9.718877192991893788e-01 -0.000000000000000000e+00 -5.636420059204101562e+01 -0.000000000000000000e+00 0.000000000000000000e+00 1.000000000000000000e+00 0.000000000000000000e+00
9.716209197755674154e-01 2.365434172715030203e-01 0.000000000000000000e+00 6.444707641601562500e+02 -2.365434172715030203e-01 9.716209197755674154e-01 -0.000000000000000000e+00 -5.593959426879882812e+01 -0.000000000000000000e+00 0.000000000000000000e+00 1.000000000000000000e+00 0.000000000000000000e+00
9.717731221232311922e-01 2.359173565443365705e-01 0.000000000000000000e+00 6.436079711914062500e+02 -2.359173565443365705e-01 9.717731221232311922e-01 -0.000000000000000000e+00 -5.580044555664062500e+01 -0.000000000000000000e+00 0.000000000000000000e+00 1.000000000000000000e+00 0.000000000000000000e+00
9.719428099511902008e-01 2.352172914226002831e-01 0.000000000000000000e+00 6.437112426757812500e+02 -2.352172914226002831e-01 9.719428099511902008e-01 -0.000000000000000000e+00 -5.595545196533203125e+01 -0.000000000000000000e+00 0.000000000000000000e+00 1.000000000000000000e+00 0.000000000000000000e+00
9.712913779395094815e-01 2.378929573156149113e-01 0.000000000000000000e+00 6.444807739257812500e+02 -2.378929573156149113e-01 9.712913779395094815e-01 -0.000000000000000000e+00 -5.596181869506835938e+01 -0.000000000000000000e+00 0.000000000000000000e+00 1.000000000000000000e+00 0.000000000000000000e+00
9.707471176718626138e-01 2.401042138984047225e-01 0.000000000000000000e+00 6.454519042968750000e+02 -2.401042138984047225e-01 9.707471176718626138e-01 -0.000000000000000000e+00 -5.612259292602539062e+01 -0.000000000000000000e+00 0.000000000000000000e+00 1.000000000000000000e+00 0.000000000000000000e+00
9.701681250647450350e-01 2.424331023362059356e-01 0.000000000000000000e+00 6.466511840820312500e+02 -2.424331023362059356e-01 9.701681250647450350e-01 -0.000000000000000000e+00 -5.635505676269531250e+01 -0.000000000000000000e+00 0.000000000000000000e+00 1.000000000000000000e+00 0.000000000000000000e+00
9.696499203838295777e-01 2.444975089845147775e-01 0.000000000000000000e+00 6.478869018554687500e+02 -2.444975089845147775e-01 9.696499203838295777e-01 -0.000000000000000000e+00 -5.663769149780273438e+01 -0.000000000000000000e+00 0.000000000000000000e+00 1.000000000000000000e+00 0.000000000000000000e+00
9.690475875783463033e-01 2.468740022938566980e-01 0.000000000000000000e+00 6.496588745117187500e+02 -2.468740022938566980e-01 9.690475875783463033e-01 -0.000000000000000000e+00 -5.708264541625976562e+01 -0.000000000000000000e+00 0.000000000000000000e+00 1.000000000000000000e+00 0.000000000000000000e+00
9.683854461940414327e-01 2.494586691208934282e-01 0.000000000000000000e+00 6.517052612304687500e+02 -2.494586691208934282e-01 9.683854461940414327e-01 -0.000000000000000000e+00 -5.762057876586914062e+01 -0.000000000000000000e+00 0.000000000000000000e+00 1.000000000000000000e+00 0.000000000000000000e+00
9.676858238574186366e-01 2.521589703052201648e-01 0.000000000000000000e+00 6.540056152343750000e+02 -2.521589703052201648e-01 9.676858238574186366e-01 -0.000000000000000000e+00 -5.825113677978515625e+01 -0.000000000000000000e+00 0.000000000000000000e+00 1.000000000000000000e+00 0.000000000000000000e+00
9.668749610382927351e-01 2.552504842643789074e-01 0.000000000000000000e+00 6.565421142578125000e+02 -2.552504842643789074e-01 9.668749610382927351e-01 -0.000000000000000000e+00 -5.892559814453125000e+01 -0.000000000000000000e+00 0.000000000000000000e+00 1.000000000000000000e+00 0.000000000000000000e+00
9.660263812626707081e-01 2.584434768078876510e-01 0.000000000000000000e+00 6.593126831054687500e+02 -2.584434768078876510e-01 9.660263812626707081e-01 -0.000000000000000000e+00 -5.968453979492187500e+01 -0.000000000000000000e+00 0.000000000000000000e+00 1.000000000000000000e+00 0.000000000000000000e+00
9.641528230901275087e-01 2.653475715497264353e-01 0.000000000000000000e+00 6.655045776367187500e+02 -2.653475715497264353e-01 9.641528230901275087e-01 -0.000000000000000000e+00 -6.141729736328125000e+01 -0.000000000000000000e+00 0.000000000000000000e+00 1.000000000000000000e+00 0.000000000000000000e+00
9.641528230901275087e-01 2.653475715497264353e-01 0.000000000000000000e+00 6.655045776367187500e+02 -2.653475715497264353e-01 9.641528230901275087e-01 -0.000000000000000000e+00 -6.141729736328125000e+01 -0.000000000000000000e+00 0.000000000000000000e+00 1.000000000000000000e+00 0.000000000000000000e+00
9.620250432904153826e-01 2.729611988581424620e-01 0.000000000000000000e+00 6.720464477539062500e+02 -2.729611988581424620e-01 9.620250432904153826e-01 -0.000000000000000000e+00 -6.325752258300781250e+01 -0.000000000000000000e+00 0.000000000000000000e+00 1.000000000000000000e+00 0.000000000000000000e+00
9.620250432904153826e-01 2.729611988581424620e-01 0.000000000000000000e+00 6.720464477539062500e+02 -2.729611988581424620e-01 9.620250432904153826e-01 -0.000000000000000000e+00 -6.325752258300781250e+01 -0.000000000000000000e+00 0.000000000000000000e+00 1.000000000000000000e+00 0.000000000000000000e+00
9.609159606206654214e-01 2.768402366428401318e-01 0.000000000000000000e+00 6.753123779296875000e+02 -2.768402366428401318e-01 9.609159606206654214e-01 -0.000000000000000000e+00 -6.419818115234375000e+01 -0.000000000000000000e+00 0.000000000000000000e+00 1.000000000000000000e+00 0.000000000000000000e+00
9.597691341153833378e-01 2.807903296045063390e-01 0.000000000000000000e+00 6.785831909179687500e+02 -2.807903296045063390e-01 9.597691341153833378e-01 -0.000000000000000000e+00 -6.514918518066406250e+01 -0.000000000000000000e+00 0.000000000000000000e+00 1.000000000000000000e+00 0.000000000000000000e+00
9.586240791044758902e-01 2.846750339617008518e-01 0.000000000000000000e+00 6.818373413085937500e+02 -2.846750339617008518e-01 9.586240791044758902e-01 -0.000000000000000000e+00 -6.611197662353515625e+01 -0.000000000000000000e+00 0.000000000000000000e+00 1.000000000000000000e+00 0.000000000000000000e+00
9.574994019857424599e-01 2.884352530412077620e-01 0.000000000000000000e+00 6.850267333984375000e+02 -2.884352530412077620e-01 9.574994019857424599e-01 -0.000000000000000000e+00 -6.708240509033203125e+01 -0.000000000000000000e+00 0.000000000000000000e+00 1.000000000000000000e+00 0.000000000000000000e+00
9.564664930761601624e-01 2.918421621743364502e-01 0.000000000000000000e+00 6.881346435546875000e+02 -2.918421621743364502e-01 9.564664930761601624e-01 -0.000000000000000000e+00 -6.805654907226562500e+01 -0.000000000000000000e+00 0.000000000000000000e+00 1.000000000000000000e+00 0.000000000000000000e+00
9.554505938430408740e-01 2.951510845736137756e-01 0.000000000000000000e+00 6.912410278320312500e+02 -2.951510845736137756e-01 9.554505938430408740e-01 -0.000000000000000000e+00 -6.903687286376953125e+01 -0.000000000000000000e+00 0.000000000000000000e+00 1.000000000000000000e+00 0.000000000000000000e+00
9.544420537805038407e-01 2.983963236624302962e-01 0.000000000000000000e+00 6.942748413085937500e+02 -2.983963236624302962e-01 9.544420537805038407e-01 -0.000000000000000000e+00 -7.000581359863281250e+01 -0.000000000000000000e+00 0.000000000000000000e+00 1.000000000000000000e+00 0.000000000000000000e+00
9.534366111578673753e-01 3.015934821971482105e-01 0.000000000000000000e+00 6.973477783203125000e+02 -3.015934821971482105e-01 9.534366111578673753e-01 -0.000000000000000000e+00 -7.099392700195312500e+01 -0.000000000000000000e+00 0.000000000000000000e+00 1.000000000000000000e+00 0.000000000000000000e+00
9.528661652204686305e-01 3.033909543444541224e-01 0.000000000000000000e+00 6.993035888671875000e+02 -3.033909543444541224e-01 9.528661652204686305e-01 -0.000000000000000000e+00 -7.173179626464843750e+01 -0.000000000000000000e+00 0.000000000000000000e+00 1.000000000000000000e+00 0.000000000000000000e+00
9.518059593540431074e-01 3.067008570873736018e-01 0.000000000000000000e+00 7.025110473632812500e+02 -3.067008570873736018e-01 9.518059593540431074e-01 -0.000000000000000000e+00 -7.274848937988281250e+01 -0.000000000000000000e+00 0.000000000000000000e+00 1.000000000000000000e+00 0.000000000000000000e+00
9.498683138275705318e-01 3.126502620922744780e-01 0.000000000000000000e+00 7.082412109375000000e+02 -3.126502620922744780e-01 9.498683138275705318e-01 -0.000000000000000000e+00 -7.461481475830078125e+01 -0.000000000000000000e+00 0.000000000000000000e+00 1.000000000000000000e+00 0.000000000000000000e+00
9.498683138275705318e-01 3.126502620922744780e-01 0.000000000000000000e+00 7.082412109375000000e+02 -3.126502620922744780e-01 9.498683138275705318e-01 -0.000000000000000000e+00 -7.461481475830078125e+01 -0.000000000000000000e+00 0.000000000000000000e+00 1.000000000000000000e+00 0.000000000000000000e+00
9.489184834982216099e-01 3.155213331542501276e-01 0.000000000000000000e+00 7.111118774414062500e+02 -3.155213331542501276e-01 9.489184834982216099e-01 -0.000000000000000000e+00 -7.557629394531250000e+01 -0.000000000000000000e+00 0.000000000000000000e+00 1.000000000000000000e+00 0.000000000000000000e+00
9.479715202209142433e-01 3.183551426474037216e-01 0.000000000000000000e+00 7.140026855468750000e+02 -3.183551426474037216e-01 9.479715202209142433e-01 -0.000000000000000000e+00 -7.655136108398437500e+01 -0.000000000000000000e+00 0.000000000000000000e+00 1.000000000000000000e+00 0.000000000000000000e+00
9.470870491998470975e-01 3.209768235214598420e-01 0.000000000000000000e+00 7.168900756835937500e+02 -3.209768235214598420e-01 9.470870491998470975e-01 -0.000000000000000000e+00 -7.755212402343750000e+01 -0.000000000000000000e+00 0.000000000000000000e+00 1.000000000000000000e+00 0.000000000000000000e+00
9.462491852587842089e-01 3.234385249117474048e-01 0.000000000000000000e+00 7.197592773437500000e+02 -3.234385249117474048e-01 9.462491852587842089e-01 -0.000000000000000000e+00 -7.857115173339843750e+01 -0.000000000000000000e+00 0.000000000000000000e+00 1.000000000000000000e+00 0.000000000000000000e+00
9.453528791349924409e-01 3.260489747126653626e-01 0.000000000000000000e+00 7.226447143554687500e+02 -3.260489747126653626e-01 9.453528791349924409e-01 -0.000000000000000000e+00 -7.957679748535156250e+01 -0.000000000000000000e+00 0.000000000000000000e+00 1.000000000000000000e+00 0.000000000000000000e+00
9.444460641533114487e-01 3.286664447510864728e-01 0.000000000000000000e+00 7.255409545898437500e+02 -3.286664447510864728e-01 9.444460641533114487e-01 -0.000000000000000000e+00 -8.059266662597656250e+01 -0.000000000000000000e+00 0.000000000000000000e+00 1.000000000000000000e+00 0.000000000000000000e+00
9.435701024021286853e-01 3.311728579651967985e-01 0.000000000000000000e+00 7.284318847656250000e+02 -3.311728579651967985e-01 9.435701024021286853e-01 -0.000000000000000000e+00 -8.162543487548828125e+01 -0.000000000000000000e+00 0.000000000000000000e+00 1.000000000000000000e+00 0.000000000000000000e+00
9.427321019911101274e-01 3.335508714955233711e-01 0.000000000000000000e+00 7.313010864257812500e+02 -3.335508714955233711e-01 9.427321019911101274e-01 -0.000000000000000000e+00 -8.269901275634765625e+01 -0.000000000000000000e+00 0.000000000000000000e+00 1.000000000000000000e+00 0.000000000000000000e+00
9.418794735677009644e-01 3.359509745064455100e-01 0.000000000000000000e+00 7.341787719726562500e+02 -3.359509745064455100e-01 9.418794735677009644e-01 -0.000000000000000000e+00 -8.378131103515625000e+01 -0.000000000000000000e+00 0.000000000000000000e+00 1.000000000000000000e+00 0.000000000000000000e+00
9.409991860223726468e-01 3.384088236220093027e-01 0.000000000000000000e+00 7.370993041992187500e+02 -3.384088236220093027e-01 9.409991860223726468e-01 -0.000000000000000000e+00 -8.487442016601562500e+01 -0.000000000000000000e+00 0.000000000000000000e+00 1.000000000000000000e+00 0.000000000000000000e+00
9.401011609664334800e-01 3.408955956734612269e-01 0.000000000000000000e+00 7.400379028320312500e+02 -3.408955956734612269e-01 9.401011609664334800e-01 -0.000000000000000000e+00 -8.598551940917968750e+01 -0.000000000000000000e+00 0.000000000000000000e+00 1.000000000000000000e+00 0.000000000000000000e+00
9.392432584071421786e-01 3.432522418524522889e-01 0.000000000000000000e+00 7.429689331054687500e+02 -3.432522418524522889e-01 9.392432584071421786e-01 -0.000000000000000000e+00 -8.711518859863281250e+01 -0.000000000000000000e+00 0.000000000000000000e+00 1.000000000000000000e+00 0.000000000000000000e+00
9.383785995643042499e-01 3.456090332727650427e-01 0.000000000000000000e+00 7.458765258789062500e+02 -3.456090332727650427e-01 9.383785995643042499e-01 -0.000000000000000000e+00 -8.824023437500000000e+01 -0.000000000000000000e+00 0.000000000000000000e+00 1.000000000000000000e+00 0.000000000000000000e+00
9.375069709959937825e-01 3.479664916826286092e-01 0.000000000000000000e+00 7.487683715820312500e+02 -3.479664916826286092e-01 9.375069709959937825e-01 -0.000000000000000000e+00 -8.936179351806640625e+01 -0.000000000000000000e+00 0.000000000000000000e+00 1.000000000000000000e+00 0.000000000000000000e+00
9.366405803905275551e-01 3.502919113620748814e-01 0.000000000000000000e+00 7.516615600585937500e+02 -3.502919113620748814e-01 9.366405803905275551e-01 -0.000000000000000000e+00 -9.048207855224609375e+01 -0.000000000000000000e+00 0.000000000000000000e+00 1.000000000000000000e+00 0.000000000000000000e+00
9.358506285622918419e-01 3.523969367340800130e-01 0.000000000000000000e+00 7.545429687500000000e+02 -3.523969367340800130e-01 9.358506285622918419e-01 -0.000000000000000000e+00 -9.161294555664062500e+01 -0.000000000000000000e+00 0.000000000000000000e+00 1.000000000000000000e+00 0.000000000000000000e+00
9.351701326666927994e-01 3.541988466499578214e-01 0.000000000000000000e+00 7.574110717773437500e+02 -3.541988466499578214e-01 9.351701326666927994e-01 -0.000000000000000000e+00 -9.276422882080078125e+01 -0.000000000000000000e+00 0.000000000000000000e+00 1.000000000000000000e+00 0.000000000000000000e+00
9.345198582825755551e-01 3.559109923499340078e-01 0.000000000000000000e+00 7.602915039062500000e+02 -3.559109923499340078e-01 9.345198582825755551e-01 -0.000000000000000000e+00 -9.391419982910156250e+01 -0.000000000000000000e+00 0.000000000000000000e+00 1.000000000000000000e+00 0.000000000000000000e+00
9.341821872994804377e-01 3.567963577902085737e-01 0.000000000000000000e+00 7.625330200195312500e+02 -3.567963577902085737e-01 9.341821872994804377e-01 -0.000000000000000000e+00 -9.487477111816406250e+01 -0.000000000000000000e+00 0.000000000000000000e+00 1.000000000000000000e+00 0.000000000000000000e+00
9.336763694228511490e-01 3.581179096071062107e-01 0.000000000000000000e+00 7.653746948242187500e+02 -3.581179096071062107e-01 9.336763694228511490e-01 -0.000000000000000000e+00 -9.601255035400390625e+01 -0.000000000000000000e+00 0.000000000000000000e+00 1.000000000000000000e+00 0.000000000000000000e+00
9.333394963745649253e-01 3.589949644594943035e-01 0.000000000000000000e+00 7.682382202148437500e+02 -3.589949644594943035e-01 9.333394963745649253e-01 -0.000000000000000000e+00 -9.719054412841796875e+01 -0.000000000000000000e+00 0.000000000000000000e+00 1.000000000000000000e+00 0.000000000000000000e+00
9.331042188505640489e-01 3.596060577399645686e-01 0.000000000000000000e+00 7.711564941406250000e+02 -3.596060577399645686e-01 9.331042188505640489e-01 -0.000000000000000000e+00 -9.840139770507812500e+01 -0.000000000000000000e+00 0.000000000000000000e+00 1.000000000000000000e+00 0.000000000000000000e+00
9.329608287889039620e-01 3.599779048018384442e-01 0.000000000000000000e+00 7.740656127929687500e+02 -3.599779048018384442e-01 9.329608287889039620e-01 -0.000000000000000000e+00 -9.962094879150390625e+01 -0.000000000000000000e+00 0.000000000000000000e+00 1.000000000000000000e+00 0.000000000000000000e+00
9.328571924467945475e-01 3.602463858254292273e-01 0.000000000000000000e+00 7.769642333984375000e+02 -3.602463858254292273e-01 9.328571924467945475e-01 -0.000000000000000000e+00 -1.008273773193359375e+02 -0.000000000000000000e+00 0.000000000000000000e+00 1.000000000000000000e+00 0.000000000000000000e+00
9.327839712168565223e-01 3.604359347247589329e-01 0.000000000000000000e+00 7.798602294921875000e+02 -3.604359347247589329e-01 9.327839712168565223e-01 -0.000000000000000000e+00 -1.020278244018554688e+02 -0.000000000000000000e+00 0.000000000000000000e+00 1.000000000000000000e+00 0.000000000000000000e+00
9.327647731145685128e-01 3.604856141880386500e-01 0.000000000000000000e+00 7.827185668945312500e+02 -3.604856141880386500e-01 9.327647731145685128e-01 -0.000000000000000000e+00 -1.032278442382812500e+02 -0.000000000000000000e+00 0.000000000000000000e+00 1.000000000000000000e+00 0.000000000000000000e+00
9.327874260897845993e-01 3.604269936183949752e-01 0.000000000000000000e+00 7.855768432617187500e+02 -3.604269936183949752e-01 9.327874260897845993e-01 -0.000000000000000000e+00 -1.044365234375000000e+02 -0.000000000000000000e+00 0.000000000000000000e+00 1.000000000000000000e+00 0.000000000000000000e+00
9.328302795558776062e-01 3.603160689501693770e-01 0.000000000000000000e+00 7.884152221679687500e+02 -3.603160689501693770e-01 9.328302795558776062e-01 -0.000000000000000000e+00 -1.056449279785156250e+02 -0.000000000000000000e+00 0.000000000000000000e+00 1.000000000000000000e+00 0.000000000000000000e+00
9.326980208128574645e-01 3.606582897588498371e-01 0.000000000000000000e+00 7.912960205078125000e+02 -3.606582897588498371e-01 9.326980208128574645e-01 -0.000000000000000000e+00 -1.068185119628906250e+02 -0.000000000000000000e+00 0.000000000000000000e+00 1.000000000000000000e+00 0.000000000000000000e+00
9.327374261659696630e-01 3.605563670624639672e-01 0.000000000000000000e+00 7.941415405273437500e+02 -3.605563670624639672e-01 9.327374261659696630e-01 -0.000000000000000000e+00 -1.080348815917968750e+02 -0.000000000000000000e+00 0.000000000000000000e+00 1.000000000000000000e+00 0.000000000000000000e+00
9.327732167548067332e-01 3.604637653147543253e-01 0.000000000000000000e+00 7.970236206054687500e+02 -3.604637653147543253e-01 9.327732167548067332e-01 -0.000000000000000000e+00 -1.092742080688476562e+02 -0.000000000000000000e+00 0.000000000000000000e+00 1.000000000000000000e+00 0.000000000000000000e+00
9.327322995663266392e-01 3.605696289840731872e-01 0.000000000000000000e+00 7.999205322265625000e+02 -3.605696289840731872e-01 9.327322995663266392e-01 -0.000000000000000000e+00 -1.105021362304687500e+02 -0.000000000000000000e+00 0.000000000000000000e+00 1.000000000000000000e+00 0.000000000000000000e+00
9.326682631561702408e-01 3.607352365672817363e-01 0.000000000000000000e+00 8.028131103515625000e+02 -3.607352365672817363e-01 9.326682631561702408e-01 -0.000000000000000000e+00 -1.117305450439453125e+02 -0.000000000000000000e+00 0.000000000000000000e+00 1.000000000000000000e+00 0.000000000000000000e+00
9.325875959637515145e-01 3.609437294850135758e-01 0.000000000000000000e+00 8.056754760742187500e+02 -3.609437294850135758e-01 9.325875959637515145e-01 -0.000000000000000000e+00 -1.129469757080078125e+02 -0.000000000000000000e+00 0.000000000000000000e+00 1.000000000000000000e+00 0.000000000000000000e+00
9.325397152317905780e-01 3.610674168564798614e-01 0.000000000000000000e+00 8.085010986328125000e+02 -3.610674168564798614e-01 9.325397152317905780e-01 -0.000000000000000000e+00 -1.141643753051757812e+02 -0.000000000000000000e+00 0.000000000000000000e+00 1.000000000000000000e+00 0.000000000000000000e+00
9.324916689226223632e-01 3.611914829974571806e-01 0.000000000000000000e+00 8.113116455078125000e+02 -3.611914829974571806e-01 9.324916689226223632e-01 -0.000000000000000000e+00 -1.153875045776367188e+02 -0.000000000000000000e+00 0.000000000000000000e+00 1.000000000000000000e+00 0.000000000000000000e+00
9.323735681521633234e-01 3.614962370636840006e-01 0.000000000000000000e+00 8.140815429687500000e+02 -3.614962370636840006e-01 9.323735681521633234e-01 -0.000000000000000000e+00 -1.165942535400390625e+02 -0.000000000000000000e+00 0.000000000000000000e+00 1.000000000000000000e+00 0.000000000000000000e+00
9.322644302014905238e-01 3.617776004413348900e-01 0.000000000000000000e+00 8.165874633789062500e+02 -3.617776004413348900e-01 9.322644302014905238e-01 -0.000000000000000000e+00 -1.177244796752929688e+02 -0.000000000000000000e+00 0.000000000000000000e+00 1.000000000000000000e+00 0.000000000000000000e+00
9.321387066572021096e-01 3.621014105902357061e-01 0.000000000000000000e+00 8.191821899414062500e+02 -3.621014105902357061e-01 9.321387066572021096e-01 -0.000000000000000000e+00 -1.188466415405273438e+02 -0.000000000000000000e+00 0.000000000000000000e+00 1.000000000000000000e+00 0.000000000000000000e+00
9.320073441340910314e-01 3.624393886984665358e-01 0.000000000000000000e+00 8.218468017578125000e+02 -3.624393886984665358e-01 9.320073441340910314e-01 -0.000000000000000000e+00 -1.200086288452148438e+02 -0.000000000000000000e+00 0.000000000000000000e+00 1.000000000000000000e+00 0.000000000000000000e+00
9.320097313358072233e-01 3.624332499859200252e-01 0.000000000000000000e+00 8.273752441406250000e+02 -3.624332499859200252e-01 9.320097313358072233e-01 -0.000000000000000000e+00 -1.224634704589843750e+02 -0.000000000000000000e+00 0.000000000000000000e+00 1.000000000000000000e+00 0.000000000000000000e+00
9.320097313358072233e-01 3.624332499859200252e-01 0.000000000000000000e+00 8.273752441406250000e+02 -3.624332499859200252e-01 9.320097313358072233e-01 -0.000000000000000000e+00 -1.224634704589843750e+02 -0.000000000000000000e+00 0.000000000000000000e+00 1.000000000000000000e+00 0.000000000000000000e+00
9.321045645359620213e-01 3.621892885926149552e-01 0.000000000000000000e+00 8.301632690429687500e+02 -3.621892885926149552e-01 9.321045645359620213e-01 -0.000000000000000000e+00 -1.237189254760742188e+02 -0.000000000000000000e+00 0.000000000000000000e+00 1.000000000000000000e+00 0.000000000000000000e+00
9.322545047916205307e-01 3.618031761824797576e-01 0.000000000000000000e+00 8.329509277343750000e+02 -3.618031761824797576e-01 9.322545047916205307e-01 -0.000000000000000000e+00 -1.249824371337890625e+02 -0.000000000000000000e+00 0.000000000000000000e+00 1.000000000000000000e+00 0.000000000000000000e+00
9.323682642957963340e-01 3.615099165085849942e-01 0.000000000000000000e+00 8.357398071289062500e+02 -3.615099165085849942e-01 9.323682642957963340e-01 -0.000000000000000000e+00 -1.262307434082031250e+02 -0.000000000000000000e+00 0.000000000000000000e+00 1.000000000000000000e+00 0.000000000000000000e+00
9.325146626618585621e-01 3.611321142194918177e-01 0.000000000000000000e+00 8.385241088867187500e+02 -3.611321142194918177e-01 9.325146626618585621e-01 -0.000000000000000000e+00 -1.274718856811523438e+02 -0.000000000000000000e+00 0.000000000000000000e+00 1.000000000000000000e+00 0.000000000000000000e+00
9.325073442234432797e-01 3.611510113087607055e-01 0.000000000000000000e+00 8.413065795898437500e+02 -3.611510113087607055e-01 9.325073442234432797e-01 -0.000000000000000000e+00 -1.286795654296875000e+02 -0.000000000000000000e+00 0.000000000000000000e+00 1.000000000000000000e+00 0.000000000000000000e+00
9.320142949821796918e-01 3.624215141915149707e-01 0.000000000000000000e+00 8.441777343750000000e+02 -3.624215141915149707e-01 9.320142949821796918e-01 -0.000000000000000000e+00 -1.298428039550781250e+02 -0.000000000000000000e+00 0.000000000000000000e+00 1.000000000000000000e+00 0.000000000000000000e+00
9.318903599890755451e-01 3.627400680369224362e-01 0.000000000000000000e+00 8.469921875000000000e+02 -3.627400680369224362e-01 9.318903599890755451e-01 -0.000000000000000000e+00 -1.310579681396484375e+02 -0.000000000000000000e+00 0.000000000000000000e+00 1.000000000000000000e+00 0.000000000000000000e+00
9.317806163885913318e-01 3.630218766445031942e-01 0.000000000000000000e+00 8.498289794921875000e+02 -3.630218766445031942e-01 9.317806163885913318e-01 -0.000000000000000000e+00 -1.322950439453125000e+02 -0.000000000000000000e+00 0.000000000000000000e+00 1.000000000000000000e+00 0.000000000000000000e+00
9.316304390695342441e-01 3.634071064235078197e-01 0.000000000000000000e+00 8.526380004882812500e+02 -3.634071064235078197e-01 9.316304390695342441e-01 -0.000000000000000000e+00 -1.335003814697265625e+02 -0.000000000000000000e+00 0.000000000000000000e+00 1.000000000000000000e+00 0.000000000000000000e+00
9.314744362123104082e-01 3.638067820738892233e-01 0.000000000000000000e+00 8.554525756835937500e+02 -3.638067820738892233e-01 9.314744362123104082e-01 -0.000000000000000000e+00 -1.347179565429687500e+02 -0.000000000000000000e+00 0.000000000000000000e+00 1.000000000000000000e+00 0.000000000000000000e+00
9.313621630527140205e-01 3.640941104079681301e-01 0.000000000000000000e+00 8.582899780273437500e+02 -3.640941104079681301e-01 9.313621630527140205e-01 -0.000000000000000000e+00 -1.359608306884765625e+02 -0.000000000000000000e+00 0.000000000000000000e+00 1.000000000000000000e+00 0.000000000000000000e+00
9.312584530767470392e-01 3.643592918715044537e-01 0.000000000000000000e+00 8.610959472656250000e+02 -3.643592918715044537e-01 9.312584530767470392e-01 -0.000000000000000000e+00 -1.371941833496093750e+02 -0.000000000000000000e+00 0.000000000000000000e+00 1.000000000000000000e+00 0.000000000000000000e+00
9.305230429657669333e-01 3.662333498054614611e-01 0.000000000000000000e+00 8.655247802734375000e+02 -3.662333498054614611e-01 9.305230429657669333e-01 -0.000000000000000000e+00 -1.389608459472656250e+02 -0.000000000000000000e+00 0.000000000000000000e+00 1.000000000000000000e+00 0.000000000000000000e+00
9.304232557925331548e-01 3.664867870475310152e-01 0.000000000000000000e+00 8.669811401367187500e+02 -3.664867870475310152e-01 9.304232557925331548e-01 -0.000000000000000000e+00 -1.396566009521484375e+02 -0.000000000000000000e+00 0.000000000000000000e+00 1.000000000000000000e+00 0.000000000000000000e+00
9.300735692462480664e-01 3.673733193762775961e-01 0.000000000000000000e+00 8.697156982421875000e+02 -3.673733193762775961e-01 9.300735692462480664e-01 -0.000000000000000000e+00 -1.407826690673828125e+02 -0.000000000000000000e+00 0.000000000000000000e+00 1.000000000000000000e+00 0.000000000000000000e+00
9.300916041484580399e-01 3.673276574021455132e-01 0.000000000000000000e+00 8.693450927734375000e+02 -3.673276574021455132e-01 9.300916041484580399e-01 -0.000000000000000000e+00 -1.407482910156250000e+02 -0.000000000000000000e+00 0.000000000000000000e+00 1.000000000000000000e+00 0.000000000000000000e+00
9.299413513124235031e-01 3.677078774234022185e-01 0.000000000000000000e+00 8.715836181640625000e+02 -3.677078774234022185e-01 9.299413513124235031e-01 -0.000000000000000000e+00 -1.417509307861328125e+02 -0.000000000000000000e+00 0.000000000000000000e+00 1.000000000000000000e+00 0.000000000000000000e+00
