9.922454059580544383e-01 1.242942249468402399e-01 0.000000000000000000e+00 5.451029329593519606e+02 -1.242942249468402399e-01 9.922454059580544383e-01 -0.000000000000000000e+00 -3.714467178402992431e+01 -0.000000000000000000e+00 0.000000000000000000e+00 1.000000000000000000e+00 0.000000000000000000e+00
9.921801896421792444e-01 1.248137463647704948e-01 0.000000000000000000e+00 5.480966328353026711e+02 -1.248137463647704948e-01 9.921801896421792444e-01 -0.000000000000000000e+00 -3.741972752292213045e+01 -0.000000000000000000e+00 0.000000000000000000e+00 1.000000000000000000e+00 0.000000000000000000e+00
9.922236974107375707e-01 1.244674025460690558e-01 0.000000000000000000e+00 5.509787319937956909e+02 -1.244674025460690558e-01 9.922236974107375707e-01 -0.000000000000000000e+00 -3.765433369366610350e+01 -0.000000000000000000e+00 0.000000000000000000e+00 1.000000000000000000e+00 0.000000000000000000e+00
9.893232652886302381e-01 1.457376984813555099e-01 0.000000000000000000e+00 5.538716427772936868e+02 -1.457376984813555099e-01 9.893232652886302381e-01 -0.000000000000000000e+00 -3.883723845109898321e+01 -0.000000000000000000e+00 0.000000000000000000e+00 1.000000000000000000e+00 0.000000000000000000e+00
9.907004064408919675e-01 1.360614003964807084e-01 0.000000000000000000e+00 5.568016258569819001e+02 -1.360614003964807084e-01 9.907004064408919675e-01 -0.000000000000000000e+00 -3.866358826635450896e+01 -0.000000000000000000e+00 0.000000000000000000e+00 1.000000000000000000e+00 0.000000000000000000e+00
9.902923439472214318e-01 1.390002644584462377e-01 0.000000000000000000e+00 5.596676509614489987e+02 -1.390002644584462377e-01 9.902923439472214318e-01 -0.000000000000000000e+00 -3.904192123330085451e+01 -0.000000000000000000e+00 0.000000000000000000e+00 1.000000000000000000e+00 0.000000000000000000e+00
9.902315993734055466e-01 1.394323477618706064e-01 0.000000000000000000e+00 5.624862984482484762e+02 -1.394323477618706064e-01 9.902315993734055466e-01 -0.000000000000000000e+00 -3.940195777431335955e+01 -0.000000000000000000e+00 0.000000000000000000e+00 1.000000000000000000e+00 0.000000000000000000e+00
9.901706662734709452e-01 1.398644045193438712e-01 0.000000000000000000e+00 5.653049380101507495e+02 -1.398644045193438712e-01 9.901706662734709452e-01 -0.000000000000000000e+00 -3.976199178857223160e+01 -0.000000000000000000e+00 0.000000000000000000e+00 1.000000000000000000e+00 0.000000000000000000e+00
9.896513868196702424e-01 1.434926219911792089e-01 0.000000000000000000e+00 5.682781242339260643e+02 -1.434926219911792089e-01 9.896513868196702424e-01 -0.000000000000000000e+00 -4.035841614371020114e+01 -0.000000000000000000e+00 0.000000000000000000e+00 1.000000000000000000e+00 0.000000000000000000e+00
9.904734463964870450e-01 1.377038560951193147e-01 0.000000000000000000e+00 5.712458778364264163e+02 -1.377038560951193147e-01 9.904734463964870450e-01 -0.000000000000000000e+00 -4.035615274022256926e+01 -0.000000000000000000e+00 0.000000000000000000e+00 1.000000000000000000e+00 0.000000000000000000e+00
9.912616460516365802e-01 1.319103827111424709e-01 0.000000000000000000e+00 5.742121501970942745e+02 -1.319103827111424709e-01 9.912616460516365802e-01 -0.000000000000000000e+00 -4.035371962254203027e+01 -0.000000000000000000e+00 0.000000000000000000e+00 1.000000000000000000e+00 0.000000000000000000e+00
9.900482345416844465e-01 1.407284380674135860e-01 0.000000000000000000e+00 5.771607822209332426e+02 -1.407284380674135860e-01 9.900482345416844465e-01 -0.000000000000000000e+00 -4.117717919086771872e+01 -0.000000000000000000e+00 0.000000000000000000e+00 1.000000000000000000e+00 0.000000000000000000e+00
9.899497462971054151e-01 1.414195877744544305e-01 0.000000000000000000e+00 5.802686120397739842e+02 -1.414195877744544305e-01 9.899497462971054151e-01 -0.000000000000000000e+00 -4.146231124955465930e+01 -0.000000000000000000e+00 0.000000000000000000e+00 1.000000000000000000e+00 0.000000000000000000e+00
9.898135371557924556e-01 1.423698060093451789e-01 0.000000000000000000e+00 5.833132507441932830e+02 -1.423698060093451789e-01 9.898135371557924556e-01 -0.000000000000000000e+00 -4.194283244032158109e+01 -0.000000000000000000e+00 0.000000000000000000e+00 1.000000000000000000e+00 0.000000000000000000e+00
9.893994377513348759e-01 1.452196700772403481e-01 0.000000000000000000e+00 5.863520006315802675e+02 -1.452196700772403481e-01 9.893994377513348759e-01 -0.000000000000000000e+00 -4.232113998849081327e+01 -0.000000000000000000e+00 0.000000000000000000e+00 1.000000000000000000e+00 0.000000000000000000e+00
9.887302671466056125e-01 1.497079117087735944e-01 0.000000000000000000e+00 5.894349893342165387e+02 -1.497079117087735944e-01 9.887302671466056125e-01 -0.000000000000000000e+00 -4.295778936266469827e+01 -0.000000000000000000e+00 0.000000000000000000e+00 1.000000000000000000e+00 0.000000000000000000e+00
9.880944998464433748e-01 1.538481698727899583e-01 0.000000000000000000e+00 5.924078000495084098e+02 -1.538481698727899583e-01 9.880944998464433748e-01 -0.000000000000000000e+00 -4.339131043981251423e+01 -0.000000000000000000e+00 0.000000000000000000e+00 1.000000000000000000e+00 0.000000000000000000e+00
9.877156285164309102e-01 1.562620785232033682e-01 0.000000000000000000e+00 5.955053016411851559e+02 -1.562620785232033682e-01 9.877156285164309102e-01 -0.000000000000000000e+00 -4.375185376528224879e+01 -0.000000000000000000e+00 0.000000000000000000e+00 1.000000000000000000e+00 0.000000000000000000e+00
9.868839065636125785e-01 1.614315798279342407e-01 0.000000000000000000e+00 5.985819536715440563e+02 -1.614315798279342407e-01 9.868839065636125785e-01 -0.000000000000000000e+00 -4.441837918941655516e+01 -0.000000000000000000e+00 0.000000000000000000e+00 1.000000000000000000e+00 0.000000000000000000e+00
9.860832218199008237e-01 1.662524575616378952e-01 0.000000000000000000e+00 6.016637124679886028e+02 -1.662524575616378952e-01 9.860832218199008237e-01 -0.000000000000000000e+00 -4.488432653021163787e+01 -0.000000000000000000e+00 0.000000000000000000e+00 1.000000000000000000e+00 0.000000000000000000e+00
9.853186419246217076e-01 1.707254341796181074e-01 0.000000000000000000e+00 6.046271375609650249e+02 -1.707254341796181074e-01 9.853186419246217076e-01 -0.000000000000000000e+00 -4.551783055018131563e+01 -0.000000000000000000e+00 0.000000000000000000e+00 1.000000000000000000e+00 0.000000000000000000e+00
9.845948668197382903e-01 1.748512174170423206e-01 0.000000000000000000e+00 6.077114856121495450e+02 -1.748512174170423206e-01 9.845948668197382903e-01 -0.000000000000000000e+00 -4.595338340593025350e+01 -0.000000000000000000e+00 0.000000000000000000e+00 1.000000000000000000e+00 0.000000000000000000e+00
9.838225642458325870e-01 1.791456448835822002e-01 0.000000000000000000e+00 6.106785146227246059e+02 -1.791456448835822002e-01 9.838225642458325870e-01 -0.000000000000000000e+00 -4.639376551415443828e+01 -0.000000000000000000e+00 0.000000000000000000e+00 1.000000000000000000e+00 0.000000000000000000e+00
9.830635318730154282e-01 1.832650875135597712e-01 0.000000000000000000e+00 6.137571828579698376e+02 -1.832650875135597712e-01 9.830635318730154282e-01 -0.000000000000000000e+00 -4.701441898350867632e+01 -0.000000000000000000e+00 0.000000000000000000e+00 1.000000000000000000e+00 0.000000000000000000e+00
9.822872507286887211e-01 1.873813145857246287e-01 0.000000000000000000e+00 6.168392319764341210e+02 -1.873813145857246287e-01 9.822872507286887211e-01 -0.000000000000000000e+00 -4.744960726695899211e+01 -0.000000000000000000e+00 0.000000000000000000e+00 1.000000000000000000e+00 0.000000000000000000e+00
9.816937285463988028e-01 1.904663312311900281e-01 0.000000000000000000e+00 6.198085904012206129e+02 -1.904663312311900281e-01 9.816937285463988028e-01 -0.000000000000000000e+00 -4.802239898172820176e+01 -0.000000000000000000e+00 0.000000000000000000e+00 1.000000000000000000e+00 0.000000000000000000e+00
9.807852804032304306e-01 1.950903220161283591e-01 0.000000000000000000e+00 6.228854361762956842e+02 -1.950903220161283591e-01 9.807852804032304306e-01 -0.000000000000000000e+00 -4.847986738234885706e+01 -0.000000000000000000e+00 0.000000000000000000e+00 1.000000000000000000e+00 0.000000000000000000e+00
9.798201814932873122e-01 1.998809944403459327e-01 0.000000000000000000e+00 6.259558599169755553e+02 -1.998809944403459327e-01 9.798201814932873122e-01 -0.000000000000000000e+00 -4.913000555084954613e+01 -0.000000000000000000e+00 0.000000000000000000e+00 1.000000000000000000e+00 0.000000000000000000e+00
9.791164972173181935e-01 2.032999874001209795e-01 0.000000000000000000e+00 6.290403085026081271e+02 -2.032999874001209795e-01 9.791164972173181935e-01 -0.000000000000000000e+00 -4.953470697364627995e+01 -0.000000000000000000e+00 0.000000000000000000e+00 1.000000000000000000e+00 0.000000000000000000e+00
9.786168192239480534e-01 2.056918110475051964e-01 0.000000000000000000e+00 6.321283866934417119e+02 -2.056918110475051964e-01 9.786168192239480534e-01 -0.000000000000000000e+00 -5.007973954007684370e+01 -0.000000000000000000e+00 0.000000000000000000e+00 1.000000000000000000e+00 0.000000000000000000e+00
9.783647889781136309e-01 2.068872632324456895e-01 0.000000000000000000e+00 6.352300821024432480e+02 -2.068872632324456895e-01 9.783647889781136309e-01 -0.000000000000000000e+00 -5.038699393233400770e+01 -0.000000000000000000e+00 0.000000000000000000e+00 1.000000000000000000e+00 0.000000000000000000e+00
9.779293398307218332e-01 2.089358904024117558e-01 0.000000000000000000e+00 6.382051949270933164e+02 -2.089358904024117558e-01 9.779293398307218332e-01 -0.000000000000000000e+00 -5.091441418205704394e+01 -0.000000000000000000e+00 0.000000000000000000e+00 1.000000000000000000e+00 0.000000000000000000e+00
9.777832367586062334e-01 2.096185629038217757e-01 0.000000000000000000e+00 6.413068102136445532e+02 -2.096185629038217757e-01 9.777832367586062334e-01 -0.000000000000000000e+00 -5.138453314969819985e+01 -0.000000000000000000e+00 0.000000000000000000e+00 1.000000000000000000e+00 0.000000000000000000e+00
9.773789962644952034e-01 2.114953844910280323e-01 0.000000000000000000e+00 6.443984847461686059e+02 -2.114953844910280323e-01 9.773789962644952034e-01 -0.000000000000000000e+00 -5.190699905291376126e+01 -0.000000000000000000e+00 0.000000000000000000e+00 1.000000000000000000e+00 0.000000000000000000e+00
9.764092008030603731e-01 2.159283968984370417e-01 0.000000000000000000e+00 6.474724482231004004e+02 -2.159283968984370417e-01 9.764092008030603731e-01 -0.000000000000000000e+00 -5.235619301580936735e+01 -0.000000000000000000e+00 0.000000000000000000e+00 1.000000000000000000e+00 0.000000000000000000e+00
9.754192990235331928e-01 2.203569628862203644e-01 0.000000000000000000e+00 6.504260065821399621e+02 -2.203569628862203644e-01 9.754192990235331928e-01 -0.000000000000000000e+00 -5.298798118593367690e+01 -0.000000000000000000e+00 0.000000000000000000e+00 1.000000000000000000e+00 0.000000000000000000e+00
9.741733869698493420e-01 2.258012668691037061e-01 0.000000000000000000e+00 6.534849097606552277e+02 -2.258012668691037061e-01 9.741733869698493420e-01 -0.000000000000000000e+00 -5.366690948483665125e+01 -0.000000000000000000e+00 0.000000000000000000e+00 1.000000000000000000e+00 0.000000000000000000e+00
9.727758782093965939e-01 2.317479034941571647e-01 0.000000000000000000e+00 6.565377563615990084e+02 -2.317479034941571647e-01 9.727758782093965939e-01 -0.000000000000000000e+00 -5.436790432665384287e+01 -0.000000000000000000e+00 0.000000000000000000e+00 1.000000000000000000e+00 0.000000000000000000e+00
9.718788612832885976e-01 2.354813771632447705e-01 0.000000000000000000e+00 6.596099903996820331e+02 -2.354813771632447705e-01 9.718788612832885976e-01 -0.000000000000000000e+00 -5.497185280591111223e+01 -0.000000000000000000e+00 0.000000000000000000e+00 1.000000000000000000e+00 0.000000000000000000e+00
9.705905654113182734e-01 2.407362754853068776e-01 0.000000000000000000e+00 6.626627044253368695e+02 -2.407362754853068776e-01 9.705905654113182734e-01 -0.000000000000000000e+00 -5.582790595061896965e+01 -0.000000000000000000e+00 0.000000000000000000e+00 1.000000000000000000e+00 0.000000000000000000e+00
9.696163704958059570e-01 2.446305256229072689e-01 0.000000000000000000e+00 6.656163622771269957e+02 -2.446305256229072689e-01 9.696163704958059570e-01 -0.000000000000000000e+00 -5.643637151815482866e+01 -0.000000000000000000e+00 0.000000000000000000e+00 1.000000000000000000e+00 0.000000000000000000e+00
9.679287739899732346e-01 2.512247768080755339e-01 0.000000000000000000e+00 6.686572754257841780e+02 -2.512247768080755339e-01 9.679287739899732346e-01 -0.000000000000000000e+00 -5.716591386010259157e+01 -0.000000000000000000e+00 0.000000000000000000e+00 1.000000000000000000e+00 0.000000000000000000e+00
9.668233886044593772e-01 2.554457579357904407e-01 0.000000000000000000e+00 6.717168289021469718e+02 -2.554457579357904407e-01 9.668233886044593772e-01 -0.000000000000000000e+00 -5.797668133998467965e+01 -0.000000000000000000e+00 0.000000000000000000e+00 1.000000000000000000e+00 0.000000000000000000e+00
9.656542620403201216e-01 2.598304181641646893e-01 0.000000000000000000e+00 6.747779178499382624e+02 -2.598304181641646893e-01 9.656542620403201216e-01 -0.000000000000000000e+00 -5.860931136875069569e+01 -0.000000000000000000e+00 0.000000000000000000e+00 1.000000000000000000e+00 0.000000000000000000e+00
9.651536441165775582e-01 2.616838612686894772e-01 0.000000000000000000e+00 6.777458470001986370e+02 -2.616838612686894772e-01 9.651536441165775582e-01 -0.000000000000000000e+00 -5.931361156912998922e+01 -0.000000000000000000e+00 0.000000000000000000e+00 1.000000000000000000e+00 0.000000000000000000e+00
9.642343169296141436e-01 2.650512819347994320e-01 0.000000000000000000e+00 6.808167092886629916e+02 -2.650512819347994320e-01 9.642343169296141436e-01 -0.000000000000000000e+00 -5.990161141391718047e+01 -0.000000000000000000e+00 0.000000000000000000e+00 1.000000000000000000e+00 0.000000000000000000e+00
9.629745906442970238e-01 2.695921693474209735e-01 0.000000000000000000e+00 6.838698879642687416e+02 -2.695921693474209735e-01 9.629745906442970238e-01 -0.000000000000000000e+00 -6.072648899625710328e+01 -0.000000000000000000e+00 0.000000000000000000e+00 1.000000000000000000e+00 0.000000000000000000e+00
9.616456211508752627e-01 2.742949130431466265e-01 0.000000000000000000e+00 6.868048371586653502e+02 -2.742949130431466265e-01 9.616456211508752627e-01 -0.000000000000000000e+00 -6.155592442786428364e+01 -0.000000000000000000e+00 0.000000000000000000e+00 1.000000000000000000e+00 0.000000000000000000e+00
9.603423641844283098e-01 2.788234989247908580e-01 0.000000000000000000e+00 6.898602390290270705e+02 -2.788234989247908580e-01 9.603423641844283098e-01 -0.000000000000000000e+00 -6.219496772612001223e+01 -0.000000000000000000e+00 0.000000000000000000e+00 1.000000000000000000e+00 0.000000000000000000e+00
9.593632378089878010e-01 2.821740206692591180e-01 0.000000000000000000e+00 6.929243444361318325e+02 -2.821740206692591180e-01 9.593632378089878010e-01 -0.000000000000000000e+00 -6.296763103181046972e+01 -0.000000000000000000e+00 0.000000000000000000e+00 1.000000000000000000e+00 0.000000000000000000e+00
9.588692902931944539e-01 2.838479947659055536e-01 0.000000000000000000e+00 6.958923708843508393e+02 -2.838479947659055536e-01 9.588692902931944539e-01 -0.000000000000000000e+00 -6.366408812344661783e+01 -0.000000000000000000e+00 0.000000000000000000e+00 1.000000000000000000e+00 0.000000000000000000e+00
9.576216459576222251e-01 2.880291360147690938e-01 0.000000000000000000e+00 6.989456839800222951e+02 -2.880291360147690938e-01 9.576216459576222251e-01 -0.000000000000000000e+00 -6.447325805419222888e+01 -0.000000000000000000e+00 0.000000000000000000e+00 1.000000000000000000e+00 0.000000000000000000e+00
9.565595342411697954e-01 2.915370601695713160e-01 0.000000000000000000e+00 7.020063464604861565e+02 -2.915370601695713160e-01 9.565595342411697954e-01 -0.000000000000000000e+00 -6.525286972081903514e+01 -0.000000000000000000e+00 0.000000000000000000e+00 1.000000000000000000e+00 0.000000000000000000e+00
9.553299583633394487e-01 2.955413180140810669e-01 0.000000000000000000e+00 7.049448648765869621e+02 -2.955413180140810669e-01 9.553299583633394487e-01 -0.000000000000000000e+00 -6.605173091285359988e+01 -0.000000000000000000e+00 0.000000000000000000e+00 1.000000000000000000e+00 0.000000000000000000e+00
9.540313261337579620e-01 2.997069047510637074e-01 0.000000000000000000e+00 7.079918072866046259e+02 -2.997069047510637074e-01 9.540313261337579620e-01 -0.000000000000000000e+00 -6.704561515245677583e+01 -0.000000000000000000e+00 0.000000000000000000e+00 1.000000000000000000e+00 0.000000000000000000e+00
9.525021593336440162e-01 3.045318316116483737e-01 0.000000000000000000e+00 7.109181677482295072e+02 -3.045318316116483737e-01 9.525021593336440162e-01 -0.000000000000000000e+00 -6.788058344728096927e+01 -0.000000000000000000e+00 0.000000000000000000e+00 1.000000000000000000e+00 0.000000000000000000e+00
9.488760116444965309e-01 3.156490369471023349e-01 0.000000000000000000e+00 7.138754113651227726e+02 -3.156490369471023349e-01 9.488760116444965309e-01 -0.000000000000000000e+00 -6.899477269811222868e+01 -0.000000000000000000e+00 0.000000000000000000e+00 1.000000000000000000e+00 0.000000000000000000e+00
9.474897046551208346e-01 3.197862717074513861e-01 0.000000000000000000e+00 7.169185025133942872e+02 -3.197862717074513861e-01 9.474897046551208346e-01 -0.000000000000000000e+00 -6.998751156760363301e+01 -0.000000000000000000e+00 0.000000000000000000e+00 1.000000000000000000e+00 0.000000000000000000e+00
9.452910557512493872e-01 3.262281715558733031e-01 0.000000000000000000e+00 7.199328437595784180e+02 -3.262281715558733031e-01 9.452910557512493872e-01 -0.000000000000000000e+00 -7.089628342466357935e+01 -0.000000000000000000e+00 0.000000000000000000e+00 1.000000000000000000e+00 0.000000000000000000e+00
9.440314641410497698e-01 3.298554148588527246e-01 0.000000000000000000e+00 7.229850324829690180e+02 -3.298554148588527246e-01 9.440314641410497698e-01 -0.000000000000000000e+00 -7.168130137665730217e+01 -0.000000000000000000e+00 0.000000000000000000e+00 1.000000000000000000e+00 0.000000000000000000e+00
9.417056522483617798e-01 3.364379058957054358e-01 0.000000000000000000e+00 7.258744641616743820e+02 -3.364379058957054358e-01 9.417056522483617798e-01 -0.000000000000000000e+00 -7.277910870888399586e+01 -0.000000000000000000e+00 0.000000000000000000e+00 1.000000000000000000e+00 0.000000000000000000e+00
9.401097758101706336e-01 3.408718372440744382e-01 0.000000000000000000e+00 7.289128797277915055e+02 -3.408718372440744382e-01 9.401097758101706336e-01 -0.000000000000000000e+00 -7.359966441973756446e+01 -0.000000000000000000e+00 0.000000000000000000e+00 1.000000000000000000e+00 0.000000000000000000e+00
9.387939948933654577e-01 3.444790779599767871e-01 0.000000000000000000e+00 7.318430776801918682e+02 -3.444790779599767871e-01 9.387939948933654577e-01 -0.000000000000000000e+00 -7.456663618664060778e+01 -0.000000000000000000e+00 0.000000000000000000e+00 1.000000000000000000e+00 0.000000000000000000e+00
9.370384119054839811e-01 3.492263085932221234e-01 0.000000000000000000e+00 7.348707445977626094e+02 -3.492263085932221234e-01 9.370384119054839811e-01 -0.000000000000000000e+00 -7.558636574372985706e+01 -0.000000000000000000e+00 0.000000000000000000e+00 1.000000000000000000e+00 0.000000000000000000e+00
9.358136758384908438e-01 3.524950554456785512e-01 0.000000000000000000e+00 7.378045415709933650e+02 -3.524950554456785512e-01 9.358136758384908438e-01 -0.000000000000000000e+00 -7.653847541532059040e+01 -0.000000000000000000e+00 0.000000000000000000e+00 1.000000000000000000e+00 0.000000000000000000e+00
9.348256763960144378e-01 3.551069624081369946e-01 0.000000000000000000e+00 7.407479386339214216e+02 -3.551069624081369946e-01 9.348256763960144378e-01 -0.000000000000000000e+00 -7.746168468418181874e+01 -0.000000000000000000e+00 0.000000000000000000e+00 1.000000000000000000e+00 0.000000000000000000e+00
9.328278153972945352e-01 3.603224484001946171e-01 0.000000000000000000e+00 7.437655600679454437e+02 -3.603224484001946171e-01 9.328278153972945352e-01 -0.000000000000000000e+00 -7.850209108534136249e+01 -0.000000000000000000e+00 0.000000000000000000e+00 1.000000000000000000e+00 0.000000000000000000e+00
9.321975136295812536e-01 3.619499904445733218e-01 0.000000000000000000e+00 7.467193406244987273e+02 -3.619499904445733218e-01 9.321975136295812536e-01 -0.000000000000000000e+00 -7.956732704089745312e+01 -0.000000000000000000e+00 0.000000000000000000e+00 1.000000000000000000e+00 0.000000000000000000e+00
9.314374033593090241e-01 3.639015850793562712e-01 0.000000000000000000e+00 7.496719501267550640e+02 -3.639015850793562712e-01 9.314374033593090241e-01 -0.000000000000000000e+00 -8.046149062555059572e+01 -0.000000000000000000e+00 0.000000000000000000e+00 1.000000000000000000e+00 0.000000000000000000e+00
9.306093400271976401e-01 3.660140110079717068e-01 0.000000000000000000e+00 7.526176437736828575e+02 -3.660140110079717068e-01 9.306093400271976401e-01 -0.000000000000000000e+00 -8.154808151249835646e+01 -0.000000000000000000e+00 0.000000000000000000e+00 1.000000000000000000e+00 0.000000000000000000e+00
9.300332587065640588e-01 3.674753565882333817e-01 0.000000000000000000e+00 7.555777395661770015e+02 -3.674753565882333817e-01 9.300332587065640588e-01 -0.000000000000000000e+00 -8.242066426284691261e+01 -0.000000000000000000e+00 0.000000000000000000e+00 1.000000000000000000e+00 0.000000000000000000e+00
9.296479295356032679e-01 3.684490834703842421e-01 0.000000000000000000e+00 7.585414859768205815e+02 -3.684490834703842421e-01 9.296479295356032679e-01 -0.000000000000000000e+00 -8.345711731917754150e+01 -0.000000000000000000e+00 0.000000000000000000e+00 1.000000000000000000e+00 0.000000000000000000e+00
9.288095528719242377e-01 3.705574375098362183e-01 0.000000000000000000e+00 7.613713390982343299e+02 -3.705574375098362183e-01 9.288095528719242377e-01 -0.000000000000000000e+00 -8.454096509715009233e+01 -0.000000000000000000e+00 0.000000000000000000e+00 1.000000000000000000e+00 0.000000000000000000e+00
9.277711411187397061e-01 3.731497148695569477e-01 0.000000000000000000e+00 7.643083937255929641e+02 -3.731497148695569477e-01 9.277711411187397061e-01 -0.000000000000000000e+00 -8.564870187037877258e+01 -0.000000000000000000e+00 0.000000000000000000e+00 1.000000000000000000e+00 0.000000000000000000e+00
9.271184592607538688e-01 3.747684118198408854e-01 0.000000000000000000e+00 7.672611963534235429e+02 -3.747684118198408854e-01 9.271184592607538688e-01 -0.000000000000000000e+00 -8.671356446256413619e+01 -0.000000000000000000e+00 0.000000000000000000e+00 1.000000000000000000e+00 0.000000000000000000e+00
9.265286308718373443e-01 3.762242631393655778e-01 0.000000000000000000e+00 7.702165613795496029e+02 -3.762242631393655778e-01 9.265286308718373443e-01 -0.000000000000000000e+00 -8.777125607412608588e+01 -0.000000000000000000e+00 0.000000000000000000e+00 1.000000000000000000e+00 0.000000000000000000e+00
9.260024197156213610e-01 3.775175740026073812e-01 0.000000000000000000e+00 7.730591327277188611e+02 -3.775175740026073812e-01 9.260024197156213610e-01 -0.000000000000000000e+00 -8.881921783919415248e+01 -0.000000000000000000e+00 0.000000000000000000e+00 1.000000000000000000e+00 0.000000000000000000e+00
9.254744032703047241e-01 3.788101488760212687e-01 0.000000000000000000e+00 7.760170153625608691e+02 -3.788101488760212687e-01 9.254744032703047241e-01 -0.000000000000000000e+00 -8.986971913073421092e+01 -0.000000000000000000e+00 0.000000000000000000e+00 1.000000000000000000e+00 0.000000000000000000e+00
9.249445825652823361e-01 3.801019852396664289e-01 0.000000000000000000e+00 7.789748196344030475e+02 -3.801019852396664289e-01 9.249445825652823361e-01 -0.000000000000000000e+00 -9.092018843469577405e+01 -0.000000000000000000e+00 0.000000000000000000e+00 1.000000000000000000e+00 0.000000000000000000e+00
9.241798063976717215e-01 3.819577011224697949e-01 0.000000000000000000e+00 7.818055465472235710e+02 -3.819577011224697949e-01 9.241798063976717215e-01 -0.000000000000000000e+00 -9.208559948025686026e+01 -0.000000000000000000e+00 0.000000000000000000e+00 1.000000000000000000e+00 0.000000000000000000e+00
9.240797784353524946e-01 3.821996377377532839e-01 0.000000000000000000e+00 7.847788723051584157e+02 -3.821996377377532839e-01 9.240797784353524946e-01 -0.000000000000000000e+00 -9.318248795071713175e+01 -0.000000000000000000e+00 0.000000000000000000e+00 1.000000000000000000e+00 0.000000000000000000e+00
9.233443052386829386e-01 3.839730380942050769e-01 0.000000000000000000e+00 7.876128534642176646e+02 -3.839730380942050769e-01 9.233443052386829386e-01 -0.000000000000000000e+00 -9.425160342309891348e+01 -0.000000000000000000e+00 0.000000000000000000e+00 1.000000000000000000e+00 0.000000000000000000e+00
9.224033266339100035e-01 3.862280453497600186e-01 0.000000000000000000e+00 7.905537952734065357e+02 -3.862280453497600186e-01 9.224033266339100035e-01 -0.000000000000000000e+00 -9.534451229931437410e+01 -0.000000000000000000e+00 0.000000000000000000e+00 1.000000000000000000e+00 0.000000000000000000e+00
9.215923900425705417e-01 3.881590738545505626e-01 0.000000000000000000e+00 7.933846617877730978e+02 -3.881590738545505626e-01 9.215923900425705417e-01 -0.000000000000000000e+00 -9.642058002618114187e+01 -0.000000000000000000e+00 0.000000000000000000e+00 1.000000000000000000e+00 0.000000000000000000e+00
9.203684064812045484e-01 3.910524214875139015e-01 0.000000000000000000e+00 7.961944497967871257e+02 -3.910524214875139015e-01 9.203684064812045484e-01 -0.000000000000000000e+00 -9.772439966978026860e+01 -0.000000000000000000e+00 0.000000000000000000e+00 1.000000000000000000e+00 0.000000000000000000e+00
9.186533625758170896e-01 3.950645509636929731e-01 0.000000000000000000e+00 7.991035786104508816e+02 -3.950645509636929731e-01 9.186533625758170896e-01 -0.000000000000000000e+00 -9.889476537128621203e+01 -0.000000000000000000e+00 0.000000000000000000e+00 1.000000000000000000e+00 0.000000000000000000e+00
9.183773316410874799e-01 3.957057956712234925e-01 0.000000000000000000e+00 8.019522225321144333e+02 -3.957057956712234925e-01 9.183773316410874799e-01 -0.000000000000000000e+00 -1.000993472406553337e+02 -0.000000000000000000e+00 0.000000000000000000e+00 1.000000000000000000e+00 0.000000000000000000e+00
9.177546256839811400e-01 3.971478906347805649e-01 0.000000000000000000e+00 8.047866336444732269e+02 -3.971478906347805649e-01 9.177546256839811400e-01 -0.000000000000000000e+00 -1.013392258864469113e+02 -0.000000000000000000e+00 0.000000000000000000e+00 1.000000000000000000e+00 0.000000000000000000e+00
9.171296552585671558e-01 3.985890056753972899e-01 0.000000000000000000e+00 8.076209462327416304e+02 -3.985890056753972899e-01 9.171296552585671558e-01 -0.000000000000000000e+00 -1.025790626612483720e+02 -0.000000000000000000e+00 0.000000000000000000e+00 1.000000000000000000e+00 0.000000000000000000e+00
9.171296552585671558e-01 3.985890056753972899e-01 0.000000000000000000e+00 8.104809235917520027e+02 -3.985890056753972899e-01 9.171296552585671558e-01 -0.000000000000000000e+00 -1.037553777174084644e+02 -0.000000000000000000e+00 0.000000000000000000e+00 1.000000000000000000e+00 0.000000000000000000e+00
9.167117510316200590e-01 3.995492028781200688e-01 0.000000000000000000e+00 8.133237378283246244e+02 -3.995492028781200688e-01 9.167117510316200590e-01 -0.000000000000000000e+00 -1.049740154299233836e+02 -0.000000000000000000e+00 0.000000000000000000e+00 1.000000000000000000e+00 0.000000000000000000e+00
9.165024219068980127e-01 4.000291372372647980e-01 0.000000000000000000e+00 8.160597288654358863e+02 -4.000291372372647980e-01 9.165024219068980127e-01 -0.000000000000000000e+00 -1.061689122740331186e+02 -0.000000000000000000e+00 0.000000000000000000e+00 1.000000000000000000e+00 0.000000000000000000e+00
9.163627295622396307e-01 4.003490325568948571e-01 0.000000000000000000e+00 8.189098429230378997e+02 -4.003490325568948571e-01 9.163627295622396307e-01 -0.000000000000000000e+00 -1.075446656778290162e+02 -0.000000000000000000e+00 0.000000000000000000e+00 1.000000000000000000e+00 0.000000000000000000e+00
9.163627295622396307e-01 4.003490325568948571e-01 0.000000000000000000e+00 8.217698255046142322e+02 -4.003490325568948571e-01 9.163627295622396307e-01 -0.000000000000000000e+00 -1.087209742538466344e+02 -0.000000000000000000e+00 0.000000000000000000e+00 1.000000000000000000e+00 0.000000000000000000e+00
9.162928415178388519e-01 4.005089619261528733e-01 0.000000000000000000e+00 8.246269381753353400e+02 -4.005089619261528733e-01 9.162928415178388519e-01 -0.000000000000000000e+00 -1.099043309899475389e+02 -0.000000000000000000e+00 0.000000000000000000e+00 1.000000000000000000e+00 0.000000000000000000e+00
9.165024219068980127e-01 4.000291372372647980e-01 0.000000000000000000e+00 8.273801430478166594e+02 -4.000291372372647980e-01 9.165024219068980127e-01 -0.000000000000000000e+00 -1.110569153197261585e+02 -0.000000000000000000e+00 0.000000000000000000e+00 1.000000000000000000e+00 0.000000000000000000e+00
9.161529816955393812e-01 4.008287840591949758e-01 0.000000000000000000e+00 8.302216454690143337e+02 -4.008287840591949758e-01 9.161529816955393812e-01 -0.000000000000000000e+00 -1.124538101324646959e+02 -0.000000000000000000e+00 0.000000000000000000e+00 1.000000000000000000e+00 0.000000000000000000e+00
9.160830099219006151e-01 4.009886768132372992e-01 0.000000000000000000e+00 8.330787583860300174e+02 -4.009886768132372992e-01 9.160830099219006151e-01 -0.000000000000000000e+00 -1.136371605204358275e+02 -0.000000000000000000e+00 0.000000000000000000e+00 1.000000000000000000e+00 0.000000000000000000e+00
9.159429826603030511e-01 4.013084256720107490e-01 0.000000000000000000e+00 8.358176037514042491e+02 -4.013084256720107490e-01 9.159429826603030511e-01 -0.000000000000000000e+00 -1.148249861761455577e+02 -0.000000000000000000e+00 0.000000000000000000e+00 1.000000000000000000e+00 0.000000000000000000e+00
9.152411726209176424e-01 4.029064357136625252e-01 0.000000000000000000e+00 8.386446252997112651e+02 -4.029064357136625252e-01 9.152411726209176424e-01 -0.000000000000000000e+00 -1.162570723901285419e+02 -0.000000000000000000e+00 0.000000000000000000e+00 1.000000000000000000e+00 0.000000000000000000e+00
9.146071597986136226e-01 4.043435955287449368e-01 0.000000000000000000e+00 8.414785549584041746e+02 -4.043435955287449368e-01 9.146071597986136226e-01 -0.000000000000000000e+00 -1.174967272242374747e+02 -0.000000000000000000e+00 0.000000000000000000e+00 1.000000000000000000e+00 0.000000000000000000e+00
9.141832307634780719e-01 4.053011480255753751e-01 0.000000000000000000e+00 8.442057276454308976e+02 -4.053011480255753751e-01 9.141832307634780719e-01 -0.000000000000000000e+00 -1.187126687594923169e+02 -0.000000000000000000e+00 0.000000000000000000e+00 1.000000000000000000e+00 0.000000000000000000e+00
9.135099596960717383e-01 4.068163634074734025e-01 0.000000000000000000e+00 8.470380340501341152e+02 -4.068163634074734025e-01 9.135099596960717383e-01 -0.000000000000000000e+00 -1.199557667919775668e+02 -0.000000000000000000e+00 0.000000000000000000e+00 1.000000000000000000e+00 0.000000000000000000e+00
9.133323656171922211e-01 4.072149185824402995e-01 0.000000000000000000e+00 8.498865976592940115e+02 -4.072149185824402995e-01 9.133323656171922211e-01 -0.000000000000000000e+00 -1.213349736588679662e+02 -0.000000000000000000e+00 0.000000000000000000e+00 1.000000000000000000e+00 0.000000000000000000e+00
9.116903457277413247e-01 4.108779788536147115e-01 0.000000000000000000e+00 8.525636414984850262e+02 -4.108779788536147115e-01 9.116903457277413247e-01 -0.000000000000000000e+00 -1.226702105838621719e+02 -0.000000000000000000e+00 0.000000000000000000e+00 1.000000000000000000e+00 0.000000000000000000e+00
9.112595755029623268e-01 4.118324732875747185e-01 0.000000000000000000e+00 8.554059080848069243e+02 -4.118324732875747185e-01 9.112595755029623268e-01 -0.000000000000000000e+00 -1.238885895882813202e+02 -0.000000000000000000e+00 0.000000000000000000e+00 1.000000000000000000e+00 0.000000000000000000e+00
9.105394046779844430e-01 4.134222932168290510e-01 0.000000000000000000e+00 8.581208664727981841e+02 -4.134222932168290510e-01 9.105394046779844430e-01 -0.000000000000000000e+00 -1.251324161214442938e+02 -0.000000000000000000e+00 0.000000000000000000e+00 1.000000000000000000e+00 0.000000000000000000e+00
9.101059706849956576e-01 4.143755809932842538e-01 0.000000000000000000e+00 8.609630181365746466e+02 -4.143755809932842538e-01 9.101059706849956576e-01 -0.000000000000000000e+00 -1.263507422373349982e+02 -0.000000000000000000e+00 0.000000000000000000e+00 1.000000000000000000e+00 0.000000000000000000e+00
9.090907442474335243e-01 4.165981501682976540e-01 0.000000000000000000e+00 8.636616838634037094e+02 -4.165981501682976540e-01 9.090907442474335243e-01 -0.000000000000000000e+00 -1.278078202240085375e+02 -0.000000000000000000e+00 0.000000000000000000e+00 1.000000000000000000e+00 0.000000000000000000e+00
9.082162299015544837e-01 4.185012302770527159e-01 0.000000000000000000e+00 8.664856518471842719e+02 -4.185012302770527159e-01 9.082162299015544837e-01 -0.000000000000000000e+00 -1.290680392655699507e+02 -0.000000000000000000e+00 0.000000000000000000e+00 1.000000000000000000e+00 0.000000000000000000e+00
9.079969786834922729e-01 4.189767137940361708e-01 0.000000000000000000e+00 8.692212296494286647e+02 -4.189767137940361708e-01 9.079969786834922729e-01 -0.000000000000000000e+00 -1.302627235607537841e+02 -0.000000000000000000e+00 0.000000000000000000e+00 1.000000000000000000e+00 0.000000000000000000e+00
9.063815340338828852e-01 4.224600747554557723e-01 0.000000000000000000e+00 8.720146339264420021e+02 -4.224600747554557723e-01 9.063815340338828852e-01 -0.000000000000000000e+00 -1.315926546680070715e+02 -0.000000000000000000e+00 0.000000000000000000e+00 1.000000000000000000e+00 0.000000000000000000e+00
9.061602102212898968e-01 4.229345970853031211e-01 0.000000000000000000e+00 8.747459964620526307e+02 -4.229345970853031211e-01 9.061602102212898968e-01 -0.000000000000000000e+00 -1.329726383623701622e+02 -0.000000000000000000e+00 0.000000000000000000e+00 1.000000000000000000e+00 0.000000000000000000e+00
9.057168173699662317e-01 4.238832937651815236e-01 0.000000000000000000e+00 8.775877167181786263e+02 -4.238832937651815236e-01 9.057168173699662317e-01 -0.000000000000000000e+00 -1.341907656397011124e+02 -0.000000000000000000e+00 0.000000000000000000e+00 1.000000000000000000e+00 0.000000000000000000e+00
9.054206703115017518e-01 4.245155000381857224e-01 0.000000000000000000e+00 8.803159932169936610e+02 -4.245155000381857224e-01 9.054206703115017518e-01 -0.000000000000000000e+00 -1.355777035843293561e+02 -0.000000000000000000e+00 0.000000000000000000e+00 1.000000000000000000e+00 0.000000000000000000e+00
9.055687990111396246e-01 4.241994227453901312e-01 0.000000000000000000e+00 8.830667244910803220e+02 -4.241994227453901312e-01 9.055687990111396246e-01 -0.000000000000000000e+00 -1.367374640445814293e+02 -0.000000000000000000e+00 0.000000000000000000e+00 1.000000000000000000e+00 0.000000000000000000e+00
9.051982704125096646e-01 4.249895189792344818e-01 0.000000000000000000e+00 8.859073251596217915e+02 -4.249895189792344818e-01 9.051982704125096646e-01 -0.000000000000000000e+00 -1.381339335220018256e+02 -0.000000000000000000e+00 0.000000000000000000e+00 1.000000000000000000e+00 0.000000000000000000e+00
9.046783723333295946e-01 4.260951098432338990e-01 0.000000000000000000e+00 8.886304968963130477e+02 -4.260951098432338990e-01 9.046783723333295946e-01 -0.000000000000000000e+00 -1.393564104653260074e+02 -0.000000000000000000e+00 0.000000000000000000e+00 1.000000000000000000e+00 0.000000000000000000e+00
9.048270524660194658e-01 4.257792915650727705e-01 0.000000000000000000e+00 8.913771306116962023e+02 -4.257792915650727705e-01 9.048270524660194658e-01 -0.000000000000000000e+00 -1.407015191359696473e+02 -0.000000000000000000e+00 0.000000000000000000e+00 1.000000000000000000e+00 0.000000000000000000e+00
9.044551454543680036e-01 4.265687399014583270e-01 0.000000000000000000e+00 8.941064095723687615e+02 -4.265687399014583270e-01 9.044551454543680036e-01 -0.000000000000000000e+00 -1.419100464620869388e+02 -0.000000000000000000e+00 0.000000000000000000e+00 1.000000000000000000e+00 0.000000000000000000e+00
9.042316706138986415e-01 4.270422530134434513e-01 0.000000000000000000e+00 8.969530792334219313e+02 -4.270422530134434513e-01 9.042316706138986415e-01 -0.000000000000000000e+00 -1.432925448092969418e+02 -0.000000000000000000e+00 0.000000000000000000e+00 1.000000000000000000e+00 0.000000000000000000e+00
9.038586616873116597e-01 4.278311813003136677e-01 0.000000000000000000e+00 8.996823121740285387e+02 -4.278311813003136677e-01 9.038586616873116597e-01 -0.000000000000000000e+00 -1.445010475916151336e+02 -0.000000000000000000e+00 0.000000000000000000e+00 1.000000000000000000e+00 0.000000000000000000e+00
9.038586616873116597e-01 4.278311813003136677e-01 0.000000000000000000e+00 9.024269417173031798e+02 -4.278311813003136677e-01 9.038586616873116597e-01 -0.000000000000000000e+00 -1.456747412848581007e+02 -0.000000000000000000e+00 0.000000000000000000e+00 1.000000000000000000e+00 0.000000000000000000e+00
9.037092653689986488e-01 4.281466614213228494e-01 0.000000000000000000e+00 9.051612806404616549e+02 -4.281466614213228494e-01 9.037092653689986488e-01 -0.000000000000000000e+00 -1.470476948492782867e+02 -0.000000000000000000e+00 0.000000000000000000e+00 1.000000000000000000e+00 0.000000000000000000e+00
9.038586616873116597e-01 4.278311813003136677e-01 0.000000000000000000e+00 9.079120794048335483e+02 -4.278311813003136677e-01 9.038586616873116597e-01 -0.000000000000000000e+00 -1.482074662586037448e+02 -0.000000000000000000e+00 0.000000000000000000e+00 1.000000000000000000e+00 0.000000000000000000e+00
9.029606324284813468e-01 4.297232787322057268e-01 0.000000000000000000e+00 9.134755406957219748e+02 -4.297232787322057268e-01 9.029606324284813468e-01 -0.000000000000000000e+00 -1.508262365707228128e+02 -0.000000000000000000e+00 0.000000000000000000e+00 1.000000000000000000e+00 0.000000000000000000e+00
9.025101322420254757e-01 4.306686211003556974e-01 0.000000000000000000e+00 9.161974499172653168e+02 -4.306686211003556974e-01 9.025101322420254757e-01 -0.000000000000000000e+00 -1.522269772534546064e+02 -0.000000000000000000e+00 0.000000000000000000e+00 1.000000000000000000e+00 0.000000000000000000e+00
9.013039611597455369e-01 4.331872223389695020e-01 0.000000000000000000e+00 9.188922685968833548e+02 -4.331872223389695020e-01 9.013039611597455369e-01 -0.000000000000000000e+00 -1.535117996386943560e+02 -0.000000000000000000e+00 0.000000000000000000e+00 1.000000000000000000e+00 0.000000000000000000e+00
9.007740506053980578e-01 4.342880492898045786e-01 0.000000000000000000e+00 9.216108893330226692e+02 -4.342880492898045786e-01 9.007740506053980578e-01 -0.000000000000000000e+00 -1.549194037840825331e+02 -0.000000000000000000e+00 0.000000000000000000e+00 1.000000000000000000e+00 0.000000000000000000e+00
9.008498344490616372e-01 4.341308279460217023e-01 0.000000000000000000e+00 9.243586604133707851e+02 -4.341308279460217023e-01 9.008498344490616372e-01 -0.000000000000000000e+00 -1.560861471377570524e+02 -0.000000000000000000e+00 0.000000000000000000e+00 1.000000000000000000e+00 0.000000000000000000e+00
9.008498344490616372e-01 4.341308279460217023e-01 0.000000000000000000e+00 9.270991771138616286e+02 -4.341308279460217023e-01 9.008498344490616372e-01 -0.000000000000000000e+00 -1.574451693145815625e+02 -0.000000000000000000e+00 0.000000000000000000e+00 1.000000000000000000e+00 0.000000000000000000e+00
