9.929861583736463437e-01 1.182306613292331415e-01 0.000000000000000000e+00 0.000000000000000000e+00 -1.182306613292331415e-01 9.929861583736463437e-01 -0.000000000000000000e+00 0.000000000000000000e+00 -0.000000000000000000e+00 0.000000000000000000e+00 1.000000000000000000e+00 0.000000000000000000e+00
9.929861583736463437e-01 1.182306613292331415e-01 0.000000000000000000e+00 0.000000000000000000e+00 -1.182306613292331415e-01 9.929861583736463437e-01 -0.000000000000000000e+00 0.000000000000000000e+00 -0.000000000000000000e+00 0.000000000000000000e+00 1.000000000000000000e+00 0.000000000000000000e+00
9.928618028181874777e-01 1.192704510958964848e-01 0.000000000000000000e+00 2.991691589355468750e+00 -1.192704510958964848e-01 9.928618028181874777e-01 -0.000000000000000000e+00 -2.978186905384063721e-01 -0.000000000000000000e+00 0.000000000000000000e+00 1.000000000000000000e+00 0.000000000000000000e+00
9.927573413774571920e-01 1.201368433960328386e-01 0.000000000000000000e+00 5.984060287475585938e+00 -1.201368433960328386e-01 9.927573413774571920e-01 -0.000000000000000000e+00 -5.880535840988159180e-01 -0.000000000000000000e+00 0.000000000000000000e+00 1.000000000000000000e+00 0.000000000000000000e+00
9.927782942984720860e-01 1.199635710114378834e-01 0.000000000000000000e+00 8.976613998413085938e+00 -1.199635710114378834e-01 9.927782942984720860e-01 -0.000000000000000000e+00 -1.018161535263061523e+00 -0.000000000000000000e+00 0.000000000000000000e+00 1.000000000000000000e+00 0.000000000000000000e+00
9.927782942984720860e-01 1.199635710114378834e-01 0.000000000000000000e+00 1.197258472442626953e+01 -1.199635710114378834e-01 9.927782942984720860e-01 -0.000000000000000000e+00 -1.270503401756286621e+00 -0.000000000000000000e+00 0.000000000000000000e+00 1.000000000000000000e+00 0.000000000000000000e+00
9.925461519124016974e-01 1.218693411973812007e-01 0.000000000000000000e+00 1.507591915130615234e+01 -1.218693411973812007e-01 9.925461519124016974e-01 -0.000000000000000000e+00 -1.608767390251159668e+00 -0.000000000000000000e+00 0.000000000000000000e+00 1.000000000000000000e+00 0.000000000000000000e+00
9.923103501295382767e-01 1.237746703723875130e-01 0.000000000000000000e+00 1.805956649780273438e+01 -1.237746703723875130e-01 9.923103501295382767e-01 -0.000000000000000000e+00 -2.129779100418090820e+00 -0.000000000000000000e+00 0.000000000000000000e+00 1.000000000000000000e+00 0.000000000000000000e+00
9.919166036980211487e-01 1.268914942310272187e-01 0.000000000000000000e+00 2.104179954528808594e+01 -1.268914942310272187e-01 9.919166036980211487e-01 -0.000000000000000000e+00 -2.518442153930664062e+00 -0.000000000000000000e+00 0.000000000000000000e+00 1.000000000000000000e+00 0.000000000000000000e+00
9.922454066295061104e-01 1.242942195866168081e-01 0.000000000000000000e+00 2.404924964904785156e+01 -1.242942195866168081e-01 9.922454066295061104e-01 -0.000000000000000000e+00 -2.657174348831176758e+00 -0.000000000000000000e+00 0.000000000000000000e+00 1.000000000000000000e+00 0.000000000000000000e+00
9.921801899058582119e-01 1.248137442687109327e-01 0.000000000000000000e+00 2.704294967651367188e+01 -1.248137442687109327e-01 9.921801899058582119e-01 -0.000000000000000000e+00 -2.932229995727539062e+00 -0.000000000000000000e+00 0.000000000000000000e+00 1.000000000000000000e+00 0.000000000000000000e+00
9.922236972567596291e-01 1.244674037735427896e-01 0.000000000000000000e+00 2.992504882812500000e+01 -1.244674037735427896e-01 9.922236972567596291e-01 -0.000000000000000000e+00 -3.166836261749267578e+00 -0.000000000000000000e+00 0.000000000000000000e+00 1.000000000000000000e+00 0.000000000000000000e+00
9.893232660556411373e-01 1.457376932745919618e-01 0.000000000000000000e+00 3.281795883178710938e+01 -1.457376932745919618e-01 9.893232660556411373e-01 -0.000000000000000000e+00 -4.349740982055664062e+00 -0.000000000000000000e+00 0.000000000000000000e+00 1.000000000000000000e+00 0.000000000000000000e+00
9.907004066316794644e-01 1.360613990073043789e-01 0.000000000000000000e+00 3.574794387817382812e+01 -1.360613990073043789e-01 9.907004066316794644e-01 -0.000000000000000000e+00 -4.176090717315673828e+00 -0.000000000000000000e+00 0.000000000000000000e+00 1.000000000000000000e+00 0.000000000000000000e+00
9.902923438790923738e-01 1.390002649438245308e-01 0.000000000000000000e+00 3.861396789550781250e+01 -1.390002649438245308e-01 9.902923438790923738e-01 -0.000000000000000000e+00 -4.554423809051513672e+00 -0.000000000000000000e+00 0.000000000000000000e+00 1.000000000000000000e+00 0.000000000000000000e+00
9.902316000837546595e-01 1.394323427170573448e-01 0.000000000000000000e+00 4.143261337280273438e+01 -1.394323427170573448e-01 9.902316000837546595e-01 -0.000000000000000000e+00 -4.914460182189941406e+00 -0.000000000000000000e+00 0.000000000000000000e+00 1.000000000000000000e+00 0.000000000000000000e+00
9.901706668165716207e-01 1.398644006744597934e-01 0.000000000000000000e+00 4.425125503540039062e+01 -1.398644006744597934e-01 9.901706668165716207e-01 -0.000000000000000000e+00 -5.274494171142578125e+00 -0.000000000000000000e+00 0.000000000000000000e+00 1.000000000000000000e+00 0.000000000000000000e+00
9.896513864577468622e-01 1.434926244873211132e-01 0.000000000000000000e+00 4.722444152832031250e+01 -1.434926244873211132e-01 9.896513864577468622e-01 -0.000000000000000000e+00 -5.870918750762939453e+00 -0.000000000000000000e+00 0.000000000000000000e+00 1.000000000000000000e+00 0.000000000000000000e+00
9.904734471436399401e-01 1.377038507210132101e-01 0.000000000000000000e+00 5.019219207763671875e+01 -1.377038507210132101e-01 9.904734471436399401e-01 -0.000000000000000000e+00 -5.868655204772949219e+00 -0.000000000000000000e+00 0.000000000000000000e+00 1.000000000000000000e+00 0.000000000000000000e+00
9.912616460521058714e-01 1.319103827076154867e-01 0.000000000000000000e+00 5.315846633911132812e+01 -1.319103827076154867e-01 9.912616460521058714e-01 -0.000000000000000000e+00 -5.866222381591796875e+00 -0.000000000000000000e+00 0.000000000000000000e+00 1.000000000000000000e+00 0.000000000000000000e+00
9.900482336781215587e-01 1.407284441427233412e-01 0.000000000000000000e+00 5.610709762573242188e+01 -1.407284441427233412e-01 9.900482336781215587e-01 -0.000000000000000000e+00 -6.689681529998779297e+00 -0.000000000000000000e+00 0.000000000000000000e+00 1.000000000000000000e+00 0.000000000000000000e+00
9.899497462971054151e-01 1.414195877744544305e-01 0.000000000000000000e+00 5.921492817680314147e+01 -1.414195877744544305e-01 9.899497462971054151e-01 -0.000000000000000000e+00 -6.974813799989988183e+00 -0.000000000000000000e+00 0.000000000000000000e+00 1.000000000000000000e+00 0.000000000000000000e+00
9.898135373439331808e-01 1.423698047013138290e-01 0.000000000000000000e+00 6.225956726074218750e+01 -1.423698047013138290e-01 9.898135373439331808e-01 -0.000000000000000000e+00 -7.455335140228271484e+00 -0.000000000000000000e+00 0.000000000000000000e+00 1.000000000000000000e+00 0.000000000000000000e+00
9.893994378957325919e-01 1.452196690934405288e-01 0.000000000000000000e+00 6.529831695556640625e+01 -1.452196690934405288e-01 9.893994378957325919e-01 -0.000000000000000000e+00 -7.833642482757568359e+00 -0.000000000000000000e+00 0.000000000000000000e+00 1.000000000000000000e+00 0.000000000000000000e+00
9.887302667205287721e-01 1.497079145227533936e-01 0.000000000000000000e+00 6.838130187988281250e+01 -1.497079145227533936e-01 9.887302667205287721e-01 -0.000000000000000000e+00 -8.470292091369628906e+00 -0.000000000000000000e+00 0.000000000000000000e+00 1.000000000000000000e+00 0.000000000000000000e+00
9.880944997417895337e-01 1.538481705449323833e-01 0.000000000000000000e+00 7.135411834716796875e+01 -1.538481705449323833e-01 9.880944997417895337e-01 -0.000000000000000000e+00 -8.903813362121582031e+00 -0.000000000000000000e+00 0.000000000000000000e+00 1.000000000000000000e+00 0.000000000000000000e+00
9.877156272023779326e-01 1.562620868291896559e-01 0.000000000000000000e+00 7.445161437988281250e+01 -1.562620868291896559e-01 9.877156272023779326e-01 -0.000000000000000000e+00 -9.264356613159179688e+00 -0.000000000000000000e+00 0.000000000000000000e+00 1.000000000000000000e+00 0.000000000000000000e+00
9.868839060442481381e-01 1.614315830029784959e-01 0.000000000000000000e+00 7.752826690673828125e+01 -1.614315830029784959e-01 9.868839060442481381e-01 -0.000000000000000000e+00 -9.930881500244140625e+00 -0.000000000000000000e+00 0.000000000000000000e+00 1.000000000000000000e+00 0.000000000000000000e+00
9.860832205689448182e-01 1.662524649813585109e-01 0.000000000000000000e+00 8.061003112792968750e+01 -1.662524649813585109e-01 9.860832205689448182e-01 -0.000000000000000000e+00 -1.039682865142822266e+01 -0.000000000000000000e+00 0.000000000000000000e+00 1.000000000000000000e+00 0.000000000000000000e+00
9.853186420575743565e-01 1.707254334123001760e-01 0.000000000000000000e+00 8.357345581054687500e+01 -1.707254334123001760e-01 9.853186420575743565e-01 -0.000000000000000000e+00 -1.103033351898193359e+01 -0.000000000000000000e+00 0.000000000000000000e+00 1.000000000000000000e+00 0.000000000000000000e+00
9.845948659257368618e-01 1.748512224512034086e-01 0.000000000000000000e+00 8.665779876708984375e+01 -1.748512224512034086e-01 9.845948659257368618e-01 -0.000000000000000000e+00 -1.146588611602783203e+01 -0.000000000000000000e+00 0.000000000000000000e+00 1.000000000000000000e+00 0.000000000000000000e+00
9.848262077562774941e-01 1.735434830709277065e-01 0.000000000000000000e+00 8.952667999267578125e+01 -1.735434830709277065e-01 9.848262077562774941e-01 -0.000000000000000000e+00 -1.219387531280517578e+01 -0.000000000000000000e+00 0.000000000000000000e+00 1.000000000000000000e+00 0.000000000000000000e+00
9.841924168145880225e-01 1.771024750946757764e-01 0.000000000000000000e+00 9.264947509765625000e+01 -1.771024750946757764e-01 9.841924168145880225e-01 -0.000000000000000000e+00 -1.287868595123291016e+01 -0.000000000000000000e+00 0.000000000000000000e+00 1.000000000000000000e+00 0.000000000000000000e+00
9.835084760459014142e-01 1.808620400909723425e-01 0.000000000000000000e+00 9.575186920166015625e+01 -1.808620400909723425e-01 9.835084760459014142e-01 -0.000000000000000000e+00 -1.353858947753906250e+01 -0.000000000000000000e+00 0.000000000000000000e+00 1.000000000000000000e+00 0.000000000000000000e+00
9.828319553791134977e-01 1.845029741919307353e-01 0.000000000000000000e+00 9.882785797119140625e+01 -1.845029741919307353e-01 9.828319553791134977e-01 -0.000000000000000000e+00 -1.421530914306640625e+01 -0.000000000000000000e+00 0.000000000000000000e+00 1.000000000000000000e+00 0.000000000000000000e+00
9.821067427354357449e-01 1.883251068593686517e-01 0.000000000000000000e+00 1.019062881469726562e+02 -1.883251068593686517e-01 9.821067427354357449e-01 -0.000000000000000000e+00 -1.489254283905029297e+01 -0.000000000000000000e+00 0.000000000000000000e+00 1.000000000000000000e+00 0.000000000000000000e+00
9.813519897484299648e-01 1.922193336186485135e-01 0.000000000000000000e+00 1.049782943725585938e+02 -1.922193336186485135e-01 9.813519897484299648e-01 -0.000000000000000000e+00 -1.556499767303466797e+01 -0.000000000000000000e+00 0.000000000000000000e+00 1.000000000000000000e+00 0.000000000000000000e+00
9.805746408868681874e-01 1.961463067447089814e-01 0.000000000000000000e+00 1.080569000244140625e+02 -1.961463067447089814e-01 9.805746408868681874e-01 -0.000000000000000000e+00 -1.624209403991699219e+01 -0.000000000000000000e+00 0.000000000000000000e+00 1.000000000000000000e+00 0.000000000000000000e+00
9.797942750217171204e-01 2.000079464288052611e-01 0.000000000000000000e+00 1.108168945312500000e+02 -2.000079464288052611e-01 9.797942750217171204e-01 -0.000000000000000000e+00 -1.684185600280761719e+01 -0.000000000000000000e+00 0.000000000000000000e+00 1.000000000000000000e+00 0.000000000000000000e+00
9.790045158771644163e-01 2.038385584037498977e-01 0.000000000000000000e+00 1.136905822753906250e+02 -2.038385584037498977e-01 9.790045158771644163e-01 -0.000000000000000000e+00 -1.749599266052246094e+01 -0.000000000000000000e+00 0.000000000000000000e+00 1.000000000000000000e+00 0.000000000000000000e+00
9.781686119074559649e-01 2.078128164455714799e-01 0.000000000000000000e+00 1.166008453369140625e+02 -2.078128164455714799e-01 9.781686119074559649e-01 -0.000000000000000000e+00 -1.814204788208007812e+01 -0.000000000000000000e+00 0.000000000000000000e+00 1.000000000000000000e+00 0.000000000000000000e+00
9.773228063235097629e-01 2.117548871689607926e-01 0.000000000000000000e+00 1.195199050903320312e+02 -2.117548871689607926e-01 9.773228063235097629e-01 -0.000000000000000000e+00 -1.881279182434082031e+01 -0.000000000000000000e+00 0.000000000000000000e+00 1.000000000000000000e+00 0.000000000000000000e+00
9.764251910972918669e-01 2.158560774928912074e-01 0.000000000000000000e+00 1.225137176513671875e+02 -2.158560774928912074e-01 9.764251910972918669e-01 -0.000000000000000000e+00 -1.949993133544921875e+01 -0.000000000000000000e+00 0.000000000000000000e+00 1.000000000000000000e+00 0.000000000000000000e+00
9.755087841987658548e-01 2.199604781569764189e-01 0.000000000000000000e+00 1.254735260009765625e+02 -2.199604781569764189e-01 9.755087841987658548e-01 -0.000000000000000000e+00 -2.019263839721679688e+01 -0.000000000000000000e+00 0.000000000000000000e+00 1.000000000000000000e+00 0.000000000000000000e+00
9.746581261102167382e-01 2.236996584872690819e-01 0.000000000000000000e+00 1.268462142944335938e+02 -2.236996584872690819e-01 9.746581261102167382e-01 -0.000000000000000000e+00 -2.034204864501953125e+01 -0.000000000000000000e+00 0.000000000000000000e+00 1.000000000000000000e+00 0.000000000000000000e+00
9.739355387864967462e-01 2.268249683977852371e-01 0.000000000000000000e+00 1.297338256835937500e+02 -2.268249683977852371e-01 9.739355387864967462e-01 -0.000000000000000000e+00 -2.117840385437011719e+01 -0.000000000000000000e+00 0.000000000000000000e+00 1.000000000000000000e+00 0.000000000000000000e+00
9.731515149945665355e-01 2.301654380305171999e-01 0.000000000000000000e+00 1.326733245849609375e+02 -2.301654380305171999e-01 9.731515149945665355e-01 -0.000000000000000000e+00 -2.202016639709472656e+01 -0.000000000000000000e+00 0.000000000000000000e+00 1.000000000000000000e+00 0.000000000000000000e+00
9.723796760738525613e-01 2.334047247990269081e-01 0.000000000000000000e+00 1.356598052978515625e+02 -2.334047247990269081e-01 9.723796760738525613e-01 -0.000000000000000000e+00 -2.289199256896972656e+01 -0.000000000000000000e+00 0.000000000000000000e+00 1.000000000000000000e+00 0.000000000000000000e+00
9.715505078409014672e-01 2.368324528312925614e-01 0.000000000000000000e+00 1.386927795410156250e+02 -2.368324528312925614e-01 9.715505078409014672e-01 -0.000000000000000000e+00 -2.376681137084960938e+01 -0.000000000000000000e+00 0.000000000000000000e+00 1.000000000000000000e+00 0.000000000000000000e+00
9.706485248730913895e-01 2.405024764148837035e-01 0.000000000000000000e+00 1.417995452880859375e+02 -2.405024764148837035e-01 9.706485248730913895e-01 -0.000000000000000000e+00 -2.463599395751953125e+01 -0.000000000000000000e+00 0.000000000000000000e+00 1.000000000000000000e+00 0.000000000000000000e+00
9.694700979975472421e-01 2.452095615766770598e-01 0.000000000000000000e+00 1.448957519531250000e+02 -2.452095615766770598e-01 9.694700979975472421e-01 -0.000000000000000000e+00 -2.534299468994140625e+01 -0.000000000000000000e+00 0.000000000000000000e+00 1.000000000000000000e+00 0.000000000000000000e+00
9.684414785943840087e-01 2.492410530749764874e-01 0.000000000000000000e+00 1.481005859375000000e+02 -2.492410530749764874e-01 9.684414785943840087e-01 -0.000000000000000000e+00 -2.623377799987792969e+01 -0.000000000000000000e+00 0.000000000000000000e+00 1.000000000000000000e+00 0.000000000000000000e+00
9.673381548496671201e-01 2.534894360166540239e-01 0.000000000000000000e+00 1.513598327636718750e+02 -2.534894360166540239e-01 9.673381548496671201e-01 -0.000000000000000000e+00 -2.713154602050781250e+01 -0.000000000000000000e+00 0.000000000000000000e+00 1.000000000000000000e+00 0.000000000000000000e+00
9.661195606700817562e-01 2.580949330975874645e-01 0.000000000000000000e+00 1.546520233154296875e+02 -2.580949330975874645e-01 9.661195606700817562e-01 -0.000000000000000000e+00 -2.801463890075683594e+01 -0.000000000000000000e+00 0.000000000000000000e+00 1.000000000000000000e+00 0.000000000000000000e+00
9.648444180070306908e-01 2.628217058020023700e-01 0.000000000000000000e+00 1.579254608154296875e+02 -2.628217058020023700e-01 9.648444180070306908e-01 -0.000000000000000000e+00 -2.889157485961914062e+01 -0.000000000000000000e+00 0.000000000000000000e+00 1.000000000000000000e+00 0.000000000000000000e+00
9.637269117702710330e-01 2.668903136678740795e-01 0.000000000000000000e+00 1.607780303955078125e+02 -2.668903136678740795e-01 9.637269117702710330e-01 -0.000000000000000000e+00 -2.967275238037109375e+01 -0.000000000000000000e+00 0.000000000000000000e+00 1.000000000000000000e+00 0.000000000000000000e+00
9.626046244283000819e-01 2.709102010431708729e-01 0.000000000000000000e+00 1.636616668701171875e+02 -2.709102010431708729e-01 9.626046244283000819e-01 -0.000000000000000000e+00 -3.048345375061035156e+01 -0.000000000000000000e+00 0.000000000000000000e+00 1.000000000000000000e+00 0.000000000000000000e+00
9.614733028706347051e-01 2.748983227795919748e-01 0.000000000000000000e+00 1.665536041259765625e+02 -2.748983227795919748e-01 9.614733028706347051e-01 -0.000000000000000000e+00 -3.131605148315429688e+01 -0.000000000000000000e+00 0.000000000000000000e+00 1.000000000000000000e+00 0.000000000000000000e+00
9.603722468345632368e-01 2.787205545164057052e-01 0.000000000000000000e+00 1.692040252685546875e+02 -2.787205545164057052e-01 9.603722468345632368e-01 -0.000000000000000000e+00 -3.208265686035156250e+01 -0.000000000000000000e+00 0.000000000000000000e+00 1.000000000000000000e+00 0.000000000000000000e+00
9.592216893739586858e-01 2.826548259530850538e-01 0.000000000000000000e+00 1.719842224121093750e+02 -2.826548259530850538e-01 9.592216893739586858e-01 -0.000000000000000000e+00 -3.289855194091796875e+01 -0.000000000000000000e+00 0.000000000000000000e+00 1.000000000000000000e+00 0.000000000000000000e+00
9.580637498022603893e-01 2.865551453295366313e-01 0.000000000000000000e+00 1.748805694580078125e+02 -2.865551453295366313e-01 9.580637498022603893e-01 -0.000000000000000000e+00 -3.378504943847656250e+01 -0.000000000000000000e+00 0.000000000000000000e+00 1.000000000000000000e+00 0.000000000000000000e+00
9.568784339365362657e-01 2.904886618564688217e-01 0.000000000000000000e+00 1.778052062988281250e+02 -2.904886618564688217e-01 9.568784339365362657e-01 -0.000000000000000000e+00 -3.468877029418945312e+01 -0.000000000000000000e+00 0.000000000000000000e+00 1.000000000000000000e+00 0.000000000000000000e+00
9.556127156754126162e-01 2.946257586149979568e-01 0.000000000000000000e+00 1.807498321533203125e+02 -2.946257586149979568e-01 9.556127156754126162e-01 -0.000000000000000000e+00 -3.558521652221679688e+01 -0.000000000000000000e+00 0.000000000000000000e+00 1.000000000000000000e+00 0.000000000000000000e+00
9.543504335633217206e-01 2.986892196874534333e-01 0.000000000000000000e+00 1.836907806396484375e+02 -2.986892196874534333e-01 9.543504335633217206e-01 -0.000000000000000000e+00 -3.650808715820312500e+01 -0.000000000000000000e+00 0.000000000000000000e+00 1.000000000000000000e+00 0.000000000000000000e+00
9.530460261811959377e-01 3.028254810616688442e-01 0.000000000000000000e+00 1.866369628906250000e+02 -3.028254810616688442e-01 9.530460261811959377e-01 -0.000000000000000000e+00 -3.744589614868164062e+01 -0.000000000000000000e+00 0.000000000000000000e+00 1.000000000000000000e+00 0.000000000000000000e+00
9.516598804718283677e-01 3.071538244924605920e-01 0.000000000000000000e+00 1.896194305419921875e+02 -3.071538244924605920e-01 9.516598804718283677e-01 -0.000000000000000000e+00 -3.838307189941406250e+01 -0.000000000000000000e+00 0.000000000000000000e+00 1.000000000000000000e+00 0.000000000000000000e+00
9.502868000595778852e-01 3.113759747195146144e-01 0.000000000000000000e+00 1.925577239990234375e+02 -3.113759747195146144e-01 9.502868000595778852e-01 -0.000000000000000000e+00 -3.933219528198242188e+01 -0.000000000000000000e+00 0.000000000000000000e+00 1.000000000000000000e+00 0.000000000000000000e+00
9.488894543265529169e-01 3.156086238806802835e-01 0.000000000000000000e+00 1.954765472412109375e+02 -3.156086238806802835e-01 9.488894543265529169e-01 -0.000000000000000000e+00 -4.029331207275390625e+01 -0.000000000000000000e+00 0.000000000000000000e+00 1.000000000000000000e+00 0.000000000000000000e+00
9.474715641739201999e-01 3.198400148227626416e-01 0.000000000000000000e+00 1.983904571533203125e+02 -3.198400148227626416e-01 9.474715641739201999e-01 -0.000000000000000000e+00 -4.126974868774414062e+01 -0.000000000000000000e+00 0.000000000000000000e+00 1.000000000000000000e+00 0.000000000000000000e+00
9.460723284368822705e-01 3.239554743572271023e-01 0.000000000000000000e+00 2.013214416503906250e+02 -3.239554743572271023e-01 9.460723284368822705e-01 -0.000000000000000000e+00 -4.227964782714843750e+01 -0.000000000000000000e+00 0.000000000000000000e+00 1.000000000000000000e+00 0.000000000000000000e+00
9.446706305545277127e-01 3.280204258391709593e-01 0.000000000000000000e+00 2.042848968505859375e+02 -3.280204258391709593e-01 9.446706305545277127e-01 -0.000000000000000000e+00 -4.332735824584960938e+01 -0.000000000000000000e+00 0.000000000000000000e+00 1.000000000000000000e+00 0.000000000000000000e+00
9.433052869554895414e-01 3.319264008810108857e-01 0.000000000000000000e+00 2.072333831787109375e+02 -3.319264008810108857e-01 9.433052869554895414e-01 -0.000000000000000000e+00 -4.438919448852539062e+01 -0.000000000000000000e+00 0.000000000000000000e+00 1.000000000000000000e+00 0.000000000000000000e+00
9.419805724001335534e-01 3.356673967199030884e-01 0.000000000000000000e+00 2.101545410156250000e+02 -3.356673967199030884e-01 9.419805724001335534e-01 -0.000000000000000000e+00 -4.545311355590820312e+01 -0.000000000000000000e+00 0.000000000000000000e+00 1.000000000000000000e+00 0.000000000000000000e+00
9.406787646089593835e-01 3.392984848385884877e-01 0.000000000000000000e+00 2.130821533203125000e+02 -3.392984848385884877e-01 9.406787646089593835e-01 -0.000000000000000000e+00 -4.652296447753906250e+01 -0.000000000000000000e+00 0.000000000000000000e+00 1.000000000000000000e+00 0.000000000000000000e+00
9.394090863986916951e-01 3.427981452569068277e-01 0.000000000000000000e+00 2.160034179687500000e+02 -3.427981452569068277e-01 9.394090863986916951e-01 -0.000000000000000000e+00 -4.760720443725585938e+01 -0.000000000000000000e+00 0.000000000000000000e+00 1.000000000000000000e+00 0.000000000000000000e+00
9.381369556582142000e-01 3.462644255887945555e-01 0.000000000000000000e+00 2.189324951171875000e+02 -3.462644255887945555e-01 9.381369556582142000e-01 -0.000000000000000000e+00 -4.869043731689453125e+01 -0.000000000000000000e+00 0.000000000000000000e+00 1.000000000000000000e+00 0.000000000000000000e+00
9.371901369348323296e-01 3.488189318716376497e-01 0.000000000000000000e+00 2.201945190429687500e+02 -3.488189318716376497e-01 9.371901369348323296e-01 -0.000000000000000000e+00 -4.912950134277343750e+01 -0.000000000000000000e+00 0.000000000000000000e+00 1.000000000000000000e+00 0.000000000000000000e+00
9.362996770187126394e-01 3.512020996729011135e-01 0.000000000000000000e+00 2.230115509033203125e+02 -3.512020996729011135e-01 9.362996770187126394e-01 -0.000000000000000000e+00 -5.033259201049804688e+01 -0.000000000000000000e+00 0.000000000000000000e+00 1.000000000000000000e+00 0.000000000000000000e+00
9.342858729550993502e-01 3.565247643523909993e-01 0.000000000000000000e+00 2.288074340820312500e+02 -3.565247643523909993e-01 9.342858729550993502e-01 -0.000000000000000000e+00 -5.264553070068359375e+01 -0.000000000000000000e+00 0.000000000000000000e+00 1.000000000000000000e+00 0.000000000000000000e+00
9.342858729550993502e-01 3.565247643523909993e-01 0.000000000000000000e+00 2.288074340820312500e+02 -3.565247643523909993e-01 9.342858729550993502e-01 -0.000000000000000000e+00 -5.264553070068359375e+01 -0.000000000000000000e+00 0.000000000000000000e+00 1.000000000000000000e+00 0.000000000000000000e+00
9.332792466562906952e-01 3.591515665574445126e-01 0.000000000000000000e+00 2.317929229736328125e+02 -3.591515665574445126e-01 9.332792466562906952e-01 -0.000000000000000000e+00 -5.382178878784179688e+01 -0.000000000000000000e+00 0.000000000000000000e+00 1.000000000000000000e+00 0.000000000000000000e+00
9.323988470459254607e-01 3.614310308031516983e-01 0.000000000000000000e+00 2.348085174560546875e+02 -3.614310308031516983e-01 9.323988470459254607e-01 -0.000000000000000000e+00 -5.503567504882812500e+01 -0.000000000000000000e+00 0.000000000000000000e+00 1.000000000000000000e+00 0.000000000000000000e+00
9.314071135750838781e-01 3.639791048696762177e-01 0.000000000000000000e+00 2.378955535888671875e+02 -3.639791048696762177e-01 9.314071135750838781e-01 -0.000000000000000000e+00 -5.624195861816406250e+01 -0.000000000000000000e+00 0.000000000000000000e+00 1.000000000000000000e+00 0.000000000000000000e+00
9.303611200950717697e-01 3.666444956840938518e-01 0.000000000000000000e+00 2.410415802001953125e+02 -3.666444956840938518e-01 9.303611200950717697e-01 -0.000000000000000000e+00 -5.745320510864257812e+01 -0.000000000000000000e+00 0.000000000000000000e+00 1.000000000000000000e+00 0.000000000000000000e+00
9.292983283623192925e-01 3.693299566823667890e-01 0.000000000000000000e+00 2.442180786132812500e+02 -3.693299566823667890e-01 9.292983283623192925e-01 -0.000000000000000000e+00 -5.866530227661132812e+01 -0.000000000000000000e+00 0.000000000000000000e+00 1.000000000000000000e+00 0.000000000000000000e+00
9.282153230062100135e-01 3.720434304439161344e-01 0.000000000000000000e+00 2.473141632080078125e+02 -3.720434304439161344e-01 9.282153230062100135e-01 -0.000000000000000000e+00 -5.985783767700195312e+01 -0.000000000000000000e+00 0.000000000000000000e+00 1.000000000000000000e+00 0.000000000000000000e+00
9.271157010183925795e-01 3.747752352079503080e-01 0.000000000000000000e+00 2.503320465087890625e+02 -3.747752352079503080e-01 9.271157010183925795e-01 -0.000000000000000000e+00 -6.104303741455078125e+01 -0.000000000000000000e+00 0.000000000000000000e+00 1.000000000000000000e+00 0.000000000000000000e+00
9.262648972689820903e-01 3.768731087346004482e-01 0.000000000000000000e+00 2.529936218261718750e+02 -3.768731087346004482e-01 9.262648972689820903e-01 -0.000000000000000000e+00 -6.222595214843750000e+01 -0.000000000000000000e+00 0.000000000000000000e+00 1.000000000000000000e+00 0.000000000000000000e+00
9.254029034204653836e-01 3.789847837855402357e-01 0.000000000000000000e+00 2.557213439941406250e+02 -3.789847837855402357e-01 9.254029034204653836e-01 -0.000000000000000000e+00 -6.342615509033203125e+01 -0.000000000000000000e+00 0.000000000000000000e+00 1.000000000000000000e+00 0.000000000000000000e+00
9.244487136010662853e-01 3.813064068716047195e-01 0.000000000000000000e+00 2.585446777343750000e+02 -3.813064068716047195e-01 9.244487136010662853e-01 -0.000000000000000000e+00 -6.463645172119140625e+01 -0.000000000000000000e+00 0.000000000000000000e+00 1.000000000000000000e+00 0.000000000000000000e+00
9.235319377717821077e-01 3.835215247094967417e-01 0.000000000000000000e+00 2.614160156250000000e+02 -3.835215247094967417e-01 9.235319377717821077e-01 -0.000000000000000000e+00 -6.589163208007812500e+01 -0.000000000000000000e+00 0.000000000000000000e+00 1.000000000000000000e+00 0.000000000000000000e+00
9.226642309126993347e-01 3.856043529244412293e-01 0.000000000000000000e+00 2.642686767578125000e+02 -3.856043529244412293e-01 9.226642309126993347e-01 -0.000000000000000000e+00 -6.716000366210937500e+01 -0.000000000000000000e+00 0.000000000000000000e+00 1.000000000000000000e+00 0.000000000000000000e+00
9.216817220625410645e-01 3.879469077281435530e-01 0.000000000000000000e+00 2.671320800781250000e+02 -3.879469077281435530e-01 9.216817220625410645e-01 -0.000000000000000000e+00 -6.839971160888671875e+01 -0.000000000000000000e+00 0.000000000000000000e+00 1.000000000000000000e+00 0.000000000000000000e+00
9.206915108022644123e-01 3.902910989718363921e-01 0.000000000000000000e+00 2.699849243164062500e+02 -3.902910989718363921e-01 9.206915108022644123e-01 -0.000000000000000000e+00 -6.963658142089843750e+01 -0.000000000000000000e+00 0.000000000000000000e+00 1.000000000000000000e+00 0.000000000000000000e+00
9.197086627138979509e-01 3.926015483018545638e-01 0.000000000000000000e+00 2.728299560546875000e+02 -3.926015483018545638e-01 9.197086627138979509e-01 -0.000000000000000000e+00 -7.087441253662109375e+01 -0.000000000000000000e+00 0.000000000000000000e+00 1.000000000000000000e+00 0.000000000000000000e+00
9.188326102349488878e-01 3.946474811383324233e-01 0.000000000000000000e+00 2.756616516113281250e+02 -3.946474811383324233e-01 9.188326102349488878e-01 -0.000000000000000000e+00 -7.212976837158203125e+01 -0.000000000000000000e+00 0.000000000000000000e+00 1.000000000000000000e+00 0.000000000000000000e+00
9.180053893659960718e-01 3.965679072932982718e-01 0.000000000000000000e+00 2.784967041015625000e+02 -3.965679072932982718e-01 9.180053893659960718e-01 -0.000000000000000000e+00 -7.338897705078125000e+01 -0.000000000000000000e+00 0.000000000000000000e+00 1.000000000000000000e+00 0.000000000000000000e+00
9.172832998925453118e-01 3.982352919295862881e-01 0.000000000000000000e+00 2.812907714843750000e+02 -3.982352919295862881e-01 9.172832998925453118e-01 -0.000000000000000000e+00 -7.464646148681640625e+01 -0.000000000000000000e+00 0.000000000000000000e+00 1.000000000000000000e+00 0.000000000000000000e+00
9.166862562058903929e-01 3.996076922222953631e-01 0.000000000000000000e+00 2.859180297851562500e+02 -3.996076922222953631e-01 9.166862562058903929e-01 -0.000000000000000000e+00 -7.689820098876953125e+01 -0.000000000000000000e+00 0.000000000000000000e+00 1.000000000000000000e+00 0.000000000000000000e+00
9.166862562058903929e-01 3.996076922222953631e-01 0.000000000000000000e+00 2.859180297851562500e+02 -3.996076922222953631e-01 9.166862562058903929e-01 -0.000000000000000000e+00 -7.689820098876953125e+01 -0.000000000000000000e+00 0.000000000000000000e+00 1.000000000000000000e+00 0.000000000000000000e+00
9.161793354344690554e-01 4.007685433300057221e-01 0.000000000000000000e+00 2.888292541503906250e+02 -4.007685433300057221e-01 9.161793354344690554e-01 -0.000000000000000000e+00 -7.819643402099609375e+01 -0.000000000000000000e+00 0.000000000000000000e+00 1.000000000000000000e+00 0.000000000000000000e+00
9.159260079918571940e-01 4.013471662838797305e-01 0.000000000000000000e+00 2.917423706054687500e+02 -4.013471662838797305e-01 9.159260079918571940e-01 -0.000000000000000000e+00 -7.957987213134765625e+01 -0.000000000000000000e+00 0.000000000000000000e+00 1.000000000000000000e+00 0.000000000000000000e+00
9.157063623173850031e-01 4.018480533876728211e-01 0.000000000000000000e+00 2.946599426269531250e+02 -4.018480533876728211e-01 9.157063623173850031e-01 -0.000000000000000000e+00 -8.093369293212890625e+01 -0.000000000000000000e+00 0.000000000000000000e+00 1.000000000000000000e+00 0.000000000000000000e+00
9.155231787519215736e-01 4.022652224192106440e-01 0.000000000000000000e+00 2.975638732910156250e+02 -4.022652224192106440e-01 9.155231787519215736e-01 -0.000000000000000000e+00 -8.227526855468750000e+01 -0.000000000000000000e+00 0.000000000000000000e+00 1.000000000000000000e+00 0.000000000000000000e+00
9.153540057675857433e-01 4.026500268536368776e-01 0.000000000000000000e+00 3.004554138183593750e+02 -4.026500268536368776e-01 9.153540057675857433e-01 -0.000000000000000000e+00 -8.359904479980468750e+01 -0.000000000000000000e+00 0.000000000000000000e+00 1.000000000000000000e+00 0.000000000000000000e+00
9.152216842062710356e-01 4.029507026407034287e-01 0.000000000000000000e+00 3.032995605468750000e+02 -4.029507026407034287e-01 9.152216842062710356e-01 -0.000000000000000000e+00 -8.491719055175781250e+01 -0.000000000000000000e+00 0.000000000000000000e+00 1.000000000000000000e+00 0.000000000000000000e+00
9.151916223071339118e-01 4.030189753086528270e-01 0.000000000000000000e+00 3.061073608398437500e+02 -4.030189753086528270e-01 9.151916223071339118e-01 -0.000000000000000000e+00 -8.625090789794921875e+01 -0.000000000000000000e+00 0.000000000000000000e+00 1.000000000000000000e+00 0.000000000000000000e+00
9.152295803720778000e-01 4.029327676076374098e-01 0.000000000000000000e+00 3.088839416503906250e+02 -4.029327676076374098e-01 9.152295803720778000e-01 -0.000000000000000000e+00 -8.759735107421875000e+01 -0.000000000000000000e+00 0.000000000000000000e+00 1.000000000000000000e+00 0.000000000000000000e+00
9.151540821589525532e-01 4.031042122178894460e-01 0.000000000000000000e+00 3.117010498046875000e+02 -4.031042122178894460e-01 9.151540821589525532e-01 -0.000000000000000000e+00 -8.894409179687500000e+01 -0.000000000000000000e+00 0.000000000000000000e+00 1.000000000000000000e+00 0.000000000000000000e+00
9.152433967869550990e-01 4.029013832662729500e-01 0.000000000000000000e+00 3.144786987304687500e+02 -4.029013832662729500e-01 9.152433967869550990e-01 -0.000000000000000000e+00 -9.030721282958984375e+01 -0.000000000000000000e+00 0.000000000000000000e+00 1.000000000000000000e+00 0.000000000000000000e+00
9.153295024761939347e-01 4.027057261781651354e-01 0.000000000000000000e+00 3.173139648437500000e+02 -4.027057261781651354e-01 9.153295024761939347e-01 -0.000000000000000000e+00 -9.169084930419921875e+01 -0.000000000000000000e+00 0.000000000000000000e+00 1.000000000000000000e+00 0.000000000000000000e+00
9.154200620179753223e-01 4.024998261552495959e-01 0.000000000000000000e+00 3.197348022460937500e+02 -4.024998261552495959e-01 9.154200620179753223e-01 -0.000000000000000000e+00 -9.290592193603515625e+01 -0.000000000000000000e+00 0.000000000000000000e+00 1.000000000000000000e+00 0.000000000000000000e+00
9.153760018309688995e-01 4.026000189666538165e-01 0.000000000000000000e+00 3.226599731445312500e+02 -4.026000189666538165e-01 9.153760018309688995e-01 -0.000000000000000000e+00 -9.430792999267578125e+01 -0.000000000000000000e+00 0.000000000000000000e+00 1.000000000000000000e+00 0.000000000000000000e+00
9.152992482904537264e-01 4.027744853872082254e-01 0.000000000000000000e+00 3.255377807617187500e+02 -4.027744853872082254e-01 9.152992482904537264e-01 -0.000000000000000000e+00 -9.568848419189453125e+01 -0.000000000000000000e+00 0.000000000000000000e+00 1.000000000000000000e+00 0.000000000000000000e+00
9.154237332607697564e-01 4.024914764102652809e-01 0.000000000000000000e+00 3.279312744140625000e+02 -4.024914764102652809e-01 9.154237332607697564e-01 -0.000000000000000000e+00 -9.689353942871093750e+01 -0.000000000000000000e+00 0.000000000000000000e+00 1.000000000000000000e+00 0.000000000000000000e+00
9.152897957365377923e-01 4.027959654968838454e-01 0.000000000000000000e+00 3.308555908203125000e+02 -4.027959654968838454e-01 9.152897957365377923e-01 -0.000000000000000000e+00 -9.829676818847656250e+01 -0.000000000000000000e+00 0.000000000000000000e+00 1.000000000000000000e+00 0.000000000000000000e+00
9.153661704639151075e-01 4.026223714229335560e-01 0.000000000000000000e+00 3.332683410644531250e+02 -4.026223714229335560e-01 9.153661704639151075e-01 -0.000000000000000000e+00 -9.950744628906250000e+01 -0.000000000000000000e+00 0.000000000000000000e+00 1.000000000000000000e+00 0.000000000000000000e+00
9.155475177936041042e-01 4.022098241738635838e-01 0.000000000000000000e+00 3.353035583496093750e+02 -4.022098241738635838e-01 9.155475177936041042e-01 -0.000000000000000000e+00 -1.005730590820312500e+02 -0.000000000000000000e+00 0.000000000000000000e+00 1.000000000000000000e+00 0.000000000000000000e+00
9.155638967189055899e-01 4.021725388746639762e-01 0.000000000000000000e+00 3.377067871093750000e+02 -4.021725388746639762e-01 9.155638967189055899e-01 -0.000000000000000000e+00 -1.017699584960937500e+02 -0.000000000000000000e+00 0.000000000000000000e+00 1.000000000000000000e+00 0.000000000000000000e+00
9.155826274305511880e-01 4.021298948690192332e-01 0.000000000000000000e+00 3.401943969726562500e+02 -4.021298948690192332e-01 9.155826274305511880e-01 -0.000000000000000000e+00 -1.030016784667968750e+02 -0.000000000000000000e+00 0.000000000000000000e+00 1.000000000000000000e+00 0.000000000000000000e+00
9.155163825959036217e-01 4.022806895670124061e-01 0.000000000000000000e+00 3.426882629394531250e+02 -4.022806895670124061e-01 9.155163825959036217e-01 -0.000000000000000000e+00 -1.042385406494140625e+02 -0.000000000000000000e+00 0.000000000000000000e+00 1.000000000000000000e+00 0.000000000000000000e+00
9.156656323098810724e-01 4.019408536172276447e-01 0.000000000000000000e+00 3.451134643554687500e+02 -4.019408536172276447e-01 9.156656323098810724e-01 -0.000000000000000000e+00 -1.054756927490234375e+02 -0.000000000000000000e+00 0.000000000000000000e+00 1.000000000000000000e+00 0.000000000000000000e+00
9.159423844309025897e-01 4.013097910630049614e-01 0.000000000000000000e+00 3.473570556640625000e+02 -4.013097910630049614e-01 9.159423844309025897e-01 -0.000000000000000000e+00 -1.066598281860351562e+02 -0.000000000000000000e+00 0.000000000000000000e+00 1.000000000000000000e+00 0.000000000000000000e+00
9.163371104274207202e-01 4.004076673260951180e-01 0.000000000000000000e+00 3.492859802246093750e+02 -4.004076673260951180e-01 9.163371104274207202e-01 -0.000000000000000000e+00 -1.077065811157226562e+02 -0.000000000000000000e+00 0.000000000000000000e+00 1.000000000000000000e+00 0.000000000000000000e+00
9.173340755978767191e-01 3.981183162666457886e-01 0.000000000000000000e+00 3.510897216796875000e+02 -3.981183162666457886e-01 9.173340755978767191e-01 -0.000000000000000000e+00 -1.087668838500976562e+02 -0.000000000000000000e+00 0.000000000000000000e+00 1.000000000000000000e+00 0.000000000000000000e+00
9.192271359965432653e-01 3.937276627919260030e-01 0.000000000000000000e+00 3.516802978515625000e+02 -3.937276627919260030e-01 9.192271359965432653e-01 -0.000000000000000000e+00 -1.093252716064453125e+02 -0.000000000000000000e+00 0.000000000000000000e+00 1.000000000000000000e+00 0.000000000000000000e+00
9.193038745240043053e-01 3.935484548123062143e-01 0.000000000000000000e+00 3.516326599121093750e+02 -3.935484548123062143e-01 9.193038745240043053e-01 -0.000000000000000000e+00 -1.093207702636718750e+02 -0.000000000000000000e+00 0.000000000000000000e+00 1.000000000000000000e+00 0.000000000000000000e+00
9.193038745240043053e-01 3.935484548123062143e-01 0.000000000000000000e+00 3.516326599121093750e+02 -3.935484548123062143e-01 9.193038745240043053e-01 -0.000000000000000000e+00 -1.093207702636718750e+02 -0.000000000000000000e+00 0.000000000000000000e+00 1.000000000000000000e+00 0.000000000000000000e+00
9.199092572448106520e-01 3.921313025445696820e-01 0.000000000000000000e+00 3.532247314453125000e+02 -3.921313025445696820e-01 9.199092572448106520e-01 -0.000000000000000000e+00 -1.102058944702148438e+02 -0.000000000000000000e+00 0.000000000000000000e+00 1.000000000000000000e+00 0.000000000000000000e+00
9.195405311592192987e-01 3.929951800663982753e-01 0.000000000000000000e+00 3.549519958496093750e+02 -3.929951800663982753e-01 9.195405311592192987e-01 -0.000000000000000000e+00 -1.109960174560546875e+02 -0.000000000000000000e+00 0.000000000000000000e+00 1.000000000000000000e+00 0.000000000000000000e+00
9.193817800555393882e-01 3.933664226925167040e-01 0.000000000000000000e+00 3.567536926269531250e+02 -3.933664226925167040e-01 9.193817800555393882e-01 -0.000000000000000000e+00 -1.118693466186523438e+02 -0.000000000000000000e+00 0.000000000000000000e+00 1.000000000000000000e+00 0.000000000000000000e+00
