-9.535067857303096694e-01 3.013715473734256967e-01 0.000000000000000000e+00 -9.807127952575683594e+00 -3.013715473734256967e-01 -9.535067857303096694e-01 0.000000000000000000e+00 -4.109104919433593750e+01 0.000000000000000000e+00 0.000000000000000000e+00 1.000000000000000000e+00 0.000000000000000000e+00
-9.542403275903552640e-01 2.990407952107060896e-01 0.000000000000000000e+00 -9.730019569396972656e+00 -2.990407952107060896e-01 -9.542403275903552640e-01 0.000000000000000000e+00 -4.117804336547851562e+01 0.000000000000000000e+00 0.000000000000000000e+00 1.000000000000000000e+00 0.000000000000000000e+00
-9.552267355915342595e-01 2.958747769093223456e-01 0.000000000000000000e+00 -9.784418106079101562e+00 -2.958747769093223456e-01 -9.552267355915342595e-01 0.000000000000000000e+00 -4.141176986694335938e+01 0.000000000000000000e+00 0.000000000000000000e+00 1.000000000000000000e+00 0.000000000000000000e+00
-9.557416851301054894e-01 2.942071231371995443e-01 0.000000000000000000e+00 -9.816613197326660156e+00 -2.942071231371995443e-01 -9.557416851301054894e-01 0.000000000000000000e+00 -4.171030807495117188e+01 0.000000000000000000e+00 0.000000000000000000e+00 1.000000000000000000e+00 0.000000000000000000e+00
-9.563047590088271654e-01 2.923716947604008132e-01 0.000000000000000000e+00 -9.731527328491210938e+00 -2.923716947604008132e-01 -9.563047590088271654e-01 0.000000000000000000e+00 -4.181871032714843750e+01 0.000000000000000000e+00 0.000000000000000000e+00 1.000000000000000000e+00 0.000000000000000000e+00
-4.583158610786752796e-01 8.887893853347439421e-01 0.000000000000000000e+00 -inf -8.887893853347439421e-01 -4.583158610786752796e-01 -0.000000000000000000e+00 -4.186833572387695312e+01 -0.000000000000000000e+00 0.000000000000000000e+00 1.000000000000000000e+00 0.000000000000000000e+00
nan nan nan -inf nan nan nan -inf nan nan nan 0.000000000000000000e+00
nan nan nan nan nan nan nan nan nan nan nan 0.000000000000000000e+00
nan nan nan nan nan nan nan nan nan nan nan 0.000000000000000000e+00
nan nan nan nan nan nan nan nan nan nan nan 0.000000000000000000e+00
nan nan nan nan nan nan nan nan nan nan nan 0.000000000000000000e+00
nan nan nan nan nan nan nan nan nan nan nan 0.000000000000000000e+00
nan nan nan nan nan nan nan nan nan nan nan 0.000000000000000000e+00
