-9.542403285162772697e-01 2.990407922560865961e-01 0.000000000000000000e+00 -9.730019574993093556e+00 -2.990407922560865961e-01 -9.542403285162772697e-01 -0.000000000000000000e+00 -4.117804208484176343e+01 -0.000000000000000000e+00 0.000000000000000000e+00 1.000000000000000000e+00 0.000000000000000000e+00
-9.552267367819051724e-01 2.958747730662300013e-01 0.000000000000000000e+00 -9.784418278706198180e+00 -2.958747730662300013e-01 -9.552267367819051724e-01 -0.000000000000000000e+00 -4.141177055960361031e+01 -0.000000000000000000e+00 0.000000000000000000e+00 1.000000000000000000e+00 0.000000000000000000e+00
-9.557416805229412837e-01 2.942071381037247302e-01 0.000000000000000000e+00 -9.816612906030968588e+00 -2.942071381037247302e-01 -9.557416805229412837e-01 -0.000000000000000000e+00 -4.171030997849447886e+01 -0.000000000000000000e+00 0.000000000000000000e+00 1.000000000000000000e+00 0.000000000000000000e+00
-9.563047559630359906e-01 2.923717047227371024e-01 0.000000000000000000e+00 -9.731526905507962510e+00 -2.923717047227371024e-01 -9.563047559630359906e-01 -0.000000000000000000e+00 -4.181871198039971205e+01 -0.000000000000000000e+00 0.000000000000000000e+00 1.000000000000000000e+00 0.000000000000000000e+00
-9.582726978428408593e-01 2.858556218950478178e-01 0.000000000000000000e+00 -9.712841787183606357e+00 -2.858556218950478178e-01 -9.582726978428408593e-01 -0.000000000000000000e+00 -4.172458301671849767e+01 -0.000000000000000000e+00 0.000000000000000000e+00 1.000000000000000000e+00 0.000000000000000000e+00
-9.590177813091924630e-01 2.833458930932211683e-01 0.000000000000000000e+00 -9.755996792409405316e+00 -2.833458930932211683e-01 -9.590177813091924630e-01 -0.000000000000000000e+00 -4.198666029418654944e+01 -0.000000000000000000e+00 0.000000000000000000e+00 1.000000000000000000e+00 0.000000000000000000e+00
-9.602449779172392841e-01 2.791587046551124995e-01 0.000000000000000000e+00 -9.702453379236885667e+00 -2.791587046551124995e-01 -9.602449779172392841e-01 -0.000000000000000000e+00 -4.199325630329894921e+01 -0.000000000000000000e+00 0.000000000000000000e+00 1.000000000000000000e+00 0.000000000000000000e+00
-9.615018688565151184e-01 2.747983918901806266e-01 0.000000000000000000e+00 -9.534785638845733047e+00 -2.747983918901806266e-01 -9.615018688565151184e-01 -0.000000000000000000e+00 -4.199480332517941861e+01 -0.000000000000000000e+00 0.000000000000000000e+00 1.000000000000000000e+00 0.000000000000000000e+00
-9.618368807622865724e-01 2.736234909606188315e-01 0.000000000000000000e+00 -9.439029434799522278e+00 -2.736234909606188315e-01 -9.618368807622865724e-01 -0.000000000000000000e+00 -4.213175365810911899e+01 -0.000000000000000000e+00 0.000000000000000000e+00 1.000000000000000000e+00 0.000000000000000000e+00
-9.622655007416160977e-01 2.721123041732715353e-01 0.000000000000000000e+00 -9.347724449113229639e+00 -2.721123041732715353e-01 -9.622655007416160977e-01 -0.000000000000000000e+00 -4.225414489372724347e+01 -0.000000000000000000e+00 0.000000000000000000e+00 1.000000000000000000e+00 0.000000000000000000e+00
-9.628333005184925852e-01 2.700963446858646311e-01 0.000000000000000000e+00 -9.147433502769672486e+00 -2.700963446858646311e-01 -9.628333005184925852e-01 -0.000000000000000000e+00 -4.235714769587775663e+01 -0.000000000000000000e+00 0.000000000000000000e+00 1.000000000000000000e+00 0.000000000000000000e+00
-9.632563788424057805e-01 2.685835970781095261e-01 0.000000000000000000e+00 -9.055888596272779978e+00 -2.685835970781095261e-01 -9.632563788424057805e-01 -0.000000000000000000e+00 -4.247946477645382402e+01 -0.000000000000000000e+00 0.000000000000000000e+00 1.000000000000000000e+00 0.000000000000000000e+00
-9.637702467963593644e-01 2.667337837434239911e-01 0.000000000000000000e+00 -8.853063431297414354e+00 -2.667337837434239911e-01 -9.637702467963593644e-01 -0.000000000000000000e+00 -4.258965221095695597e+01 -0.000000000000000000e+00 0.000000000000000000e+00 1.000000000000000000e+00 0.000000000000000000e+00
