9.929861583736463437e-01 1.182306613292331415e-01 0.000000000000000000e+00 0.000000000000000000e+00 -1.182306613292331415e-01 9.929861583736463437e-01 -0.000000000000000000e+00 0.000000000000000000e+00 -0.000000000000000000e+00 0.000000000000000000e+00 1.000000000000000000e+00 0.000000000000000000e+00
9.928618030717181187e-01 1.192704489853915473e-01 0.000000000000000000e+00 2.991691606385529667e+00 -1.192704489853915473e-01 9.928618030717181187e-01 -0.000000000000000000e+00 -2.978186899772481411e-01 -0.000000000000000000e+00 0.000000000000000000e+00 1.000000000000000000e+00 0.000000000000000000e+00
9.927573419294455359e-01 1.201368388346470140e-01 0.000000000000000000e+00 5.984060094830283560e+00 -1.201368388346470140e-01 9.927573419294455359e-01 -0.000000000000000000e+00 -5.880535741034691455e-01 -0.000000000000000000e+00 0.000000000000000000e+00 1.000000000000000000e+00 0.000000000000000000e+00
9.927782946426861876e-01 1.199635681628379857e-01 0.000000000000000000e+00 8.976614037214176278e+00 -1.199635681628379857e-01 9.927782946426861876e-01 -0.000000000000000000e+00 -1.018161545799102896e+00 -0.000000000000000000e+00 0.000000000000000000e+00 1.000000000000000000e+00 0.000000000000000000e+00
9.927782946426861876e-01 1.199635681628379857e-01 0.000000000000000000e+00 1.197258458167766548e+01 -1.199635681628379857e-01 9.927782946426861876e-01 -0.000000000000000000e+00 -1.270503371314134711e+00 -0.000000000000000000e+00 0.000000000000000000e+00 1.000000000000000000e+00 0.000000000000000000e+00
9.925461516413219831e-01 1.218693434051474761e-01 0.000000000000000000e+00 1.507591912075008622e+01 -1.218693434051474761e-01 9.925461516413219831e-01 -0.000000000000000000e+00 -1.608767386177078151e+00 -0.000000000000000000e+00 0.000000000000000000e+00 1.000000000000000000e+00 0.000000000000000000e+00
9.923103502442240931e-01 1.237746694529432423e-01 0.000000000000000000e+00 1.805956619387427509e+01 -1.237746694529432423e-01 9.923103502442240931e-01 -0.000000000000000000e+00 -2.129779207354204118e+00 -0.000000000000000000e+00 0.000000000000000000e+00 1.000000000000000000e+00 0.000000000000000000e+00
9.919166044403293636e-01 1.268914884283703082e-01 0.000000000000000000e+00 2.104179874120086424e+01 -1.268914884283703082e-01 9.919166044403293636e-01 -0.000000000000000000e+00 -2.518442057979882520e+00 -0.000000000000000000e+00 0.000000000000000000e+00 1.000000000000000000e+00 0.000000000000000000e+00
9.922454059580544383e-01 1.242942249468402399e-01 0.000000000000000000e+00 2.404924909638111785e+01 -1.242942249468402399e-01 9.922454059580544383e-01 -0.000000000000000000e+00 -2.657174334465253196e+00 -0.000000000000000000e+00 0.000000000000000000e+00 1.000000000000000000e+00 0.000000000000000000e+00
9.921801896421792444e-01 1.248137463647704948e-01 0.000000000000000000e+00 2.704294897233182837e+01 -1.248137463647704948e-01 9.921801896421792444e-01 -0.000000000000000000e+00 -2.932230073357459332e+00 -0.000000000000000000e+00 0.000000000000000000e+00 1.000000000000000000e+00 0.000000000000000000e+00
9.922236974107375707e-01 1.244674025460690558e-01 0.000000000000000000e+00 2.992504813082484816e+01 -1.244674025460690558e-01 9.922236974107375707e-01 -0.000000000000000000e+00 -3.166836244101432385e+00 -0.000000000000000000e+00 0.000000000000000000e+00 1.000000000000000000e+00 0.000000000000000000e+00
9.893232652886302381e-01 1.457376984813555099e-01 0.000000000000000000e+00 3.281795891432284407e+01 -1.457376984813555099e-01 9.893232652886302381e-01 -0.000000000000000000e+00 -4.349741001534312090e+00 -0.000000000000000000e+00 0.000000000000000000e+00 1.000000000000000000e+00 0.000000000000000000e+00
9.907004064408919675e-01 1.360614003964807084e-01 0.000000000000000000e+00 3.574794199401105743e+01 -1.360614003964807084e-01 9.907004064408919675e-01 -0.000000000000000000e+00 -4.176090816789837845e+00 -0.000000000000000000e+00 0.000000000000000000e+00 1.000000000000000000e+00 0.000000000000000000e+00
9.902923439472214318e-01 1.390002644584462377e-01 0.000000000000000000e+00 3.861396709847815600e+01 -1.390002644584462377e-01 9.902923439472214318e-01 -0.000000000000000000e+00 -4.554423783736183395e+00 -0.000000000000000000e+00 0.000000000000000000e+00 1.000000000000000000e+00 0.000000000000000000e+00
9.902315993734055466e-01 1.394323477618706064e-01 0.000000000000000000e+00 4.143261458527763352e+01 -1.394323477618706064e-01 9.902315993734055466e-01 -0.000000000000000000e+00 -4.914460324748688436e+00 -0.000000000000000000e+00 0.000000000000000000e+00 1.000000000000000000e+00 0.000000000000000000e+00
9.901706662734709452e-01 1.398644045193438712e-01 0.000000000000000000e+00 4.425125414717990679e+01 -1.398644045193438712e-01 9.901706662734709452e-01 -0.000000000000000000e+00 -5.274494339007560484e+00 -0.000000000000000000e+00 0.000000000000000000e+00 1.000000000000000000e+00 0.000000000000000000e+00
9.896513868196702424e-01 1.434926219911792089e-01 0.000000000000000000e+00 4.722444037095522162e+01 -1.434926219911792089e-01 9.896513868196702424e-01 -0.000000000000000000e+00 -5.870918694145530026e+00 -0.000000000000000000e+00 0.000000000000000000e+00 1.000000000000000000e+00 0.000000000000000000e+00
9.904734463964870450e-01 1.377038560951193147e-01 0.000000000000000000e+00 5.019219397345557354e+01 -1.377038560951193147e-01 9.904734463964870450e-01 -0.000000000000000000e+00 -5.868655290657898149e+00 -0.000000000000000000e+00 0.000000000000000000e+00 1.000000000000000000e+00 0.000000000000000000e+00
9.912616460516365802e-01 1.319103827111424709e-01 0.000000000000000000e+00 5.315846633412343181e+01 -1.319103827111424709e-01 9.912616460516365802e-01 -0.000000000000000000e+00 -5.866222172977359151e+00 -0.000000000000000000e+00 0.000000000000000000e+00 1.000000000000000000e+00 0.000000000000000000e+00
9.900482345416844465e-01 1.407284380674135860e-01 0.000000000000000000e+00 5.610709835796239986e+01 -1.407284380674135860e-01 9.900482345416844465e-01 -0.000000000000000000e+00 -6.689681741303047602e+00 -0.000000000000000000e+00 0.000000000000000000e+00 1.000000000000000000e+00 0.000000000000000000e+00
9.899497462971054151e-01 1.414195877744544305e-01 0.000000000000000000e+00 5.921492817680314147e+01 -1.414195877744544305e-01 9.899497462971054151e-01 -0.000000000000000000e+00 -6.974813799989988183e+00 -0.000000000000000000e+00 0.000000000000000000e+00 1.000000000000000000e+00 0.000000000000000000e+00
9.898135371557924556e-01 1.423698060093451789e-01 0.000000000000000000e+00 6.225956688122244032e+01 -1.423698060093451789e-01 9.898135371557924556e-01 -0.000000000000000000e+00 -7.455334990756909974e+00 -0.000000000000000000e+00 0.000000000000000000e+00 1.000000000000000000e+00 0.000000000000000000e+00
9.893994377513348759e-01 1.452196700772403481e-01 0.000000000000000000e+00 6.529831676860942480e+01 -1.452196700772403481e-01 9.893994377513348759e-01 -0.000000000000000000e+00 -7.833642538926142151e+00 -0.000000000000000000e+00 0.000000000000000000e+00 1.000000000000000000e+00 0.000000000000000000e+00
9.887302671466056125e-01 1.497079117087735944e-01 0.000000000000000000e+00 6.838130547124569603e+01 -1.497079117087735944e-01 9.887302671466056125e-01 -0.000000000000000000e+00 -8.470291913100027159e+00 -0.000000000000000000e+00 0.000000000000000000e+00 1.000000000000000000e+00 0.000000000000000000e+00
9.880944998464433748e-01 1.538481698727899583e-01 0.000000000000000000e+00 7.135411618653756705e+01 -1.538481698727899583e-01 9.880944998464433748e-01 -0.000000000000000000e+00 -8.903812990247843118e+00 -0.000000000000000000e+00 0.000000000000000000e+00 1.000000000000000000e+00 0.000000000000000000e+00
9.877156285164309102e-01 1.562620785232033682e-01 0.000000000000000000e+00 7.445161777821431315e+01 -1.562620785232033682e-01 9.877156285164309102e-01 -0.000000000000000000e+00 -9.264356315717577672e+00 -0.000000000000000000e+00 0.000000000000000000e+00 1.000000000000000000e+00 0.000000000000000000e+00
9.868839065636125785e-01 1.614315798279342407e-01 0.000000000000000000e+00 7.752826980857321360e+01 -1.614315798279342407e-01 9.868839065636125785e-01 -0.000000000000000000e+00 -9.930881739851884049e+00 -0.000000000000000000e+00 0.000000000000000000e+00 1.000000000000000000e+00 0.000000000000000000e+00
9.860832218199008237e-01 1.662524575616378952e-01 0.000000000000000000e+00 8.061002860501776013e+01 -1.662524575616378952e-01 9.860832218199008237e-01 -0.000000000000000000e+00 -1.039682908064696676e+01 -0.000000000000000000e+00 0.000000000000000000e+00 1.000000000000000000e+00 0.000000000000000000e+00
9.853186419246217076e-01 1.707254341796181074e-01 0.000000000000000000e+00 8.357345369799418222e+01 -1.707254341796181074e-01 9.853186419246217076e-01 -0.000000000000000000e+00 -1.103033310061664451e+01 -0.000000000000000000e+00 0.000000000000000000e+00 1.000000000000000000e+00 0.000000000000000000e+00
9.845948668197382903e-01 1.748512174170423206e-01 0.000000000000000000e+00 8.665780174917870227e+01 -1.748512174170423206e-01 9.845948668197382903e-01 -0.000000000000000000e+00 -1.146588595636558239e+01 -0.000000000000000000e+00 0.000000000000000000e+00 1.000000000000000000e+00 0.000000000000000000e+00
9.838225642458325870e-01 1.791456448835822002e-01 0.000000000000000000e+00 8.962483075975376323e+01 -1.791456448835822002e-01 9.838225642458325870e-01 -0.000000000000000000e+00 -1.190626806458976716e+01 -0.000000000000000000e+00 0.000000000000000000e+00 1.000000000000000000e+00 0.000000000000000000e+00
9.830635318730154282e-01 1.832650875135597712e-01 0.000000000000000000e+00 9.270349899499899493e+01 -1.832650875135597712e-01 9.830635318730154282e-01 -0.000000000000000000e+00 -1.252692153394400520e+01 -0.000000000000000000e+00 0.000000000000000000e+00 1.000000000000000000e+00 0.000000000000000000e+00
9.822872507286887211e-01 1.873813145857246287e-01 0.000000000000000000e+00 9.578554811346327824e+01 -1.873813145857246287e-01 9.822872507286887211e-01 -0.000000000000000000e+00 -1.296210981739432100e+01 -0.000000000000000000e+00 0.000000000000000000e+00 1.000000000000000000e+00 0.000000000000000000e+00
9.816937285463988028e-01 1.904663312311900281e-01 0.000000000000000000e+00 9.875490653824977016e+01 -1.904663312311900281e-01 9.816937285463988028e-01 -0.000000000000000000e+00 -1.353490153216353065e+01 -0.000000000000000000e+00 0.000000000000000000e+00 1.000000000000000000e+00 0.000000000000000000e+00
9.807852804032304306e-01 1.950903220161283591e-01 0.000000000000000000e+00 1.018317523133248415e+02 -1.950903220161283591e-01 9.807852804032304306e-01 -0.000000000000000000e+00 -1.399236993278418595e+01 -0.000000000000000000e+00 0.000000000000000000e+00 1.000000000000000000e+00 0.000000000000000000e+00
9.798201814932873122e-01 1.998809944403459327e-01 0.000000000000000000e+00 1.049021760540047126e+02 -1.998809944403459327e-01 9.798201814932873122e-01 -0.000000000000000000e+00 -1.464250810128487501e+01 -0.000000000000000000e+00 0.000000000000000000e+00 1.000000000000000000e+00 0.000000000000000000e+00
9.791164972173181935e-01 2.032999874001209795e-01 0.000000000000000000e+00 1.079866246396372844e+02 -2.032999874001209795e-01 9.791164972173181935e-01 -0.000000000000000000e+00 -1.504720952408160883e+01 -0.000000000000000000e+00 0.000000000000000000e+00 1.000000000000000000e+00 0.000000000000000000e+00
9.786168192239480534e-01 2.056918110475051964e-01 0.000000000000000000e+00 1.110747028304708692e+02 -2.056918110475051964e-01 9.786168192239480534e-01 -0.000000000000000000e+00 -1.559224209051217258e+01 -0.000000000000000000e+00 0.000000000000000000e+00 1.000000000000000000e+00 0.000000000000000000e+00
9.783647889781136309e-01 2.068872632324456895e-01 0.000000000000000000e+00 1.141763982394724053e+02 -2.068872632324456895e-01 9.783647889781136309e-01 -0.000000000000000000e+00 -1.589949648276933658e+01 -0.000000000000000000e+00 0.000000000000000000e+00 1.000000000000000000e+00 0.000000000000000000e+00
9.779293398307218332e-01 2.089358904024117558e-01 0.000000000000000000e+00 1.171515110641224737e+02 -2.089358904024117558e-01 9.779293398307218332e-01 -0.000000000000000000e+00 -1.642691673249237283e+01 -0.000000000000000000e+00 0.000000000000000000e+00 1.000000000000000000e+00 0.000000000000000000e+00
9.777832367586062334e-01 2.096185629038217757e-01 0.000000000000000000e+00 1.202531263506737105e+02 -2.096185629038217757e-01 9.777832367586062334e-01 -0.000000000000000000e+00 -1.689703570013352874e+01 -0.000000000000000000e+00 0.000000000000000000e+00 1.000000000000000000e+00 0.000000000000000000e+00
9.773789962644952034e-01 2.114953844910280323e-01 0.000000000000000000e+00 1.233448008831977631e+02 -2.114953844910280323e-01 9.773789962644952034e-01 -0.000000000000000000e+00 -1.741950160334909015e+01 -0.000000000000000000e+00 0.000000000000000000e+00 1.000000000000000000e+00 0.000000000000000000e+00
9.764092008030603731e-01 2.159283968984370417e-01 0.000000000000000000e+00 1.264187643601295576e+02 -2.159283968984370417e-01 9.764092008030603731e-01 -0.000000000000000000e+00 -1.786869556624469624e+01 -0.000000000000000000e+00 0.000000000000000000e+00 1.000000000000000000e+00 0.000000000000000000e+00
9.754192990235331928e-01 2.203569628862203644e-01 0.000000000000000000e+00 1.293723227191691194e+02 -2.203569628862203644e-01 9.754192990235331928e-01 -0.000000000000000000e+00 -1.850048373636900578e+01 -0.000000000000000000e+00 0.000000000000000000e+00 1.000000000000000000e+00 0.000000000000000000e+00
9.741733869698493420e-01 2.258012668691037061e-01 0.000000000000000000e+00 1.324312258976843850e+02 -2.258012668691037061e-01 9.741733869698493420e-01 -0.000000000000000000e+00 -1.917941203527198013e+01 -0.000000000000000000e+00 0.000000000000000000e+00 1.000000000000000000e+00 0.000000000000000000e+00
9.727758782093965939e-01 2.317479034941571647e-01 0.000000000000000000e+00 1.354840724986281657e+02 -2.317479034941571647e-01 9.727758782093965939e-01 -0.000000000000000000e+00 -1.988040687708917176e+01 -0.000000000000000000e+00 0.000000000000000000e+00 1.000000000000000000e+00 0.000000000000000000e+00
9.718788612832885976e-01 2.354813771632447705e-01 0.000000000000000000e+00 1.385563065367111903e+02 -2.354813771632447705e-01 9.718788612832885976e-01 -0.000000000000000000e+00 -2.048435535634644111e+01 -0.000000000000000000e+00 0.000000000000000000e+00 1.000000000000000000e+00 0.000000000000000000e+00
9.705905654113182734e-01 2.407362754853068776e-01 0.000000000000000000e+00 1.416090205623660268e+02 -2.407362754853068776e-01 9.705905654113182734e-01 -0.000000000000000000e+00 -2.134040850105429854e+01 -0.000000000000000000e+00 0.000000000000000000e+00 1.000000000000000000e+00 0.000000000000000000e+00
9.696163704958059570e-01 2.446305256229072689e-01 0.000000000000000000e+00 1.445626784141561529e+02 -2.446305256229072689e-01 9.696163704958059570e-01 -0.000000000000000000e+00 -2.194887406859015755e+01 -0.000000000000000000e+00 0.000000000000000000e+00 1.000000000000000000e+00 0.000000000000000000e+00
9.679287739899732346e-01 2.512247768080755339e-01 0.000000000000000000e+00 1.476035915628133353e+02 -2.512247768080755339e-01 9.679287739899732346e-01 -0.000000000000000000e+00 -2.267841641053792046e+01 -0.000000000000000000e+00 0.000000000000000000e+00 1.000000000000000000e+00 0.000000000000000000e+00
9.668233886044593772e-01 2.554457579357904407e-01 0.000000000000000000e+00 1.506631450391761291e+02 -2.554457579357904407e-01 9.668233886044593772e-01 -0.000000000000000000e+00 -2.348918389042000854e+01 -0.000000000000000000e+00 0.000000000000000000e+00 1.000000000000000000e+00 0.000000000000000000e+00
9.656542620403201216e-01 2.598304181641646893e-01 0.000000000000000000e+00 1.537242339869674197e+02 -2.598304181641646893e-01 9.656542620403201216e-01 -0.000000000000000000e+00 -2.412181391918602458e+01 -0.000000000000000000e+00 0.000000000000000000e+00 1.000000000000000000e+00 0.000000000000000000e+00
9.651536441165775582e-01 2.616838612686894772e-01 0.000000000000000000e+00 1.566921631372277943e+02 -2.616838612686894772e-01 9.651536441165775582e-01 -0.000000000000000000e+00 -2.482611411956531811e+01 -0.000000000000000000e+00 0.000000000000000000e+00 1.000000000000000000e+00 0.000000000000000000e+00
9.642343169296141436e-01 2.650512819347994320e-01 0.000000000000000000e+00 1.597630254256921489e+02 -2.650512819347994320e-01 9.642343169296141436e-01 -0.000000000000000000e+00 -2.541411396435250936e+01 -0.000000000000000000e+00 0.000000000000000000e+00 1.000000000000000000e+00 0.000000000000000000e+00
9.629745906442970238e-01 2.695921693474209735e-01 0.000000000000000000e+00 1.628162041012978989e+02 -2.695921693474209735e-01 9.629745906442970238e-01 -0.000000000000000000e+00 -2.623899154669243217e+01 -0.000000000000000000e+00 0.000000000000000000e+00 1.000000000000000000e+00 0.000000000000000000e+00
9.616456211508752627e-01 2.742949130431466265e-01 0.000000000000000000e+00 1.657511532956945075e+02 -2.742949130431466265e-01 9.616456211508752627e-01 -0.000000000000000000e+00 -2.706842697829961253e+01 -0.000000000000000000e+00 0.000000000000000000e+00 1.000000000000000000e+00 0.000000000000000000e+00
9.603423641844283098e-01 2.788234989247908580e-01 0.000000000000000000e+00 1.688065551660562278e+02 -2.788234989247908580e-01 9.603423641844283098e-01 -0.000000000000000000e+00 -2.770747027655534112e+01 -0.000000000000000000e+00 0.000000000000000000e+00 1.000000000000000000e+00 0.000000000000000000e+00
9.593632378089878010e-01 2.821740206692591180e-01 0.000000000000000000e+00 1.718706605731609898e+02 -2.821740206692591180e-01 9.593632378089878010e-01 -0.000000000000000000e+00 -2.848013358224579861e+01 -0.000000000000000000e+00 0.000000000000000000e+00 1.000000000000000000e+00 0.000000000000000000e+00
9.588692902931944539e-01 2.838479947659055536e-01 0.000000000000000000e+00 1.748386870213799966e+02 -2.838479947659055536e-01 9.588692902931944539e-01 -0.000000000000000000e+00 -2.917659067388194671e+01 -0.000000000000000000e+00 0.000000000000000000e+00 1.000000000000000000e+00 0.000000000000000000e+00
9.576216459576222251e-01 2.880291360147690938e-01 0.000000000000000000e+00 1.778920001170514524e+02 -2.880291360147690938e-01 9.576216459576222251e-01 -0.000000000000000000e+00 -2.998576060462755777e+01 -0.000000000000000000e+00 0.000000000000000000e+00 1.000000000000000000e+00 0.000000000000000000e+00
9.565595342411697954e-01 2.915370601695713160e-01 0.000000000000000000e+00 1.809526625975153138e+02 -2.915370601695713160e-01 9.565595342411697954e-01 -0.000000000000000000e+00 -3.076537227125436402e+01 -0.000000000000000000e+00 0.000000000000000000e+00 1.000000000000000000e+00 0.000000000000000000e+00
9.553299583633394487e-01 2.955413180140810669e-01 0.000000000000000000e+00 1.838911810136161193e+02 -2.955413180140810669e-01 9.553299583633394487e-01 -0.000000000000000000e+00 -3.156423346328892876e+01 -0.000000000000000000e+00 0.000000000000000000e+00 1.000000000000000000e+00 0.000000000000000000e+00
9.540313261337579620e-01 2.997069047510637074e-01 0.000000000000000000e+00 1.869381234236337832e+02 -2.997069047510637074e-01 9.540313261337579620e-01 -0.000000000000000000e+00 -3.255811770289210472e+01 -0.000000000000000000e+00 0.000000000000000000e+00 1.000000000000000000e+00 0.000000000000000000e+00
9.525021593336440162e-01 3.045318316116483737e-01 0.000000000000000000e+00 1.898644838852586645e+02 -3.045318316116483737e-01 9.525021593336440162e-01 -0.000000000000000000e+00 -3.339308599771629815e+01 -0.000000000000000000e+00 0.000000000000000000e+00 1.000000000000000000e+00 0.000000000000000000e+00
9.488760116444965309e-01 3.156490369471023349e-01 0.000000000000000000e+00 1.928217275021519299e+02 -3.156490369471023349e-01 9.488760116444965309e-01 -0.000000000000000000e+00 -3.450727524854755757e+01 -0.000000000000000000e+00 0.000000000000000000e+00 1.000000000000000000e+00 0.000000000000000000e+00
9.474897046551208346e-01 3.197862717074513861e-01 0.000000000000000000e+00 1.958648186504234445e+02 -3.197862717074513861e-01 9.474897046551208346e-01 -0.000000000000000000e+00 -3.550001411803896190e+01 -0.000000000000000000e+00 0.000000000000000000e+00 1.000000000000000000e+00 0.000000000000000000e+00
9.452910557512493872e-01 3.262281715558733031e-01 0.000000000000000000e+00 1.988791598966075753e+02 -3.262281715558733031e-01 9.452910557512493872e-01 -0.000000000000000000e+00 -3.640878597509890824e+01 -0.000000000000000000e+00 0.000000000000000000e+00 1.000000000000000000e+00 0.000000000000000000e+00
9.440314641410497698e-01 3.298554148588527246e-01 0.000000000000000000e+00 2.019313486199981753e+02 -3.298554148588527246e-01 9.440314641410497698e-01 -0.000000000000000000e+00 -3.719380392709263106e+01 -0.000000000000000000e+00 0.000000000000000000e+00 1.000000000000000000e+00 0.000000000000000000e+00
9.417056522483617798e-01 3.364379058957054358e-01 0.000000000000000000e+00 2.048207802987035393e+02 -3.364379058957054358e-01 9.417056522483617798e-01 -0.000000000000000000e+00 -3.829161125931932474e+01 -0.000000000000000000e+00 0.000000000000000000e+00 1.000000000000000000e+00 0.000000000000000000e+00
9.401097758101706336e-01 3.408718372440744382e-01 0.000000000000000000e+00 2.078591958648206628e+02 -3.408718372440744382e-01 9.401097758101706336e-01 -0.000000000000000000e+00 -3.911216697017289334e+01 -0.000000000000000000e+00 0.000000000000000000e+00 1.000000000000000000e+00 0.000000000000000000e+00
9.387939948933654577e-01 3.444790779599767871e-01 0.000000000000000000e+00 2.107893938172210255e+02 -3.444790779599767871e-01 9.387939948933654577e-01 -0.000000000000000000e+00 -4.007913873707593666e+01 -0.000000000000000000e+00 0.000000000000000000e+00 1.000000000000000000e+00 0.000000000000000000e+00
9.370384119054839811e-01 3.492263085932221234e-01 0.000000000000000000e+00 2.138170607347917667e+02 -3.492263085932221234e-01 9.370384119054839811e-01 -0.000000000000000000e+00 -4.109886829416518594e+01 -0.000000000000000000e+00 0.000000000000000000e+00 1.000000000000000000e+00 0.000000000000000000e+00
9.358136758384908438e-01 3.524950554456785512e-01 0.000000000000000000e+00 2.167508577080225223e+02 -3.524950554456785512e-01 9.358136758384908438e-01 -0.000000000000000000e+00 -4.205097796575591929e+01 -0.000000000000000000e+00 0.000000000000000000e+00 1.000000000000000000e+00 0.000000000000000000e+00
9.348256763960144378e-01 3.551069624081369946e-01 0.000000000000000000e+00 2.196942547709505789e+02 -3.551069624081369946e-01 9.348256763960144378e-01 -0.000000000000000000e+00 -4.297418723461714762e+01 -0.000000000000000000e+00 0.000000000000000000e+00 1.000000000000000000e+00 0.000000000000000000e+00
9.328278153972945352e-01 3.603224484001946171e-01 0.000000000000000000e+00 2.227118762049746010e+02 -3.603224484001946171e-01 9.328278153972945352e-01 -0.000000000000000000e+00 -4.401459363577669137e+01 -0.000000000000000000e+00 0.000000000000000000e+00 1.000000000000000000e+00 0.000000000000000000e+00
9.321975136295812536e-01 3.619499904445733218e-01 0.000000000000000000e+00 2.256656567615278846e+02 -3.619499904445733218e-01 9.321975136295812536e-01 -0.000000000000000000e+00 -4.507982959133278200e+01 -0.000000000000000000e+00 0.000000000000000000e+00 1.000000000000000000e+00 0.000000000000000000e+00
9.314374033593090241e-01 3.639015850793562712e-01 0.000000000000000000e+00 2.286182662637842213e+02 -3.639015850793562712e-01 9.314374033593090241e-01 -0.000000000000000000e+00 -4.597399317598592461e+01 -0.000000000000000000e+00 0.000000000000000000e+00 1.000000000000000000e+00 0.000000000000000000e+00
9.306093400271976401e-01 3.660140110079717068e-01 0.000000000000000000e+00 2.315639599107120148e+02 -3.660140110079717068e-01 9.306093400271976401e-01 -0.000000000000000000e+00 -4.706058406293368535e+01 -0.000000000000000000e+00 0.000000000000000000e+00 1.000000000000000000e+00 0.000000000000000000e+00
9.300332587065640588e-01 3.674753565882333817e-01 0.000000000000000000e+00 2.345240557032061588e+02 -3.674753565882333817e-01 9.300332587065640588e-01 -0.000000000000000000e+00 -4.793316681328224149e+01 -0.000000000000000000e+00 0.000000000000000000e+00 1.000000000000000000e+00 0.000000000000000000e+00
9.296479295356032679e-01 3.684490834703842421e-01 0.000000000000000000e+00 2.374878021138497388e+02 -3.684490834703842421e-01 9.296479295356032679e-01 -0.000000000000000000e+00 -4.896961986961287039e+01 -0.000000000000000000e+00 0.000000000000000000e+00 1.000000000000000000e+00 0.000000000000000000e+00
9.288095528719242377e-01 3.705574375098362183e-01 0.000000000000000000e+00 2.403176552352634872e+02 -3.705574375098362183e-01 9.288095528719242377e-01 -0.000000000000000000e+00 -5.005346764758542122e+01 -0.000000000000000000e+00 0.000000000000000000e+00 1.000000000000000000e+00 0.000000000000000000e+00
9.277711411187397061e-01 3.731497148695569477e-01 0.000000000000000000e+00 2.432547098626221214e+02 -3.731497148695569477e-01 9.277711411187397061e-01 -0.000000000000000000e+00 -5.116120442081410147e+01 -0.000000000000000000e+00 0.000000000000000000e+00 1.000000000000000000e+00 0.000000000000000000e+00
9.271184592607538688e-01 3.747684118198408854e-01 0.000000000000000000e+00 2.462075124904527001e+02 -3.747684118198408854e-01 9.271184592607538688e-01 -0.000000000000000000e+00 -5.222606701299946508e+01 -0.000000000000000000e+00 0.000000000000000000e+00 1.000000000000000000e+00 0.000000000000000000e+00
9.265286308718373443e-01 3.762242631393655778e-01 0.000000000000000000e+00 2.491628775165787602e+02 -3.762242631393655778e-01 9.265286308718373443e-01 -0.000000000000000000e+00 -5.328375862456141476e+01 -0.000000000000000000e+00 0.000000000000000000e+00 1.000000000000000000e+00 0.000000000000000000e+00
9.260024197156213610e-01 3.775175740026073812e-01 0.000000000000000000e+00 2.520054488647480184e+02 -3.775175740026073812e-01 9.260024197156213610e-01 -0.000000000000000000e+00 -5.433172038962948136e+01 -0.000000000000000000e+00 0.000000000000000000e+00 1.000000000000000000e+00 0.000000000000000000e+00
9.254744032703047241e-01 3.788101488760212687e-01 0.000000000000000000e+00 2.549633314995900264e+02 -3.788101488760212687e-01 9.254744032703047241e-01 -0.000000000000000000e+00 -5.538222168116953981e+01 -0.000000000000000000e+00 0.000000000000000000e+00 1.000000000000000000e+00 0.000000000000000000e+00
9.249445825652823361e-01 3.801019852396664289e-01 0.000000000000000000e+00 2.579211357714322048e+02 -3.801019852396664289e-01 9.249445825652823361e-01 -0.000000000000000000e+00 -5.643269098513110293e+01 -0.000000000000000000e+00 0.000000000000000000e+00 1.000000000000000000e+00 0.000000000000000000e+00
9.241798063976717215e-01 3.819577011224697949e-01 0.000000000000000000e+00 2.607518626842527283e+02 -3.819577011224697949e-01 9.241798063976717215e-01 -0.000000000000000000e+00 -5.759810203069218915e+01 -0.000000000000000000e+00 0.000000000000000000e+00 1.000000000000000000e+00 0.000000000000000000e+00
9.240797784353524946e-01 3.821996377377532839e-01 0.000000000000000000e+00 2.637251884421875729e+02 -3.821996377377532839e-01 9.240797784353524946e-01 -0.000000000000000000e+00 -5.869499050115246064e+01 -0.000000000000000000e+00 0.000000000000000000e+00 1.000000000000000000e+00 0.000000000000000000e+00
9.233443052386829386e-01 3.839730380942050769e-01 0.000000000000000000e+00 2.665591696012468219e+02 -3.839730380942050769e-01 9.233443052386829386e-01 -0.000000000000000000e+00 -5.976410597353424237e+01 -0.000000000000000000e+00 0.000000000000000000e+00 1.000000000000000000e+00 0.000000000000000000e+00
9.224033266339100035e-01 3.862280453497600186e-01 0.000000000000000000e+00 2.695001114104356930e+02 -3.862280453497600186e-01 9.224033266339100035e-01 -0.000000000000000000e+00 -6.085701484974970299e+01 -0.000000000000000000e+00 0.000000000000000000e+00 1.000000000000000000e+00 0.000000000000000000e+00
9.215923900425705417e-01 3.881590738545505626e-01 0.000000000000000000e+00 2.723309779248022551e+02 -3.881590738545505626e-01 9.215923900425705417e-01 -0.000000000000000000e+00 -6.193308257661647076e+01 -0.000000000000000000e+00 0.000000000000000000e+00 1.000000000000000000e+00 0.000000000000000000e+00
9.203684064812045484e-01 3.910524214875139015e-01 0.000000000000000000e+00 2.751407659338162830e+02 -3.910524214875139015e-01 9.203684064812045484e-01 -0.000000000000000000e+00 -6.323690222021559748e+01 -0.000000000000000000e+00 0.000000000000000000e+00 1.000000000000000000e+00 0.000000000000000000e+00
9.186533625758170896e-01 3.950645509636929731e-01 0.000000000000000000e+00 2.780498947474800389e+02 -3.950645509636929731e-01 9.186533625758170896e-01 -0.000000000000000000e+00 -6.440726792172154092e+01 -0.000000000000000000e+00 0.000000000000000000e+00 1.000000000000000000e+00 0.000000000000000000e+00
9.183773316410874799e-01 3.957057956712234925e-01 0.000000000000000000e+00 2.808985386691435906e+02 -3.957057956712234925e-01 9.183773316410874799e-01 -0.000000000000000000e+00 -6.561184979109066262e+01 -0.000000000000000000e+00 0.000000000000000000e+00 1.000000000000000000e+00 0.000000000000000000e+00
9.177546256839811400e-01 3.971478906347805649e-01 0.000000000000000000e+00 2.837329497815023842e+02 -3.971478906347805649e-01 9.177546256839811400e-01 -0.000000000000000000e+00 -6.685172843688224020e+01 -0.000000000000000000e+00 0.000000000000000000e+00 1.000000000000000000e+00 0.000000000000000000e+00
9.171296552585671558e-01 3.985890056753972899e-01 0.000000000000000000e+00 2.865672623697707877e+02 -3.985890056753972899e-01 9.171296552585671558e-01 -0.000000000000000000e+00 -6.809156521168370091e+01 -0.000000000000000000e+00 0.000000000000000000e+00 1.000000000000000000e+00 0.000000000000000000e+00
9.171296552585671558e-01 3.985890056753972899e-01 0.000000000000000000e+00 2.894272397287811600e+02 -3.985890056753972899e-01 9.171296552585671558e-01 -0.000000000000000000e+00 -6.926788026784379326e+01 -0.000000000000000000e+00 0.000000000000000000e+00 1.000000000000000000e+00 0.000000000000000000e+00
9.167117510316200590e-01 3.995492028781200688e-01 0.000000000000000000e+00 2.922700539653537817e+02 -3.995492028781200688e-01 9.167117510316200590e-01 -0.000000000000000000e+00 -7.048651798035871252e+01 -0.000000000000000000e+00 0.000000000000000000e+00 1.000000000000000000e+00 0.000000000000000000e+00
9.165024219068980127e-01 4.000291372372647980e-01 0.000000000000000000e+00 2.950060450024650436e+02 -4.000291372372647980e-01 9.165024219068980127e-01 -0.000000000000000000e+00 -7.168141482446844748e+01 -0.000000000000000000e+00 0.000000000000000000e+00 1.000000000000000000e+00 0.000000000000000000e+00
9.163627295622396307e-01 4.003490325568948571e-01 0.000000000000000000e+00 2.978561590600670570e+02 -4.003490325568948571e-01 9.163627295622396307e-01 -0.000000000000000000e+00 -7.305716822826434509e+01 -0.000000000000000000e+00 0.000000000000000000e+00 1.000000000000000000e+00 0.000000000000000000e+00
9.163627295622396307e-01 4.003490325568948571e-01 0.000000000000000000e+00 3.007161416416433894e+02 -4.003490325568948571e-01 9.163627295622396307e-01 -0.000000000000000000e+00 -7.423347680428196327e+01 -0.000000000000000000e+00 0.000000000000000000e+00 1.000000000000000000e+00 0.000000000000000000e+00
9.162928415178388519e-01 4.005089619261528733e-01 0.000000000000000000e+00 3.035732543123644973e+02 -4.005089619261528733e-01 9.162928415178388519e-01 -0.000000000000000000e+00 -7.541683354038286780e+01 -0.000000000000000000e+00 0.000000000000000000e+00 1.000000000000000000e+00 0.000000000000000000e+00
9.165024219068980127e-01 4.000291372372647980e-01 0.000000000000000000e+00 3.063264591848458167e+02 -4.000291372372647980e-01 9.165024219068980127e-01 -0.000000000000000000e+00 -7.656941787016148737e+01 -0.000000000000000000e+00 0.000000000000000000e+00 1.000000000000000000e+00 0.000000000000000000e+00
9.161529816955393812e-01 4.008287840591949758e-01 0.000000000000000000e+00 3.091679616060434910e+02 -4.008287840591949758e-01 9.161529816955393812e-01 -0.000000000000000000e+00 -7.796631268290002481e+01 -0.000000000000000000e+00 0.000000000000000000e+00 1.000000000000000000e+00 0.000000000000000000e+00
9.160830099219006151e-01 4.009886768132372992e-01 0.000000000000000000e+00 3.120250745230591747e+02 -4.009886768132372992e-01 9.160830099219006151e-01 -0.000000000000000000e+00 -7.914966307087115638e+01 -0.000000000000000000e+00 0.000000000000000000e+00 1.000000000000000000e+00 0.000000000000000000e+00
9.159429826603030511e-01 4.013084256720107490e-01 0.000000000000000000e+00 3.147639198884334064e+02 -4.013084256720107490e-01 9.159429826603030511e-01 -0.000000000000000000e+00 -8.033748872658088658e+01 -0.000000000000000000e+00 0.000000000000000000e+00 1.000000000000000000e+00 0.000000000000000000e+00
9.152411726209176424e-01 4.029064357136625252e-01 0.000000000000000000e+00 3.175909414367404224e+02 -4.029064357136625252e-01 9.152411726209176424e-01 -0.000000000000000000e+00 -8.176957494056387077e+01 -0.000000000000000000e+00 0.000000000000000000e+00 1.000000000000000000e+00 0.000000000000000000e+00
9.146071597986136226e-01 4.043435955287449368e-01 0.000000000000000000e+00 3.204248710954333319e+02 -4.043435955287449368e-01 9.146071597986136226e-01 -0.000000000000000000e+00 -8.300922977467280361e+01 -0.000000000000000000e+00 0.000000000000000000e+00 1.000000000000000000e+00 0.000000000000000000e+00
9.141832307634780719e-01 4.053011480255753751e-01 0.000000000000000000e+00 3.231520437824600549e+02 -4.053011480255753751e-01 9.141832307634780719e-01 -0.000000000000000000e+00 -8.422517130992764578e+01 -0.000000000000000000e+00 0.000000000000000000e+00 1.000000000000000000e+00 0.000000000000000000e+00
9.135099596960717383e-01 4.068163634074734025e-01 0.000000000000000000e+00 3.259843501871632725e+02 -4.068163634074734025e-01 9.135099596960717383e-01 -0.000000000000000000e+00 -8.546826934241289564e+01 -0.000000000000000000e+00 0.000000000000000000e+00 1.000000000000000000e+00 0.000000000000000000e+00
9.133323656171922211e-01 4.072149185824402995e-01 0.000000000000000000e+00 3.288329137963231688e+02 -4.072149185824402995e-01 9.133323656171922211e-01 -0.000000000000000000e+00 -8.684747620930329504e+01 -0.000000000000000000e+00 0.000000000000000000e+00 1.000000000000000000e+00 0.000000000000000000e+00
9.116903457277413247e-01 4.108779788536147115e-01 0.000000000000000000e+00 3.315099576355141835e+02 -4.108779788536147115e-01 9.116903457277413247e-01 -0.000000000000000000e+00 -8.818271313429750080e+01 -0.000000000000000000e+00 0.000000000000000000e+00 1.000000000000000000e+00 0.000000000000000000e+00
9.112595755029623268e-01 4.118324732875747185e-01 0.000000000000000000e+00 3.343522242218360816e+02 -4.118324732875747185e-01 9.112595755029623268e-01 -0.000000000000000000e+00 -8.940109213871664906e+01 -0.000000000000000000e+00 0.000000000000000000e+00 1.000000000000000000e+00 0.000000000000000000e+00
9.105394046779844430e-01 4.134222932168290510e-01 0.000000000000000000e+00 3.370671826098273414e+02 -4.134222932168290510e-01 9.105394046779844430e-01 -0.000000000000000000e+00 -9.064491867187962271e+01 -0.000000000000000000e+00 0.000000000000000000e+00 1.000000000000000000e+00 0.000000000000000000e+00
9.101059706849956576e-01 4.143755809932842538e-01 0.000000000000000000e+00 3.399093342736038039e+02 -4.143755809932842538e-01 9.101059706849956576e-01 -0.000000000000000000e+00 -9.186324478777032709e+01 -0.000000000000000000e+00 0.000000000000000000e+00 1.000000000000000000e+00 0.000000000000000000e+00
9.090907442474335243e-01 4.165981501682976540e-01 0.000000000000000000e+00 3.426080000004328667e+02 -4.165981501682976540e-01 9.090907442474335243e-01 -0.000000000000000000e+00 -9.332032277444386636e+01 -0.000000000000000000e+00 0.000000000000000000e+00 1.000000000000000000e+00 0.000000000000000000e+00
9.082162299015544837e-01 4.185012302770527159e-01 0.000000000000000000e+00 3.454319679842134292e+02 -4.185012302770527159e-01 9.082162299015544837e-01 -0.000000000000000000e+00 -9.458054181600527954e+01 -0.000000000000000000e+00 0.000000000000000000e+00 1.000000000000000000e+00 0.000000000000000000e+00
9.079969786834922729e-01 4.189767137940361708e-01 0.000000000000000000e+00 3.481675457864578220e+02 -4.189767137940361708e-01 9.079969786834922729e-01 -0.000000000000000000e+00 -9.577522611118911300e+01 -0.000000000000000000e+00 0.000000000000000000e+00 1.000000000000000000e+00 0.000000000000000000e+00
9.063815340338828852e-01 4.224600747554557723e-01 0.000000000000000000e+00 3.509609500634711594e+02 -4.224600747554557723e-01 9.063815340338828852e-01 -0.000000000000000000e+00 -9.710515721844240034e+01 -0.000000000000000000e+00 0.000000000000000000e+00 1.000000000000000000e+00 0.000000000000000000e+00
9.061602102212898968e-01 4.229345970853031211e-01 0.000000000000000000e+00 3.536923125990817880e+02 -4.229345970853031211e-01 9.061602102212898968e-01 -0.000000000000000000e+00 -9.848514091280549110e+01 -0.000000000000000000e+00 0.000000000000000000e+00 1.000000000000000000e+00 0.000000000000000000e+00
9.057168173699662317e-01 4.238832937651815236e-01 0.000000000000000000e+00 3.565340328552077835e+02 -4.238832937651815236e-01 9.057168173699662317e-01 -0.000000000000000000e+00 -9.970326819013644126e+01 -0.000000000000000000e+00 0.000000000000000000e+00 1.000000000000000000e+00 0.000000000000000000e+00
9.054206703115017518e-01 4.245155000381857224e-01 0.000000000000000000e+00 3.592623093540228183e+02 -4.245155000381857224e-01 9.054206703115017518e-01 -0.000000000000000000e+00 -1.010902061347646850e+02 -0.000000000000000000e+00 0.000000000000000000e+00 1.000000000000000000e+00 0.000000000000000000e+00
9.055687990111396246e-01 4.241994227453901312e-01 0.000000000000000000e+00 3.620130406281094793e+02 -4.241994227453901312e-01 9.055687990111396246e-01 -0.000000000000000000e+00 -1.022499665950167582e+02 -0.000000000000000000e+00 0.000000000000000000e+00 1.000000000000000000e+00 0.000000000000000000e+00
9.051982704125096646e-01 4.249895189792344818e-01 0.000000000000000000e+00 3.648536412966509488e+02 -4.249895189792344818e-01 9.051982704125096646e-01 -0.000000000000000000e+00 -1.036464360724371545e+02 -0.000000000000000000e+00 0.000000000000000000e+00 1.000000000000000000e+00 0.000000000000000000e+00
9.046783723333295946e-01 4.260951098432338990e-01 0.000000000000000000e+00 3.675768130333422050e+02 -4.260951098432338990e-01 9.046783723333295946e-01 -0.000000000000000000e+00 -1.048689130157613363e+02 -0.000000000000000000e+00 0.000000000000000000e+00 1.000000000000000000e+00 0.000000000000000000e+00
9.048270524660194658e-01 4.257792915650727705e-01 0.000000000000000000e+00 3.703234467487253596e+02 -4.257792915650727705e-01 9.048270524660194658e-01 -0.000000000000000000e+00 -1.062140216864049762e+02 -0.000000000000000000e+00 0.000000000000000000e+00 1.000000000000000000e+00 0.000000000000000000e+00
9.044551454543680036e-01 4.265687399014583270e-01 0.000000000000000000e+00 3.730527257093979188e+02 -4.265687399014583270e-01 9.044551454543680036e-01 -0.000000000000000000e+00 -1.074225490125222677e+02 -0.000000000000000000e+00 0.000000000000000000e+00 1.000000000000000000e+00 0.000000000000000000e+00
9.042316706138986415e-01 4.270422530134434513e-01 0.000000000000000000e+00 3.758993953704510886e+02 -4.270422530134434513e-01 9.042316706138986415e-01 -0.000000000000000000e+00 -1.088050473597322707e+02 -0.000000000000000000e+00 0.000000000000000000e+00 1.000000000000000000e+00 0.000000000000000000e+00
9.038586616873116597e-01 4.278311813003136677e-01 0.000000000000000000e+00 3.786286283110576960e+02 -4.278311813003136677e-01 9.038586616873116597e-01 -0.000000000000000000e+00 -1.100135501420504625e+02 -0.000000000000000000e+00 0.000000000000000000e+00 1.000000000000000000e+00 0.000000000000000000e+00
9.038586616873116597e-01 4.278311813003136677e-01 0.000000000000000000e+00 3.813732578543323370e+02 -4.278311813003136677e-01 9.038586616873116597e-01 -0.000000000000000000e+00 -1.111872438352934296e+02 -0.000000000000000000e+00 0.000000000000000000e+00 1.000000000000000000e+00 0.000000000000000000e+00
