9.929861583736463437e-01 1.182306613292331415e-01 0.000000000000000000e+00 0.000000000000000000e+00 -1.182306613292331415e-01 9.929861583736463437e-01 -0.000000000000000000e+00 0.000000000000000000e+00 -0.000000000000000000e+00 0.000000000000000000e+00 1.000000000000000000e+00 0.000000000000000000e+00
9.929861580373543495e-01 1.182306641536549907e-01 0.000000000000000000e+00 0.000000000000000000e+00 -1.182306641536549907e-01 9.929861580373543495e-01 -0.000000000000000000e+00 0.000000000000000000e+00 -0.000000000000000000e+00 0.000000000000000000e+00 1.000000000000000000e+00 0.000000000000000000e+00
9.928618028181874777e-01 1.192704510958964848e-01 0.000000000000000000e+00 2.991691589355468750e+00 -1.192704510958964848e-01 9.928618028181874777e-01 -0.000000000000000000e+00 -2.978186905384063721e-01 -0.000000000000000000e+00 0.000000000000000000e+00 1.000000000000000000e+00 0.000000000000000000e+00
9.927573419294455359e-01 1.201368388346470140e-01 0.000000000000000000e+00 5.984060094830283560e+00 -1.201368388346470140e-01 9.927573419294455359e-01 -0.000000000000000000e+00 -5.880535741034691455e-01 -0.000000000000000000e+00 0.000000000000000000e+00 1.000000000000000000e+00 0.000000000000000000e+00
9.927782942984720860e-01 1.199635710114378834e-01 0.000000000000000000e+00 8.976613998413085938e+00 -1.199635710114378834e-01 9.927782942984720860e-01 -0.000000000000000000e+00 -1.018161535263061523e+00 -0.000000000000000000e+00 0.000000000000000000e+00 1.000000000000000000e+00 0.000000000000000000e+00
9.927782942984720860e-01 1.199635710114378834e-01 0.000000000000000000e+00 1.197258472442626953e+01 -1.199635710114378834e-01 9.927782942984720860e-01 -0.000000000000000000e+00 -1.270503401756286621e+00 -0.000000000000000000e+00 0.000000000000000000e+00 1.000000000000000000e+00 0.000000000000000000e+00
9.925461519124016974e-01 1.218693411973812007e-01 0.000000000000000000e+00 1.507591915130615234e+01 -1.218693411973812007e-01 9.925461519124016974e-01 -0.000000000000000000e+00 -1.608767390251159668e+00 -0.000000000000000000e+00 0.000000000000000000e+00 1.000000000000000000e+00 0.000000000000000000e+00
9.923103501295382767e-01 1.237746703723875130e-01 0.000000000000000000e+00 1.805956649780273438e+01 -1.237746703723875130e-01 9.923103501295382767e-01 -0.000000000000000000e+00 -2.129779100418090820e+00 -0.000000000000000000e+00 0.000000000000000000e+00 1.000000000000000000e+00 0.000000000000000000e+00
9.919166036980211487e-01 1.268914942310272187e-01 0.000000000000000000e+00 2.104179954528808594e+01 -1.268914942310272187e-01 9.919166036980211487e-01 -0.000000000000000000e+00 -2.518442153930664062e+00 -0.000000000000000000e+00 0.000000000000000000e+00 1.000000000000000000e+00 0.000000000000000000e+00
9.922454066295061104e-01 1.242942195866168081e-01 0.000000000000000000e+00 2.404924964904785156e+01 -1.242942195866168081e-01 9.922454066295061104e-01 -0.000000000000000000e+00 -2.657174348831176758e+00 -0.000000000000000000e+00 0.000000000000000000e+00 1.000000000000000000e+00 0.000000000000000000e+00
9.921801899058582119e-01 1.248137442687109327e-01 0.000000000000000000e+00 2.704294967651367188e+01 -1.248137442687109327e-01 9.921801899058582119e-01 -0.000000000000000000e+00 -2.932229995727539062e+00 -0.000000000000000000e+00 0.000000000000000000e+00 1.000000000000000000e+00 0.000000000000000000e+00
9.922236972567596291e-01 1.244674037735427896e-01 0.000000000000000000e+00 2.992504882812500000e+01 -1.244674037735427896e-01 9.922236972567596291e-01 -0.000000000000000000e+00 -3.166836261749267578e+00 -0.000000000000000000e+00 0.000000000000000000e+00 1.000000000000000000e+00 0.000000000000000000e+00
9.893232660556411373e-01 1.457376932745919618e-01 0.000000000000000000e+00 3.281795883178710938e+01 -1.457376932745919618e-01 9.893232660556411373e-01 -0.000000000000000000e+00 -4.349740982055664062e+00 -0.000000000000000000e+00 0.000000000000000000e+00 1.000000000000000000e+00 0.000000000000000000e+00
9.907004066316794644e-01 1.360613990073043789e-01 0.000000000000000000e+00 3.574794387817382812e+01 -1.360613990073043789e-01 9.907004066316794644e-01 -0.000000000000000000e+00 -4.176090717315673828e+00 -0.000000000000000000e+00 0.000000000000000000e+00 1.000000000000000000e+00 0.000000000000000000e+00
9.902923438790923738e-01 1.390002649438245308e-01 0.000000000000000000e+00 3.861396789550781250e+01 -1.390002649438245308e-01 9.902923438790923738e-01 -0.000000000000000000e+00 -4.554423809051513672e+00 -0.000000000000000000e+00 0.000000000000000000e+00 1.000000000000000000e+00 0.000000000000000000e+00
9.902316000837546595e-01 1.394323427170573448e-01 0.000000000000000000e+00 4.143261337280273438e+01 -1.394323427170573448e-01 9.902316000837546595e-01 -0.000000000000000000e+00 -4.914460182189941406e+00 -0.000000000000000000e+00 0.000000000000000000e+00 1.000000000000000000e+00 0.000000000000000000e+00
9.901706668165716207e-01 1.398644006744597934e-01 0.000000000000000000e+00 4.425125503540039062e+01 -1.398644006744597934e-01 9.901706668165716207e-01 -0.000000000000000000e+00 -5.274494171142578125e+00 -0.000000000000000000e+00 0.000000000000000000e+00 1.000000000000000000e+00 0.000000000000000000e+00
9.896513864577468622e-01 1.434926244873211132e-01 0.000000000000000000e+00 4.722444152832031250e+01 -1.434926244873211132e-01 9.896513864577468622e-01 -0.000000000000000000e+00 -5.870918750762939453e+00 -0.000000000000000000e+00 0.000000000000000000e+00 1.000000000000000000e+00 0.000000000000000000e+00
9.904734471436399401e-01 1.377038507210132101e-01 0.000000000000000000e+00 5.019219207763671875e+01 -1.377038507210132101e-01 9.904734471436399401e-01 -0.000000000000000000e+00 -5.868655204772949219e+00 -0.000000000000000000e+00 0.000000000000000000e+00 1.000000000000000000e+00 0.000000000000000000e+00
9.912616460521058714e-01 1.319103827076154867e-01 0.000000000000000000e+00 5.315846633911132812e+01 -1.319103827076154867e-01 9.912616460521058714e-01 -0.000000000000000000e+00 -5.866222381591796875e+00 -0.000000000000000000e+00 0.000000000000000000e+00 1.000000000000000000e+00 0.000000000000000000e+00
9.900482336781215587e-01 1.407284441427233412e-01 0.000000000000000000e+00 5.610709762573242188e+01 -1.407284441427233412e-01 9.900482336781215587e-01 -0.000000000000000000e+00 -6.689681529998779297e+00 -0.000000000000000000e+00 0.000000000000000000e+00 1.000000000000000000e+00 0.000000000000000000e+00
9.899497462163929784e-01 1.414195883394485098e-01 0.000000000000000000e+00 5.921492767333984375e+01 -1.414195883394485098e-01 9.899497462163929784e-01 -0.000000000000000000e+00 -6.974813938140869141e+00 -0.000000000000000000e+00 0.000000000000000000e+00 1.000000000000000000e+00 0.000000000000000000e+00
9.898135373439331808e-01 1.423698047013138290e-01 0.000000000000000000e+00 6.225956726074218750e+01 -1.423698047013138290e-01 9.898135373439331808e-01 -0.000000000000000000e+00 -7.455335140228271484e+00 -0.000000000000000000e+00 0.000000000000000000e+00 1.000000000000000000e+00 0.000000000000000000e+00
9.893994378957325919e-01 1.452196690934405288e-01 0.000000000000000000e+00 6.529831695556640625e+01 -1.452196690934405288e-01 9.893994378957325919e-01 -0.000000000000000000e+00 -7.833642482757568359e+00 -0.000000000000000000e+00 0.000000000000000000e+00 1.000000000000000000e+00 0.000000000000000000e+00
9.887302667205287721e-01 1.497079145227533936e-01 0.000000000000000000e+00 6.838130187988281250e+01 -1.497079145227533936e-01 9.887302667205287721e-01 -0.000000000000000000e+00 -8.470292091369628906e+00 -0.000000000000000000e+00 0.000000000000000000e+00 1.000000000000000000e+00 0.000000000000000000e+00
9.880944997417895337e-01 1.538481705449323833e-01 0.000000000000000000e+00 7.135411834716796875e+01 -1.538481705449323833e-01 9.880944997417895337e-01 -0.000000000000000000e+00 -8.903813362121582031e+00 -0.000000000000000000e+00 0.000000000000000000e+00 1.000000000000000000e+00 0.000000000000000000e+00
9.877156272023779326e-01 1.562620868291896559e-01 0.000000000000000000e+00 7.445161437988281250e+01 -1.562620868291896559e-01 9.877156272023779326e-01 -0.000000000000000000e+00 -9.264356613159179688e+00 -0.000000000000000000e+00 0.000000000000000000e+00 1.000000000000000000e+00 0.000000000000000000e+00
9.868839060442481381e-01 1.614315830029784959e-01 0.000000000000000000e+00 7.752826690673828125e+01 -1.614315830029784959e-01 9.868839060442481381e-01 -0.000000000000000000e+00 -9.930881500244140625e+00 -0.000000000000000000e+00 0.000000000000000000e+00 1.000000000000000000e+00 0.000000000000000000e+00
9.860832205689448182e-01 1.662524649813585109e-01 0.000000000000000000e+00 8.061003112792968750e+01 -1.662524649813585109e-01 9.860832205689448182e-01 -0.000000000000000000e+00 -1.039682865142822266e+01 -0.000000000000000000e+00 0.000000000000000000e+00 1.000000000000000000e+00 0.000000000000000000e+00
9.853186420575743565e-01 1.707254334123001760e-01 0.000000000000000000e+00 8.357345581054687500e+01 -1.707254334123001760e-01 9.853186420575743565e-01 -0.000000000000000000e+00 -1.103033351898193359e+01 -0.000000000000000000e+00 0.000000000000000000e+00 1.000000000000000000e+00 0.000000000000000000e+00
9.845948659257368618e-01 1.748512224512034086e-01 0.000000000000000000e+00 8.665779876708984375e+01 -1.748512224512034086e-01 9.845948659257368618e-01 -0.000000000000000000e+00 -1.146588611602783203e+01 -0.000000000000000000e+00 0.000000000000000000e+00 1.000000000000000000e+00 0.000000000000000000e+00
9.852990827076386626e-01 1.708382791282027358e-01 0.000000000000000000e+00 8.936272430419921875e+01 -1.708382791282027358e-01 9.852990827076386626e-01 -0.000000000000000000e+00 -1.142230510711669922e+01 -0.000000000000000000e+00 0.000000000000000000e+00 1.000000000000000000e+00 0.000000000000000000e+00
9.845310446628835477e-01 1.752102225756567988e-01 0.000000000000000000e+00 9.250108337402343750e+01 -1.752102225756567988e-01 9.845310446628835477e-01 -0.000000000000000000e+00 -1.198057365417480469e+01 -0.000000000000000000e+00 0.000000000000000000e+00 1.000000000000000000e+00 0.000000000000000000e+00
9.837666050862359235e-01 1.794526865697524953e-01 0.000000000000000000e+00 9.563045501708984375e+01 -1.794526865697524953e-01 9.837666050862359235e-01 -0.000000000000000000e+00 -1.253229904174804688e+01 -0.000000000000000000e+00 0.000000000000000000e+00 1.000000000000000000e+00 0.000000000000000000e+00
9.830577891062749485e-01 1.832958899634210825e-01 0.000000000000000000e+00 9.873545074462890625e+01 -1.832958899634210825e-01 9.830577891062749485e-01 -0.000000000000000000e+00 -1.308375644683837891e+01 -0.000000000000000000e+00 0.000000000000000000e+00 1.000000000000000000e+00 0.000000000000000000e+00
9.823588881661855510e-01 1.870053871975236870e-01 0.000000000000000000e+00 1.018357543945312500e+02 -1.870053871975236870e-01 9.823588881661855510e-01 -0.000000000000000000e+00 -1.363036060333251953e+01 -0.000000000000000000e+00 0.000000000000000000e+00 1.000000000000000000e+00 0.000000000000000000e+00
9.816206360534895925e-01 1.908426757146904629e-01 0.000000000000000000e+00 1.049184188842773438e+02 -1.908426757146904629e-01 9.816206360534895925e-01 -0.000000000000000000e+00 -1.416700172424316406e+01 -0.000000000000000000e+00 0.000000000000000000e+00 1.000000000000000000e+00 0.000000000000000000e+00
9.808966196422942430e-01 1.945297447032721394e-01 0.000000000000000000e+00 1.079989547729492188e+02 -1.945297447032721394e-01 9.808966196422942430e-01 -0.000000000000000000e+00 -1.471887302398681641e+01 -0.000000000000000000e+00 0.000000000000000000e+00 1.000000000000000000e+00 0.000000000000000000e+00
9.793444082338941259e-01 2.021992335816428232e-01 0.000000000000000000e+00 1.140003585815429688e+02 -2.021992335816428232e-01 9.793444082338941259e-01 -0.000000000000000000e+00 -1.579061603546142578e+01 -0.000000000000000000e+00 0.000000000000000000e+00 1.000000000000000000e+00 0.000000000000000000e+00
9.793444082338941259e-01 2.021992335816428232e-01 0.000000000000000000e+00 1.140003585815429688e+02 -2.021992335816428232e-01 9.793444082338941259e-01 -0.000000000000000000e+00 -1.579061603546142578e+01 -0.000000000000000000e+00 0.000000000000000000e+00 1.000000000000000000e+00 0.000000000000000000e+00
9.784985700315019796e-01 2.062536022626168253e-01 0.000000000000000000e+00 1.170211029052734375e+02 -2.062536022626168253e-01 9.784985700315019796e-01 -0.000000000000000000e+00 -1.632888221740722656e+01 -0.000000000000000000e+00 0.000000000000000000e+00 1.000000000000000000e+00 0.000000000000000000e+00
9.776238632837914722e-01 2.103605997758956625e-01 0.000000000000000000e+00 1.200610504150390625e+02 -2.103605997758956625e-01 9.776238632837914722e-01 -0.000000000000000000e+00 -1.688283348083496094e+01 -0.000000000000000000e+00 0.000000000000000000e+00 1.000000000000000000e+00 0.000000000000000000e+00
9.767312806598448249e-01 2.144667931885481660e-01 0.000000000000000000e+00 1.231020278930664062e+02 -2.144667931885481660e-01 9.767312806598448249e-01 -0.000000000000000000e+00 -1.744909477233886719e+01 -0.000000000000000000e+00 0.000000000000000000e+00 1.000000000000000000e+00 0.000000000000000000e+00
9.758881351962925832e-01 2.182712706315299289e-01 0.000000000000000000e+00 1.261284255981445312e+02 -2.182712706315299289e-01 9.758881351962925832e-01 -0.000000000000000000e+00 -1.803190803527832031e+01 -0.000000000000000000e+00 0.000000000000000000e+00 1.000000000000000000e+00 0.000000000000000000e+00
9.751677951311813475e-01 2.214673143806785427e-01 0.000000000000000000e+00 1.287230987548828125e+02 -2.214673143806785427e-01 9.751677951311813475e-01 -0.000000000000000000e+00 -1.849486160278320312e+01 -0.000000000000000000e+00 0.000000000000000000e+00 1.000000000000000000e+00 0.000000000000000000e+00
9.741871569700820688e-01 2.257418507821459530e-01 0.000000000000000000e+00 1.317888183593750000e+02 -2.257418507821459530e-01 9.741871569700820688e-01 -0.000000000000000000e+00 -1.912224006652832031e+01 -0.000000000000000000e+00 0.000000000000000000e+00 1.000000000000000000e+00 0.000000000000000000e+00
9.731387947013022677e-01 2.302192134625098419e-01 0.000000000000000000e+00 1.348523101806640625e+02 -2.302192134625098419e-01 9.731387947013022677e-01 -0.000000000000000000e+00 -1.977844047546386719e+01 -0.000000000000000000e+00 0.000000000000000000e+00 1.000000000000000000e+00 0.000000000000000000e+00
9.721540986077412683e-01 2.343425026754002438e-01 0.000000000000000000e+00 1.378942260742187500e+02 -2.343425026754002438e-01 9.721540986077412683e-01 -0.000000000000000000e+00 -2.047079086303710938e+01 -0.000000000000000000e+00 0.000000000000000000e+00 1.000000000000000000e+00 0.000000000000000000e+00
9.710738163762862030e-01 2.387794864480503598e-01 0.000000000000000000e+00 1.409332427978515625e+02 -2.387794864480503598e-01 9.710738163762862030e-01 -0.000000000000000000e+00 -2.117787933349609375e+01 -0.000000000000000000e+00 0.000000000000000000e+00 1.000000000000000000e+00 0.000000000000000000e+00
9.700285619318309571e-01 2.429909237738396288e-01 0.000000000000000000e+00 1.439605255126953125e+02 -2.429909237738396288e-01 9.700285619318309571e-01 -0.000000000000000000e+00 -2.191149711608886719e+01 -0.000000000000000000e+00 0.000000000000000000e+00 1.000000000000000000e+00 0.000000000000000000e+00
9.692565587961096130e-01 2.460522774345397512e-01 0.000000000000000000e+00 1.468730010986328125e+02 -2.460522774345397512e-01 9.692565587961096130e-01 -0.000000000000000000e+00 -2.266375160217285156e+01 -0.000000000000000000e+00 0.000000000000000000e+00 1.000000000000000000e+00 0.000000000000000000e+00
9.681854859083194320e-01 2.502336205957771953e-01 0.000000000000000000e+00 1.498766021728515625e+02 -2.502336205957771953e-01 9.681854859083194320e-01 -0.000000000000000000e+00 -2.344054794311523438e+01 -0.000000000000000000e+00 0.000000000000000000e+00 1.000000000000000000e+00 0.000000000000000000e+00
9.671679541635767041e-01 2.541380499630891965e-01 0.000000000000000000e+00 1.528576507568359375e+02 -2.541380499630891965e-01 9.671679541635767041e-01 -0.000000000000000000e+00 -2.423806571960449219e+01 -0.000000000000000000e+00 0.000000000000000000e+00 1.000000000000000000e+00 0.000000000000000000e+00
9.660770539535231682e-01 2.582539947890091225e-01 0.000000000000000000e+00 1.558429718017578125e+02 -2.582539947890091225e-01 9.660770539535231682e-01 -0.000000000000000000e+00 -2.505320930480957031e+01 -0.000000000000000000e+00 0.000000000000000000e+00 1.000000000000000000e+00 0.000000000000000000e+00
9.649720415507727633e-01 2.623527377889044443e-01 0.000000000000000000e+00 1.588173217773437500e+02 -2.623527377889044443e-01 9.649720415507727633e-01 -0.000000000000000000e+00 -2.588385581970214844e+01 -0.000000000000000000e+00 0.000000000000000000e+00 1.000000000000000000e+00 0.000000000000000000e+00
9.638069374664950395e-01 2.666011764629999115e-01 0.000000000000000000e+00 1.618485107421875000e+02 -2.666011764629999115e-01 9.638069374664950395e-01 -0.000000000000000000e+00 -2.656286430358886719e+01 -0.000000000000000000e+00 0.000000000000000000e+00 1.000000000000000000e+00 0.000000000000000000e+00
9.627064406888106163e-01 2.705481640231209295e-01 0.000000000000000000e+00 1.648516387939453125e+02 -2.705481640231209295e-01 9.627064406888106163e-01 -0.000000000000000000e+00 -2.726700973510742188e+01 -0.000000000000000000e+00 0.000000000000000000e+00 1.000000000000000000e+00 0.000000000000000000e+00
9.615688959356964993e-01 2.745637601159440222e-01 0.000000000000000000e+00 1.678554840087890625e+02 -2.745637601159440222e-01 9.615688959356964993e-01 -0.000000000000000000e+00 -2.798751258850097656e+01 -0.000000000000000000e+00 0.000000000000000000e+00 1.000000000000000000e+00 0.000000000000000000e+00
9.604981864053030449e-01 2.782862445614656122e-01 0.000000000000000000e+00 1.707624511718750000e+02 -2.782862445614656122e-01 9.604981864053030449e-01 -0.000000000000000000e+00 -2.869800567626953125e+01 -0.000000000000000000e+00 0.000000000000000000e+00 1.000000000000000000e+00 0.000000000000000000e+00
9.594270683621299867e-01 2.819569124778619207e-01 0.000000000000000000e+00 1.736859588623046875e+02 -2.819569124778619207e-01 9.594270683621299867e-01 -0.000000000000000000e+00 -2.943197059631347656e+01 -0.000000000000000000e+00 0.000000000000000000e+00 1.000000000000000000e+00 0.000000000000000000e+00
9.583806751282535341e-01 2.854934001701490143e-01 0.000000000000000000e+00 1.766362304687500000e+02 -2.854934001701490143e-01 9.583806751282535341e-01 -0.000000000000000000e+00 -3.019880104064941406e+01 -0.000000000000000000e+00 0.000000000000000000e+00 1.000000000000000000e+00 0.000000000000000000e+00
9.573113167449968097e-01 2.890588916327612168e-01 0.000000000000000000e+00 1.795884857177734375e+02 -2.890588916327612168e-01 9.573113167449968097e-01 -0.000000000000000000e+00 -3.097463035583496094e+01 -0.000000000000000000e+00 0.000000000000000000e+00 1.000000000000000000e+00 0.000000000000000000e+00
9.561445696777024494e-01 2.928951380201474386e-01 0.000000000000000000e+00 1.825491180419921875e+02 -2.928951380201474386e-01 9.561445696777024494e-01 -0.000000000000000000e+00 -3.175645446777343750e+01 -0.000000000000000000e+00 0.000000000000000000e+00 1.000000000000000000e+00 0.000000000000000000e+00
9.549767461880285246e-01 2.966806603742914716e-01 0.000000000000000000e+00 1.855111236572265625e+02 -2.966806603742914716e-01 9.549767461880285246e-01 -0.000000000000000000e+00 -3.254604721069335938e+01 -0.000000000000000000e+00 0.000000000000000000e+00 1.000000000000000000e+00 0.000000000000000000e+00
9.524538348528391873e-01 3.046829376156802160e-01 0.000000000000000000e+00 1.914596405029296875e+02 -3.046829376156802160e-01 9.524538348528391873e-01 -0.000000000000000000e+00 -3.414568710327148438e+01 -0.000000000000000000e+00 0.000000000000000000e+00 1.000000000000000000e+00 0.000000000000000000e+00
9.524538348528391873e-01 3.046829376156802160e-01 0.000000000000000000e+00 1.914596405029296875e+02 -3.046829376156802160e-01 9.524538348528391873e-01 -0.000000000000000000e+00 -3.414568710327148438e+01 -0.000000000000000000e+00 0.000000000000000000e+00 1.000000000000000000e+00 0.000000000000000000e+00
9.511866520506511158e-01 3.086161903735342160e-01 0.000000000000000000e+00 1.944273834228515625e+02 -3.086161903735342160e-01 9.511866520506511158e-01 -0.000000000000000000e+00 -3.496425628662109375e+01 -0.000000000000000000e+00 0.000000000000000000e+00 1.000000000000000000e+00 0.000000000000000000e+00
9.498633106717235819e-01 3.126654618594012502e-01 0.000000000000000000e+00 1.973903656005859375e+02 -3.126654618594012502e-01 9.498633106717235819e-01 -0.000000000000000000e+00 -3.578339004516601562e+01 -0.000000000000000000e+00 0.000000000000000000e+00 1.000000000000000000e+00 0.000000000000000000e+00
9.485290845806952920e-01 3.166900309522045487e-01 0.000000000000000000e+00 2.003542480468750000e+02 -3.166900309522045487e-01 9.485290845806952920e-01 -0.000000000000000000e+00 -3.661753463745117188e+01 -0.000000000000000000e+00 0.000000000000000000e+00 1.000000000000000000e+00 0.000000000000000000e+00
9.472399574813634704e-01 3.205252922168618790e-01 0.000000000000000000e+00 2.033180999755859375e+02 -3.205252922168618790e-01 9.472399574813634704e-01 -0.000000000000000000e+00 -3.746897125244140625e+01 -0.000000000000000000e+00 0.000000000000000000e+00 1.000000000000000000e+00 0.000000000000000000e+00
9.459661000500915184e-01 3.242655355661779870e-01 0.000000000000000000e+00 2.062866210937500000e+02 -3.242655355661779870e-01 9.459661000500915184e-01 -0.000000000000000000e+00 -3.833945465087890625e+01 -0.000000000000000000e+00 0.000000000000000000e+00 1.000000000000000000e+00 0.000000000000000000e+00
9.447056452202333698e-01 3.279195692376755122e-01 0.000000000000000000e+00 2.092478332519531250e+02 -3.279195692376755122e-01 9.447056452202333698e-01 -0.000000000000000000e+00 -3.922234725952148438e+01 -0.000000000000000000e+00 0.000000000000000000e+00 1.000000000000000000e+00 0.000000000000000000e+00
9.435612445958039274e-01 3.311980943435777203e-01 0.000000000000000000e+00 2.121903991699218750e+02 -3.311980943435777203e-01 9.435612445958039274e-01 -0.000000000000000000e+00 -4.011132812500000000e+01 -0.000000000000000000e+00 0.000000000000000000e+00 1.000000000000000000e+00 0.000000000000000000e+00
9.424727479644783301e-01 3.342829929031461145e-01 0.000000000000000000e+00 2.151289520263671875e+02 -3.342829929031461145e-01 9.424727479644783301e-01 -0.000000000000000000e+00 -4.101227569580078125e+01 -0.000000000000000000e+00 0.000000000000000000e+00 1.000000000000000000e+00 0.000000000000000000e+00
9.413706282516682844e-01 3.373741843488611281e-01 0.000000000000000000e+00 2.180643463134765625e+02 -3.373741843488611281e-01 9.413706282516682844e-01 -0.000000000000000000e+00 -4.191902542114257812e+01 -0.000000000000000000e+00 0.000000000000000000e+00 1.000000000000000000e+00 0.000000000000000000e+00
9.403055661364362328e-01 3.403313713027881215e-01 0.000000000000000000e+00 2.210006103515625000e+02 -3.403313713027881215e-01 9.403055661364362328e-01 -0.000000000000000000e+00 -4.283428192138671875e+01 -0.000000000000000000e+00 0.000000000000000000e+00 1.000000000000000000e+00 0.000000000000000000e+00
9.399973881743389770e-01 3.411816381715481183e-01 0.000000000000000000e+00 2.234936828613281250e+02 -3.411816381715481183e-01 9.399973881743389770e-01 -0.000000000000000000e+00 -4.364749145507812500e+01 -0.000000000000000000e+00 0.000000000000000000e+00 1.000000000000000000e+00 0.000000000000000000e+00
9.391343012712218830e-01 3.435502353016423038e-01 0.000000000000000000e+00 2.264003143310546875e+02 -3.435502353016423038e-01 9.391343012712218830e-01 -0.000000000000000000e+00 -4.462395858764648438e+01 -0.000000000000000000e+00 0.000000000000000000e+00 1.000000000000000000e+00 0.000000000000000000e+00
9.381668410077598219e-01 3.461834462153277059e-01 0.000000000000000000e+00 2.292599792480468750e+02 -3.461834462153277059e-01 9.381668410077598219e-01 -0.000000000000000000e+00 -4.560423278808593750e+01 -0.000000000000000000e+00 0.000000000000000000e+00 1.000000000000000000e+00 0.000000000000000000e+00
9.372677038918447723e-01 3.486104577337134081e-01 0.000000000000000000e+00 2.321239929199218750e+02 -3.486104577337134081e-01 9.372677038918447723e-01 -0.000000000000000000e+00 -4.661806488037109375e+01 -0.000000000000000000e+00 0.000000000000000000e+00 1.000000000000000000e+00 0.000000000000000000e+00
9.365643516148017822e-01 3.504956708496497209e-01 0.000000000000000000e+00 2.349622039794921875e+02 -3.504956708496497209e-01 9.365643516148017822e-01 -0.000000000000000000e+00 -4.766884994506835938e+01 -0.000000000000000000e+00 0.000000000000000000e+00 1.000000000000000000e+00 0.000000000000000000e+00
9.360285430449990507e-01 3.519240921066024153e-01 0.000000000000000000e+00 2.377677154541015625e+02 -3.519240921066024153e-01 9.360285430449990507e-01 -0.000000000000000000e+00 -4.874893951416015625e+01 -0.000000000000000000e+00 0.000000000000000000e+00 1.000000000000000000e+00 0.000000000000000000e+00
9.355036730961182601e-01 3.533169648115855321e-01 0.000000000000000000e+00 2.405486297607421875e+02 -3.533169648115855321e-01 9.355036730961182601e-01 -0.000000000000000000e+00 -4.984202575683593750e+01 -0.000000000000000000e+00 0.000000000000000000e+00 1.000000000000000000e+00 0.000000000000000000e+00
9.348319966639790923e-01 3.550903237392399325e-01 0.000000000000000000e+00 2.433469848632812500e+02 -3.550903237392399325e-01 9.348319966639790923e-01 -0.000000000000000000e+00 -5.095500183105468750e+01 -0.000000000000000000e+00 0.000000000000000000e+00 1.000000000000000000e+00 0.000000000000000000e+00
9.341369553333138676e-01 3.569147638871309480e-01 0.000000000000000000e+00 2.461475677490234375e+02 -3.569147638871309480e-01 9.341369553333138676e-01 -0.000000000000000000e+00 -5.208626937866210938e+01 -0.000000000000000000e+00 0.000000000000000000e+00 1.000000000000000000e+00 0.000000000000000000e+00
9.335088920541283475e-01 3.585542475775093108e-01 0.000000000000000000e+00 2.489351654052734375e+02 -3.585542475775093108e-01 9.335088920541283475e-01 -0.000000000000000000e+00 -5.323428344726562500e+01 -0.000000000000000000e+00 0.000000000000000000e+00 1.000000000000000000e+00 0.000000000000000000e+00
9.327781900709921636e-01 3.604508955847993690e-01 0.000000000000000000e+00 2.517167663574218750e+02 -3.604508955847993690e-01 9.327781900709921636e-01 -0.000000000000000000e+00 -5.438778305053710938e+01 -0.000000000000000000e+00 0.000000000000000000e+00 1.000000000000000000e+00 0.000000000000000000e+00
9.319417763483515138e-01 3.626079501288948514e-01 0.000000000000000000e+00 2.546015625000000000e+02 -3.626079501288948514e-01 9.319417763483515138e-01 -0.000000000000000000e+00 -5.539976882934570312e+01 -0.000000000000000000e+00 0.000000000000000000e+00 1.000000000000000000e+00 0.000000000000000000e+00
9.311415145417603068e-01 3.646580314443613746e-01 0.000000000000000000e+00 2.574734802246093750e+02 -3.646580314443613746e-01 9.311415145417603068e-01 -0.000000000000000000e+00 -5.643067550659179688e+01 -0.000000000000000000e+00 0.000000000000000000e+00 1.000000000000000000e+00 0.000000000000000000e+00
9.302830837202532566e-01 3.668424513928782438e-01 0.000000000000000000e+00 2.603608703613281250e+02 -3.668424513928782438e-01 9.302830837202532566e-01 -0.000000000000000000e+00 -5.747921371459960938e+01 -0.000000000000000000e+00 0.000000000000000000e+00 1.000000000000000000e+00 0.000000000000000000e+00
9.295430300788535272e-01 3.687136493701089202e-01 0.000000000000000000e+00 2.632359008789062500e+02 -3.687136493701089202e-01 9.295430300788535272e-01 -0.000000000000000000e+00 -5.854929351806640625e+01 -0.000000000000000000e+00 0.000000000000000000e+00 1.000000000000000000e+00 0.000000000000000000e+00
9.288805304988849709e-01 3.703794811542751031e-01 0.000000000000000000e+00 2.661011352539062500e+02 -3.703794811542751031e-01 9.288805304988849709e-01 -0.000000000000000000e+00 -5.963538742065429688e+01 -0.000000000000000000e+00 0.000000000000000000e+00 1.000000000000000000e+00 0.000000000000000000e+00
9.283322243751787051e-01 3.717516391176142188e-01 0.000000000000000000e+00 2.689454956054687500e+02 -3.717516391176142188e-01 9.283322243751787051e-01 -0.000000000000000000e+00 -6.073450469970703125e+01 -0.000000000000000000e+00 0.000000000000000000e+00 1.000000000000000000e+00 0.000000000000000000e+00
9.278072832332867614e-01 3.730598412845688161e-01 0.000000000000000000e+00 2.717791137695312500e+02 -3.730598412845688161e-01 9.278072832332867614e-01 -0.000000000000000000e+00 -6.183954620361328125e+01 -0.000000000000000000e+00 0.000000000000000000e+00 1.000000000000000000e+00 0.000000000000000000e+00
9.272741715160162101e-01 3.743829734900958051e-01 0.000000000000000000e+00 2.746111755371093750e+02 -3.743829734900958051e-01 9.272741715160162101e-01 -0.000000000000000000e+00 -6.294835662841796875e+01 -0.000000000000000000e+00 0.000000000000000000e+00 1.000000000000000000e+00 0.000000000000000000e+00
9.267793701496744863e-01 3.756061754883334158e-01 0.000000000000000000e+00 2.774409179687500000e+02 -3.756061754883334158e-01 9.267793701496744863e-01 -0.000000000000000000e+00 -6.406000518798828125e+01 -0.000000000000000000e+00 0.000000000000000000e+00 1.000000000000000000e+00 0.000000000000000000e+00
9.261010752281816361e-01 3.772754941169726428e-01 0.000000000000000000e+00 2.830885620117187500e+02 -3.772754941169726428e-01 9.261010752281816361e-01 -0.000000000000000000e+00 -6.631208038330078125e+01 -0.000000000000000000e+00 0.000000000000000000e+00 1.000000000000000000e+00 0.000000000000000000e+00
9.261010752281816361e-01 3.772754941169726428e-01 0.000000000000000000e+00 2.830885620117187500e+02 -3.772754941169726428e-01 9.261010752281816361e-01 -0.000000000000000000e+00 -6.631208038330078125e+01 -0.000000000000000000e+00 0.000000000000000000e+00 1.000000000000000000e+00 0.000000000000000000e+00
9.270770387554808645e-01 3.748708633814697988e-01 0.000000000000000000e+00 2.855032958984375000e+02 -3.748708633814697988e-01 9.270770387554808645e-01 -0.000000000000000000e+00 -6.739465332031250000e+01 -0.000000000000000000e+00 0.000000000000000000e+00 1.000000000000000000e+00 0.000000000000000000e+00
9.265943902687895362e-01 3.760622766542932593e-01 0.000000000000000000e+00 2.882960205078125000e+02 -3.760622766542932593e-01 9.265943902687895362e-01 -0.000000000000000000e+00 -6.852239990234375000e+01 -0.000000000000000000e+00 0.000000000000000000e+00 1.000000000000000000e+00 0.000000000000000000e+00
9.262542038156325042e-01 3.768993896437996538e-01 0.000000000000000000e+00 2.910965881347656250e+02 -3.768993896437996538e-01 9.262542038156325042e-01 -0.000000000000000000e+00 -6.968117523193359375e+01 -0.000000000000000000e+00 0.000000000000000000e+00 1.000000000000000000e+00 0.000000000000000000e+00
9.264872894591726915e-01 3.763260587184936723e-01 0.000000000000000000e+00 2.938317565917968750e+02 -3.763260587184936723e-01 9.264872894591726915e-01 -0.000000000000000000e+00 -7.089733123779296875e+01 -0.000000000000000000e+00 0.000000000000000000e+00 1.000000000000000000e+00 0.000000000000000000e+00
9.262717865187216626e-01 3.768561761460408333e-01 0.000000000000000000e+00 2.966428527832031250e+02 -3.768561761460408333e-01 9.262717865187216626e-01 -0.000000000000000000e+00 -7.210560607910156250e+01 -0.000000000000000000e+00 0.000000000000000000e+00 1.000000000000000000e+00 0.000000000000000000e+00
9.259868768746559731e-01 3.775556963626965357e-01 0.000000000000000000e+00 2.994634704589843750e+02 -3.775556963626965357e-01 9.259868768746559731e-01 -0.000000000000000000e+00 -7.332089996337890625e+01 -0.000000000000000000e+00 0.000000000000000000e+00 1.000000000000000000e+00 0.000000000000000000e+00
9.256862596936825671e-01 3.782921471750637643e-01 0.000000000000000000e+00 3.022900695800781250e+02 -3.782921471750637643e-01 9.256862596936825671e-01 -0.000000000000000000e+00 -7.454267883300781250e+01 -0.000000000000000000e+00 0.000000000000000000e+00 1.000000000000000000e+00 0.000000000000000000e+00
9.254640880259059621e-01 3.788353491615824575e-01 0.000000000000000000e+00 3.051123962402343750e+02 -3.788353491615824575e-01 9.254640880259059621e-01 -0.000000000000000000e+00 -7.577754974365234375e+01 -0.000000000000000000e+00 0.000000000000000000e+00 1.000000000000000000e+00 0.000000000000000000e+00
9.252568023044652756e-01 3.793413367790487989e-01 0.000000000000000000e+00 3.079361877441406250e+02 -3.793413367790487989e-01 9.252568023044652756e-01 -0.000000000000000000e+00 -7.702507019042968750e+01 -0.000000000000000000e+00 0.000000000000000000e+00 1.000000000000000000e+00 0.000000000000000000e+00
9.251634572354757724e-01 3.795689362897101682e-01 0.000000000000000000e+00 3.107449035644531250e+02 -3.795689362897101682e-01 9.251634572354757724e-01 -0.000000000000000000e+00 -7.829228973388671875e+01 -0.000000000000000000e+00 0.000000000000000000e+00 1.000000000000000000e+00 0.000000000000000000e+00
9.255275099257160853e-01 3.786803775886776191e-01 0.000000000000000000e+00 3.134704589843750000e+02 -3.786803775886776191e-01 9.255275099257160853e-01 -0.000000000000000000e+00 -7.957546997070312500e+01 -0.000000000000000000e+00 0.000000000000000000e+00 1.000000000000000000e+00 0.000000000000000000e+00
9.254568890780663359e-01 3.788529351317573846e-01 0.000000000000000000e+00 3.162858581542968750e+02 -3.788529351317573846e-01 9.254568890780663359e-01 -0.000000000000000000e+00 -8.086479949951171875e+01 -0.000000000000000000e+00 0.000000000000000000e+00 1.000000000000000000e+00 0.000000000000000000e+00
9.253706696754239180e-01 3.790634824201053465e-01 0.000000000000000000e+00 3.191145019531250000e+02 -3.790634824201053465e-01 9.253706696754239180e-01 -0.000000000000000000e+00 -8.216450500488281250e+01 -0.000000000000000000e+00 0.000000000000000000e+00 1.000000000000000000e+00 0.000000000000000000e+00
9.252337433437445302e-01 3.793975753456022004e-01 0.000000000000000000e+00 3.219454956054687500e+02 -3.793975753456022004e-01 9.252337433437445302e-01 -0.000000000000000000e+00 -8.347140502929687500e+01 -0.000000000000000000e+00 0.000000000000000000e+00 1.000000000000000000e+00 0.000000000000000000e+00
9.250407767111616941e-01 3.798678209872621836e-01 0.000000000000000000e+00 3.247829895019531250e+02 -3.798678209872621836e-01 9.250407767111616941e-01 -0.000000000000000000e+00 -8.478009796142578125e+01 -0.000000000000000000e+00 0.000000000000000000e+00 1.000000000000000000e+00 0.000000000000000000e+00
9.248308087492703722e-01 3.803787259931481479e-01 0.000000000000000000e+00 3.276208190917968750e+02 -3.803787259931481479e-01 9.248308087492703722e-01 -0.000000000000000000e+00 -8.608864593505859375e+01 -0.000000000000000000e+00 0.000000000000000000e+00 1.000000000000000000e+00 0.000000000000000000e+00
9.247084849431099762e-01 3.806760011797671872e-01 0.000000000000000000e+00 3.304480285644531250e+02 -3.806760011797671872e-01 9.247084849431099762e-01 -0.000000000000000000e+00 -8.740628051757812500e+01 -0.000000000000000000e+00 0.000000000000000000e+00 1.000000000000000000e+00 0.000000000000000000e+00
9.245309627740813108e-01 3.811069388925242829e-01 0.000000000000000000e+00 3.332721252441406250e+02 -3.811069388925242829e-01 9.245309627740813108e-01 -0.000000000000000000e+00 -8.872460174560546875e+01 -0.000000000000000000e+00 0.000000000000000000e+00 1.000000000000000000e+00 0.000000000000000000e+00
9.242014685149724240e-01 3.819052835386916867e-01 0.000000000000000000e+00 3.388129272460937500e+02 -3.819052835386916867e-01 9.242014685149724240e-01 -0.000000000000000000e+00 -9.133395385742187500e+01 -0.000000000000000000e+00 0.000000000000000000e+00 1.000000000000000000e+00 0.000000000000000000e+00
9.242014685149724240e-01 3.819052835386916867e-01 0.000000000000000000e+00 3.388129272460937500e+02 -3.819052835386916867e-01 9.242014685149724240e-01 -0.000000000000000000e+00 -9.133395385742187500e+01 -0.000000000000000000e+00 0.000000000000000000e+00 1.000000000000000000e+00 0.000000000000000000e+00
9.239252149605885478e-01 3.825731265523367730e-01 0.000000000000000000e+00 3.415447082519531250e+02 -3.825731265523367730e-01 9.239252149605885478e-01 -0.000000000000000000e+00 -9.260794830322265625e+01 -0.000000000000000000e+00 0.000000000000000000e+00 1.000000000000000000e+00 0.000000000000000000e+00
9.237030052287434900e-01 3.831093292147659812e-01 0.000000000000000000e+00 3.442865600585937500e+02 -3.831093292147659812e-01 9.237030052287434900e-01 -0.000000000000000000e+00 -9.389312744140625000e+01 -0.000000000000000000e+00 0.000000000000000000e+00 1.000000000000000000e+00 0.000000000000000000e+00
9.234646051372799036e-01 3.836836236518932353e-01 0.000000000000000000e+00 3.470502624511718750e+02 -3.836836236518932353e-01 9.234646051372799036e-01 -0.000000000000000000e+00 -9.518727111816406250e+01 -0.000000000000000000e+00 0.000000000000000000e+00 1.000000000000000000e+00 0.000000000000000000e+00
9.233837355694020088e-01 3.838782057969645778e-01 0.000000000000000000e+00 3.497951660156250000e+02 -3.838782057969645778e-01 9.233837355694020088e-01 -0.000000000000000000e+00 -9.648646545410156250e+01 -0.000000000000000000e+00 0.000000000000000000e+00 1.000000000000000000e+00 0.000000000000000000e+00
9.233805921909199466e-01 3.838857668176121063e-01 0.000000000000000000e+00 3.525465087890625000e+02 -3.838857668176121063e-01 9.233805921909199466e-01 -0.000000000000000000e+00 -9.779432678222656250e+01 -0.000000000000000000e+00 0.000000000000000000e+00 1.000000000000000000e+00 0.000000000000000000e+00
9.235380031652499211e-01 3.835069187244773414e-01 0.000000000000000000e+00 3.552906799316406250e+02 -3.835069187244773414e-01 9.235380031652499211e-01 -0.000000000000000000e+00 -9.910403442382812500e+01 -0.000000000000000000e+00 0.000000000000000000e+00 1.000000000000000000e+00 0.000000000000000000e+00
9.235796383191807735e-01 3.834066401123111256e-01 0.000000000000000000e+00 3.580447692871093750e+02 -3.834066401123111256e-01 9.235796383191807735e-01 -0.000000000000000000e+00 -1.004114761352539062e+02 -0.000000000000000000e+00 0.000000000000000000e+00 1.000000000000000000e+00 0.000000000000000000e+00
9.235251316116419584e-01 3.835379137473886035e-01 0.000000000000000000e+00 3.608007812500000000e+02 -3.835379137473886035e-01 9.235251316116419584e-01 -0.000000000000000000e+00 -1.017143478393554688e+02 -0.000000000000000000e+00 0.000000000000000000e+00 1.000000000000000000e+00 0.000000000000000000e+00
9.234128394490108693e-01 3.838081916018928341e-01 0.000000000000000000e+00 3.635525207519531250e+02 -3.838081916018928341e-01 9.234128394490108693e-01 -0.000000000000000000e+00 -1.030172348022460938e+02 -0.000000000000000000e+00 0.000000000000000000e+00 1.000000000000000000e+00 0.000000000000000000e+00
9.228835425276197268e-01 3.850791696932866492e-01 0.000000000000000000e+00 3.663078308105468750e+02 -3.850791696932866492e-01 9.228835425276197268e-01 -0.000000000000000000e+00 -1.042950057983398438e+02 -0.000000000000000000e+00 0.000000000000000000e+00 1.000000000000000000e+00 0.000000000000000000e+00
9.226928997180219305e-01 3.855357477717836767e-01 0.000000000000000000e+00 3.690983886718750000e+02 -3.855357477717836767e-01 9.226928997180219305e-01 -0.000000000000000000e+00 -1.055508499145507812e+02 -0.000000000000000000e+00 0.000000000000000000e+00 1.000000000000000000e+00 0.000000000000000000e+00
9.224785498918985915e-01 3.860483454042250573e-01 0.000000000000000000e+00 3.718927307128906250e+02 -3.860483454042250573e-01 9.224785498918985915e-01 -0.000000000000000000e+00 -1.068117675781250000e+02 -0.000000000000000000e+00 0.000000000000000000e+00 1.000000000000000000e+00 0.000000000000000000e+00
9.222900582883259979e-01 3.864984455111252215e-01 0.000000000000000000e+00 3.746781616210937500e+02 -3.864984455111252215e-01 9.222900582883259979e-01 -0.000000000000000000e+00 -1.080789718627929688e+02 -0.000000000000000000e+00 0.000000000000000000e+00 1.000000000000000000e+00 0.000000000000000000e+00
