9.929861583736463437e-01 1.182306613292331415e-01 0.000000000000000000e+00 0.000000000000000000e+00 -1.182306613292331415e-01 9.929861583736463437e-01 -0.000000000000000000e+00 0.000000000000000000e+00 -0.000000000000000000e+00 0.000000000000000000e+00 1.000000000000000000e+00 0.000000000000000000e+00
9.929861583736463437e-01 1.182306613292331415e-01 0.000000000000000000e+00 0.000000000000000000e+00 -1.182306613292331415e-01 9.929861583736463437e-01 -0.000000000000000000e+00 0.000000000000000000e+00 -0.000000000000000000e+00 0.000000000000000000e+00 1.000000000000000000e+00 0.000000000000000000e+00
9.928618028181874777e-01 1.192704510958964848e-01 0.000000000000000000e+00 2.991691589355468750e+00 -1.192704510958964848e-01 9.928618028181874777e-01 -0.000000000000000000e+00 -2.978186905384063721e-01 -0.000000000000000000e+00 0.000000000000000000e+00 1.000000000000000000e+00 0.000000000000000000e+00
9.927573413774571920e-01 1.201368433960328386e-01 0.000000000000000000e+00 5.984060287475585938e+00 -1.201368433960328386e-01 9.927573413774571920e-01 -0.000000000000000000e+00 -5.880535840988159180e-01 -0.000000000000000000e+00 0.000000000000000000e+00 1.000000000000000000e+00 0.000000000000000000e+00
9.927782942984720860e-01 1.199635710114378834e-01 0.000000000000000000e+00 8.976613998413085938e+00 -1.199635710114378834e-01 9.927782942984720860e-01 -0.000000000000000000e+00 -1.018161535263061523e+00 -0.000000000000000000e+00 0.000000000000000000e+00 1.000000000000000000e+00 0.000000000000000000e+00
9.927782942984720860e-01 1.199635710114378834e-01 0.000000000000000000e+00 1.197258472442626953e+01 -1.199635710114378834e-01 9.927782942984720860e-01 -0.000000000000000000e+00 -1.270503401756286621e+00 -0.000000000000000000e+00 0.000000000000000000e+00 1.000000000000000000e+00 0.000000000000000000e+00
9.925461519124016974e-01 1.218693411973812007e-01 0.000000000000000000e+00 1.507591915130615234e+01 -1.218693411973812007e-01 9.925461519124016974e-01 -0.000000000000000000e+00 -1.608767390251159668e+00 -0.000000000000000000e+00 0.000000000000000000e+00 1.000000000000000000e+00 0.000000000000000000e+00
9.923103501295382767e-01 1.237746703723875130e-01 0.000000000000000000e+00 1.805956649780273438e+01 -1.237746703723875130e-01 9.923103501295382767e-01 -0.000000000000000000e+00 -2.129779100418090820e+00 -0.000000000000000000e+00 0.000000000000000000e+00 1.000000000000000000e+00 0.000000000000000000e+00
9.919166036980211487e-01 1.268914942310272187e-01 0.000000000000000000e+00 2.104179954528808594e+01 -1.268914942310272187e-01 9.919166036980211487e-01 -0.000000000000000000e+00 -2.518442153930664062e+00 -0.000000000000000000e+00 0.000000000000000000e+00 1.000000000000000000e+00 0.000000000000000000e+00
9.922454066295061104e-01 1.242942195866168081e-01 0.000000000000000000e+00 2.404924964904785156e+01 -1.242942195866168081e-01 9.922454066295061104e-01 -0.000000000000000000e+00 -2.657174348831176758e+00 -0.000000000000000000e+00 0.000000000000000000e+00 1.000000000000000000e+00 0.000000000000000000e+00
9.921801899058582119e-01 1.248137442687109327e-01 0.000000000000000000e+00 2.704294967651367188e+01 -1.248137442687109327e-01 9.921801899058582119e-01 -0.000000000000000000e+00 -2.932229995727539062e+00 -0.000000000000000000e+00 0.000000000000000000e+00 1.000000000000000000e+00 0.000000000000000000e+00
9.922236972567596291e-01 1.244674037735427896e-01 0.000000000000000000e+00 2.992504882812500000e+01 -1.244674037735427896e-01 9.922236972567596291e-01 -0.000000000000000000e+00 -3.166836261749267578e+00 -0.000000000000000000e+00 0.000000000000000000e+00 1.000000000000000000e+00 0.000000000000000000e+00
9.893232660556411373e-01 1.457376932745919618e-01 0.000000000000000000e+00 3.281795883178710938e+01 -1.457376932745919618e-01 9.893232660556411373e-01 -0.000000000000000000e+00 -4.349740982055664062e+00 -0.000000000000000000e+00 0.000000000000000000e+00 1.000000000000000000e+00 0.000000000000000000e+00
9.907004066316794644e-01 1.360613990073043789e-01 0.000000000000000000e+00 3.574794387817382812e+01 -1.360613990073043789e-01 9.907004066316794644e-01 -0.000000000000000000e+00 -4.176090717315673828e+00 -0.000000000000000000e+00 0.000000000000000000e+00 1.000000000000000000e+00 0.000000000000000000e+00
9.902923438790923738e-01 1.390002649438245308e-01 0.000000000000000000e+00 3.861396789550781250e+01 -1.390002649438245308e-01 9.902923438790923738e-01 -0.000000000000000000e+00 -4.554423809051513672e+00 -0.000000000000000000e+00 0.000000000000000000e+00 1.000000000000000000e+00 0.000000000000000000e+00
9.902316000837546595e-01 1.394323427170573448e-01 0.000000000000000000e+00 4.143261337280273438e+01 -1.394323427170573448e-01 9.902316000837546595e-01 -0.000000000000000000e+00 -4.914460182189941406e+00 -0.000000000000000000e+00 0.000000000000000000e+00 1.000000000000000000e+00 0.000000000000000000e+00
9.901706668165716207e-01 1.398644006744597934e-01 0.000000000000000000e+00 4.425125503540039062e+01 -1.398644006744597934e-01 9.901706668165716207e-01 -0.000000000000000000e+00 -5.274494171142578125e+00 -0.000000000000000000e+00 0.000000000000000000e+00 1.000000000000000000e+00 0.000000000000000000e+00
9.896513868196702424e-01 1.434926219911792089e-01 0.000000000000000000e+00 4.722444037095522162e+01 -1.434926219911792089e-01 9.896513868196702424e-01 -0.000000000000000000e+00 -5.870918694145530026e+00 -0.000000000000000000e+00 0.000000000000000000e+00 1.000000000000000000e+00 0.000000000000000000e+00
9.904734471436399401e-01 1.377038507210132101e-01 0.000000000000000000e+00 5.019219207763671875e+01 -1.377038507210132101e-01 9.904734471436399401e-01 -0.000000000000000000e+00 -5.868655204772949219e+00 -0.000000000000000000e+00 0.000000000000000000e+00 1.000000000000000000e+00 0.000000000000000000e+00
9.912616460521058714e-01 1.319103827076154867e-01 0.000000000000000000e+00 5.315846633911132812e+01 -1.319103827076154867e-01 9.912616460521058714e-01 -0.000000000000000000e+00 -5.866222381591796875e+00 -0.000000000000000000e+00 0.000000000000000000e+00 1.000000000000000000e+00 0.000000000000000000e+00
9.900482336781215587e-01 1.407284441427233412e-01 0.000000000000000000e+00 5.610709762573242188e+01 -1.407284441427233412e-01 9.900482336781215587e-01 -0.000000000000000000e+00 -6.689681529998779297e+00 -0.000000000000000000e+00 0.000000000000000000e+00 1.000000000000000000e+00 0.000000000000000000e+00
9.899497462163929784e-01 1.414195883394485098e-01 0.000000000000000000e+00 5.921492767333984375e+01 -1.414195883394485098e-01 9.899497462163929784e-01 -0.000000000000000000e+00 -6.974813938140869141e+00 -0.000000000000000000e+00 0.000000000000000000e+00 1.000000000000000000e+00 0.000000000000000000e+00
9.898135373439331808e-01 1.423698047013138290e-01 0.000000000000000000e+00 6.225956726074218750e+01 -1.423698047013138290e-01 9.898135373439331808e-01 -0.000000000000000000e+00 -7.455335140228271484e+00 -0.000000000000000000e+00 0.000000000000000000e+00 1.000000000000000000e+00 0.000000000000000000e+00
9.893994378957325919e-01 1.452196690934405288e-01 0.000000000000000000e+00 6.529831695556640625e+01 -1.452196690934405288e-01 9.893994378957325919e-01 -0.000000000000000000e+00 -7.833642482757568359e+00 -0.000000000000000000e+00 0.000000000000000000e+00 1.000000000000000000e+00 0.000000000000000000e+00
9.887302667205287721e-01 1.497079145227533936e-01 0.000000000000000000e+00 6.838130187988281250e+01 -1.497079145227533936e-01 9.887302667205287721e-01 -0.000000000000000000e+00 -8.470292091369628906e+00 -0.000000000000000000e+00 0.000000000000000000e+00 1.000000000000000000e+00 0.000000000000000000e+00
9.880944997417895337e-01 1.538481705449323833e-01 0.000000000000000000e+00 7.135411834716796875e+01 -1.538481705449323833e-01 9.880944997417895337e-01 -0.000000000000000000e+00 -8.903813362121582031e+00 -0.000000000000000000e+00 0.000000000000000000e+00 1.000000000000000000e+00 0.000000000000000000e+00
9.877156272023779326e-01 1.562620868291896559e-01 0.000000000000000000e+00 7.445161437988281250e+01 -1.562620868291896559e-01 9.877156272023779326e-01 -0.000000000000000000e+00 -9.264356613159179688e+00 -0.000000000000000000e+00 0.000000000000000000e+00 1.000000000000000000e+00 0.000000000000000000e+00
9.868839060442481381e-01 1.614315830029784959e-01 0.000000000000000000e+00 7.752826690673828125e+01 -1.614315830029784959e-01 9.868839060442481381e-01 -0.000000000000000000e+00 -9.930881500244140625e+00 -0.000000000000000000e+00 0.000000000000000000e+00 1.000000000000000000e+00 0.000000000000000000e+00
9.860832205689448182e-01 1.662524649813585109e-01 0.000000000000000000e+00 8.061003112792968750e+01 -1.662524649813585109e-01 9.860832205689448182e-01 -0.000000000000000000e+00 -1.039682865142822266e+01 -0.000000000000000000e+00 0.000000000000000000e+00 1.000000000000000000e+00 0.000000000000000000e+00
9.853186420575743565e-01 1.707254334123001760e-01 0.000000000000000000e+00 8.357345581054687500e+01 -1.707254334123001760e-01 9.853186420575743565e-01 -0.000000000000000000e+00 -1.103033351898193359e+01 -0.000000000000000000e+00 0.000000000000000000e+00 1.000000000000000000e+00 0.000000000000000000e+00
9.845948659257368618e-01 1.748512224512034086e-01 0.000000000000000000e+00 8.665779876708984375e+01 -1.748512224512034086e-01 9.845948659257368618e-01 -0.000000000000000000e+00 -1.146588611602783203e+01 -0.000000000000000000e+00 0.000000000000000000e+00 1.000000000000000000e+00 0.000000000000000000e+00
9.854916452568565077e-01 1.697239438881095741e-01 0.000000000000000000e+00 8.913262176513671875e+01 -1.697239438881095741e-01 9.854916452568565077e-01 -0.000000000000000000e+00 -1.141192245483398438e+01 -0.000000000000000000e+00 0.000000000000000000e+00 1.000000000000000000e+00 0.000000000000000000e+00
9.847355091009537542e-01 1.740573960384489416e-01 0.000000000000000000e+00 9.230748748779296875e+01 -1.740573960384489416e-01 9.847355091009537542e-01 -0.000000000000000000e+00 -1.197727489471435547e+01 -0.000000000000000000e+00 0.000000000000000000e+00 1.000000000000000000e+00 0.000000000000000000e+00
9.839677460268669851e-01 1.783465020088901010e-01 0.000000000000000000e+00 9.546429443359375000e+01 -1.783465020088901010e-01 9.839677460268669851e-01 -0.000000000000000000e+00 -1.254133224487304688e+01 -0.000000000000000000e+00 0.000000000000000000e+00 1.000000000000000000e+00 0.000000000000000000e+00
9.832577000421719449e-01 1.822204579836696481e-01 0.000000000000000000e+00 9.859841156005859375e+01 -1.822204579836696481e-01 9.832577000421719449e-01 -0.000000000000000000e+00 -1.310629558563232422e+01 -0.000000000000000000e+00 0.000000000000000000e+00 1.000000000000000000e+00 0.000000000000000000e+00
9.825295658987923675e-01 1.861065612350371323e-01 0.000000000000000000e+00 1.017150955200195312e+02 -1.861065612350371323e-01 9.825295658987923675e-01 -0.000000000000000000e+00 -1.366371059417724609e+01 -0.000000000000000000e+00 0.000000000000000000e+00 1.000000000000000000e+00 0.000000000000000000e+00
9.817924356361583671e-01 1.899568722832102041e-01 0.000000000000000000e+00 1.048099060058593750e+02 -1.899568722832102041e-01 9.817924356361583671e-01 -0.000000000000000000e+00 -1.421092987060546875e+01 -0.000000000000000000e+00 0.000000000000000000e+00 1.000000000000000000e+00 0.000000000000000000e+00
9.810754358451063695e-01 1.936259000788235485e-01 0.000000000000000000e+00 1.079011535644531250e+02 -1.936259000788235485e-01 9.810754358451063695e-01 -0.000000000000000000e+00 -1.477140522003173828e+01 -0.000000000000000000e+00 0.000000000000000000e+00 1.000000000000000000e+00 0.000000000000000000e+00
9.803532705313779960e-01 1.972497527461841982e-01 0.000000000000000000e+00 1.108929061889648438e+02 -1.972497527461841982e-01 9.803532705313779960e-01 -0.000000000000000000e+00 -1.531228828430175781e+01 -0.000000000000000000e+00 0.000000000000000000e+00 1.000000000000000000e+00 0.000000000000000000e+00
9.796145532514656251e-01 2.008863535881206253e-01 0.000000000000000000e+00 1.139055862426757812e+02 -2.008863535881206253e-01 9.796145532514656251e-01 -0.000000000000000000e+00 -1.586535263061523438e+01 -0.000000000000000000e+00 0.000000000000000000e+00 1.000000000000000000e+00 0.000000000000000000e+00
9.787708274042404843e-01 2.049577210607557154e-01 0.000000000000000000e+00 1.169305343627929688e+02 -2.049577210607557154e-01 9.787708274042404843e-01 -0.000000000000000000e+00 -1.640980529785156250e+01 -0.000000000000000000e+00 0.000000000000000000e+00 1.000000000000000000e+00 0.000000000000000000e+00
9.779144868862605922e-01 2.090053978680495306e-01 0.000000000000000000e+00 1.199531936645507812e+02 -2.090053978680495306e-01 9.779144868862605922e-01 -0.000000000000000000e+00 -1.696373558044433594e+01 -0.000000000000000000e+00 0.000000000000000000e+00 1.000000000000000000e+00 0.000000000000000000e+00
9.770134542118494858e-01 2.131776496001170917e-01 0.000000000000000000e+00 1.229959793090820312e+02 -2.131776496001170917e-01 9.770134542118494858e-01 -0.000000000000000000e+00 -1.753118324279785156e+01 -0.000000000000000000e+00 0.000000000000000000e+00 1.000000000000000000e+00 0.000000000000000000e+00
9.761466052571993179e-01 2.171124248974374837e-01 0.000000000000000000e+00 1.260190811157226562e+02 -2.171124248974374837e-01 9.761466052571993179e-01 -0.000000000000000000e+00 -1.811099243164062500e+01 -0.000000000000000000e+00 0.000000000000000000e+00 1.000000000000000000e+00 0.000000000000000000e+00
9.754444059076851081e-01 2.202457967440088482e-01 0.000000000000000000e+00 1.286303100585937500e+02 -2.202457967440088482e-01 9.754444059076851081e-01 -0.000000000000000000e+00 -1.859052467346191406e+01 -0.000000000000000000e+00 0.000000000000000000e+00 1.000000000000000000e+00 0.000000000000000000e+00
9.744438074599376387e-01 2.246314005275753811e-01 0.000000000000000000e+00 1.317110443115234375e+02 -2.246314005275753811e-01 9.744438074599376387e-01 -0.000000000000000000e+00 -1.922426605224609375e+01 -0.000000000000000000e+00 0.000000000000000000e+00 1.000000000000000000e+00 0.000000000000000000e+00
9.734318476405900977e-01 2.289769377012168261e-01 0.000000000000000000e+00 1.347687835693359375e+02 -2.289769377012168261e-01 9.734318476405900977e-01 -0.000000000000000000e+00 -1.988491630554199219e+01 -0.000000000000000000e+00 0.000000000000000000e+00 1.000000000000000000e+00 0.000000000000000000e+00
9.724001605401575432e-01 2.333193686376592579e-01 0.000000000000000000e+00 1.378301391601562500e+02 -2.333193686376592579e-01 9.724001605401575432e-01 -0.000000000000000000e+00 -2.057452964782714844e+01 -0.000000000000000000e+00 0.000000000000000000e+00 1.000000000000000000e+00 0.000000000000000000e+00
9.713356827303217811e-01 2.377119926609081169e-01 0.000000000000000000e+00 1.408676300048828125e+02 -2.377119926609081169e-01 9.713356827303217811e-01 -0.000000000000000000e+00 -2.127993011474609375e+01 -0.000000000000000000e+00 0.000000000000000000e+00 1.000000000000000000e+00 0.000000000000000000e+00
9.704997565695165918e-01 2.411020997389053122e-01 0.000000000000000000e+00 1.437694702148437500e+02 -2.411020997389053122e-01 9.704997565695165918e-01 -0.000000000000000000e+00 -2.191800689697265625e+01 -0.000000000000000000e+00 0.000000000000000000e+00 1.000000000000000000e+00 0.000000000000000000e+00
9.696986247583311291e-01 2.443042716405122994e-01 0.000000000000000000e+00 1.467347412109375000e+02 -2.443042716405122994e-01 9.696986247583311291e-01 -0.000000000000000000e+00 -2.269114112854003906e+01 -0.000000000000000000e+00 0.000000000000000000e+00 1.000000000000000000e+00 0.000000000000000000e+00
9.685369931666938381e-01 2.488696302637581625e-01 0.000000000000000000e+00 1.497611236572265625e+02 -2.488696302637581625e-01 9.685369931666938381e-01 -0.000000000000000000e+00 -2.345483970642089844e+01 -0.000000000000000000e+00 0.000000000000000000e+00 1.000000000000000000e+00 0.000000000000000000e+00
9.673251904944619728e-01 2.535389039868495287e-01 0.000000000000000000e+00 1.528052520751953125e+02 -2.535389039868495287e-01 9.673251904944619728e-01 -0.000000000000000000e+00 -2.424907875061035156e+01 -0.000000000000000000e+00 0.000000000000000000e+00 1.000000000000000000e+00 0.000000000000000000e+00
9.662740272882146542e-01 2.575160270511615557e-01 0.000000000000000000e+00 1.557681274414062500e+02 -2.575160270511615557e-01 9.662740272882146542e-01 -0.000000000000000000e+00 -2.502603912353515625e+01 -0.000000000000000000e+00 0.000000000000000000e+00 1.000000000000000000e+00 0.000000000000000000e+00
9.655789462827807368e-01 2.601101660747514033e-01 0.000000000000000000e+00 1.585025939941406250e+02 -2.601101660747514033e-01 9.655789462827807368e-01 -0.000000000000000000e+00 -2.567419242858886719e+01 -0.000000000000000000e+00 0.000000000000000000e+00 1.000000000000000000e+00 0.000000000000000000e+00
9.644049758077332113e-01 2.644296553665749228e-01 0.000000000000000000e+00 1.615405273437500000e+02 -2.644296553665749228e-01 9.644049758077332113e-01 -0.000000000000000000e+00 -2.636024475097656250e+01 -0.000000000000000000e+00 0.000000000000000000e+00 1.000000000000000000e+00 0.000000000000000000e+00
9.632602027583314630e-01 2.685698824923936079e-01 0.000000000000000000e+00 1.645518646240234375e+02 -2.685698824923936079e-01 9.632602027583314630e-01 -0.000000000000000000e+00 -2.706151962280273438e+01 -0.000000000000000000e+00 0.000000000000000000e+00 1.000000000000000000e+00 0.000000000000000000e+00
9.621228708422840947e-01 2.726161796412706617e-01 0.000000000000000000e+00 1.675534057617187500e+02 -2.726161796412706617e-01 9.621228708422840947e-01 -0.000000000000000000e+00 -2.777885055541992188e+01 -0.000000000000000000e+00 0.000000000000000000e+00 1.000000000000000000e+00 0.000000000000000000e+00
9.610902999926910217e-01 2.762343846445607376e-01 0.000000000000000000e+00 1.704435119628906250e+02 -2.762343846445607376e-01 9.610902999926910217e-01 -0.000000000000000000e+00 -2.848302459716796875e+01 -0.000000000000000000e+00 0.000000000000000000e+00 1.000000000000000000e+00 0.000000000000000000e+00
9.600476013072696269e-01 2.798367438778506799e-01 0.000000000000000000e+00 1.733563995361328125e+02 -2.798367438778506799e-01 9.600476013072696269e-01 -0.000000000000000000e+00 -2.921237754821777344e+01 -0.000000000000000000e+00 0.000000000000000000e+00 1.000000000000000000e+00 0.000000000000000000e+00
9.590490551421417820e-01 2.832400215911674568e-01 0.000000000000000000e+00 1.762903900146484375e+02 -2.832400215911674568e-01 9.590490551421417820e-01 -0.000000000000000000e+00 -2.997233772277832031e+01 -0.000000000000000000e+00 0.000000000000000000e+00 1.000000000000000000e+00 0.000000000000000000e+00
9.580086529889424440e-01 2.867392906427580490e-01 0.000000000000000000e+00 1.792314910888671875e+02 -2.867392906427580490e-01 9.580086529889424440e-01 -0.000000000000000000e+00 -3.074099922180175781e+01 -0.000000000000000000e+00 0.000000000000000000e+00 1.000000000000000000e+00 0.000000000000000000e+00
9.568666983460311082e-01 2.905273164374831962e-01 0.000000000000000000e+00 1.821799621582031250e+02 -2.905273164374831962e-01 9.568666983460311082e-01 -0.000000000000000000e+00 -3.150997543334960938e+01 -0.000000000000000000e+00 0.000000000000000000e+00 1.000000000000000000e+00 0.000000000000000000e+00
9.557201313282739363e-01 2.942771322645827414e-01 0.000000000000000000e+00 1.851292572021484375e+02 -2.942771322645827414e-01 9.557201313282739363e-01 -0.000000000000000000e+00 -3.228950881958007812e+01 -0.000000000000000000e+00 0.000000000000000000e+00 1.000000000000000000e+00 0.000000000000000000e+00
9.545470705966179192e-01 2.980602120636285934e-01 0.000000000000000000e+00 1.880863342285156250e+02 -2.980602120636285934e-01 9.545470705966179192e-01 -0.000000000000000000e+00 -3.307975769042968750e+01 -0.000000000000000000e+00 0.000000000000000000e+00 1.000000000000000000e+00 0.000000000000000000e+00
9.532980822685170885e-01 3.020310685064824807e-01 0.000000000000000000e+00 1.910572357177734375e+02 -3.020310685064824807e-01 9.532980822685170885e-01 -0.000000000000000000e+00 -3.387485885620117188e+01 -0.000000000000000000e+00 0.000000000000000000e+00 1.000000000000000000e+00 0.000000000000000000e+00
9.521008496578173830e-01 3.057841920061633578e-01 0.000000000000000000e+00 1.940144805908203125e+02 -3.057841920061633578e-01 9.521008496578173830e-01 -0.000000000000000000e+00 -3.468595886230468750e+01 -0.000000000000000000e+00 0.000000000000000000e+00 1.000000000000000000e+00 0.000000000000000000e+00
9.508718779650529029e-01 3.095846761311248918e-01 0.000000000000000000e+00 1.969654541015625000e+02 -3.095846761311248918e-01 9.508718779650529029e-01 -0.000000000000000000e+00 -3.550707626342773438e+01 -0.000000000000000000e+00 0.000000000000000000e+00 1.000000000000000000e+00 0.000000000000000000e+00
9.496504928547312430e-01 3.133112532622567836e-01 0.000000000000000000e+00 1.999076385498046875e+02 -3.133112532622567836e-01 9.496504928547312430e-01 -0.000000000000000000e+00 -3.634145736694335938e+01 -0.000000000000000000e+00 0.000000000000000000e+00 1.000000000000000000e+00 0.000000000000000000e+00
9.484378773904946769e-01 3.169630778671436167e-01 0.000000000000000000e+00 2.028604888916015625e+02 -3.169630778671436167e-01 9.484378773904946769e-01 -0.000000000000000000e+00 -3.719182205200195312e+01 -0.000000000000000000e+00 0.000000000000000000e+00 1.000000000000000000e+00 0.000000000000000000e+00
9.472354898160445513e-01 3.205384950874983208e-01 0.000000000000000000e+00 2.058172912597656250e+02 -3.205384950874983208e-01 9.472354898160445513e-01 -0.000000000000000000e+00 -3.806157302856445312e+01 -0.000000000000000000e+00 0.000000000000000000e+00 1.000000000000000000e+00 0.000000000000000000e+00
9.460679003749352667e-01 3.239684056820379965e-01 0.000000000000000000e+00 2.087649688720703125e+02 -3.239684056820379965e-01 9.460679003749352667e-01 -0.000000000000000000e+00 -3.893874740600585938e+01 -0.000000000000000000e+00 0.000000000000000000e+00 1.000000000000000000e+00 0.000000000000000000e+00
9.449807935743073095e-01 3.271258164310367200e-01 0.000000000000000000e+00 2.116955108642578125e+02 -3.271258164310367200e-01 9.449807935743073095e-01 -0.000000000000000000e+00 -3.982671737670898438e+01 -0.000000000000000000e+00 0.000000000000000000e+00 1.000000000000000000e+00 0.000000000000000000e+00
9.439500434690298869e-01 3.300883448939337939e-01 0.000000000000000000e+00 2.146238403320312500e+02 -3.300883448939337939e-01 9.439500434690298869e-01 -0.000000000000000000e+00 -4.072618865966796875e+01 -0.000000000000000000e+00 0.000000000000000000e+00 1.000000000000000000e+00 0.000000000000000000e+00
9.429136670657244368e-01 3.330372598684240293e-01 0.000000000000000000e+00 2.175514984130859375e+02 -3.330372598684240293e-01 9.429136670657244368e-01 -0.000000000000000000e+00 -4.162821960449218750e+01 -0.000000000000000000e+00 0.000000000000000000e+00 1.000000000000000000e+00 0.000000000000000000e+00
9.419032939140747906e-01 3.358841837803858699e-01 0.000000000000000000e+00 2.204758605957031250e+02 -3.358841837803858699e-01 9.419032939140747906e-01 -0.000000000000000000e+00 -4.253865814208984375e+01 -0.000000000000000000e+00 0.000000000000000000e+00 1.000000000000000000e+00 0.000000000000000000e+00
9.424386093759831162e-01 3.343792271620099621e-01 0.000000000000000000e+00 2.229284362792968750e+02 -3.343792271620099621e-01 9.424386093759831162e-01 -0.000000000000000000e+00 -4.343877792358398438e+01 -0.000000000000000000e+00 0.000000000000000000e+00 1.000000000000000000e+00 0.000000000000000000e+00
9.412839417054499336e-01 3.376159668727934382e-01 0.000000000000000000e+00 2.258776855468750000e+02 -3.376159668727934382e-01 9.412839417054499336e-01 -0.000000000000000000e+00 -4.439325714111328125e+01 -0.000000000000000000e+00 0.000000000000000000e+00 1.000000000000000000e+00 0.000000000000000000e+00
9.392892656712041877e-01 3.431263257094242514e-01 0.000000000000000000e+00 2.315900878906250000e+02 -3.431263257094242514e-01 9.392892656712041877e-01 -0.000000000000000000e+00 -4.634349822998046875e+01 -0.000000000000000000e+00 0.000000000000000000e+00 1.000000000000000000e+00 0.000000000000000000e+00
9.392892656712041877e-01 3.431263257094242514e-01 0.000000000000000000e+00 2.315900878906250000e+02 -3.431263257094242514e-01 9.392892656712041877e-01 -0.000000000000000000e+00 -4.634349822998046875e+01 -0.000000000000000000e+00 0.000000000000000000e+00 1.000000000000000000e+00 0.000000000000000000e+00
9.383665337047712995e-01 3.456417920664286436e-01 0.000000000000000000e+00 2.344595336914062500e+02 -3.456417920664286436e-01 9.383665337047712995e-01 -0.000000000000000000e+00 -4.737776565551757812e+01 -0.000000000000000000e+00 0.000000000000000000e+00 1.000000000000000000e+00 0.000000000000000000e+00
9.374407140005696082e-01 3.481449521881687104e-01 0.000000000000000000e+00 2.373388824462890625e+02 -3.481449521881687104e-01 9.374407140005696082e-01 -0.000000000000000000e+00 -4.843681716918945312e+01 -0.000000000000000000e+00 0.000000000000000000e+00 1.000000000000000000e+00 0.000000000000000000e+00
9.364787432302676962e-01 3.507243411539300304e-01 0.000000000000000000e+00 2.402225799560546875e+02 -3.507243411539300304e-01 9.364787432302676962e-01 -0.000000000000000000e+00 -4.951125717163085938e+01 -0.000000000000000000e+00 0.000000000000000000e+00 1.000000000000000000e+00 0.000000000000000000e+00
9.355488449649254079e-01 3.531973367464623648e-01 0.000000000000000000e+00 2.430985870361328125e+02 -3.531973367464623648e-01 9.355488449649254079e-01 -0.000000000000000000e+00 -5.061104583740234375e+01 -0.000000000000000000e+00 0.000000000000000000e+00 1.000000000000000000e+00 0.000000000000000000e+00
9.346015530412823402e-01 3.556964113578080511e-01 0.000000000000000000e+00 2.459741210937500000e+02 -3.556964113578080511e-01 9.346015530412823402e-01 -0.000000000000000000e+00 -5.172600555419921875e+01 -0.000000000000000000e+00 0.000000000000000000e+00 1.000000000000000000e+00 0.000000000000000000e+00
9.336067575322207768e-01 3.582993473203282542e-01 0.000000000000000000e+00 2.488563385009765625e+02 -3.582993473203282542e-01 9.336067575322207768e-01 -0.000000000000000000e+00 -5.285174942016601562e+01 -0.000000000000000000e+00 0.000000000000000000e+00 1.000000000000000000e+00 0.000000000000000000e+00
9.336067575322207768e-01 3.582993473203282542e-01 0.000000000000000000e+00 2.488563385009765625e+02 -3.582993473203282542e-01 9.336067575322207768e-01 -0.000000000000000000e+00 -5.285174942016601562e+01 -0.000000000000000000e+00 0.000000000000000000e+00 1.000000000000000000e+00 0.000000000000000000e+00
9.332012332151344847e-01 3.593542240265893417e-01 0.000000000000000000e+00 2.540390930175781250e+02 -3.593542240265893417e-01 9.332012332151344847e-01 -0.000000000000000000e+00 -5.483979415893554688e+01 -0.000000000000000000e+00 0.000000000000000000e+00 1.000000000000000000e+00 0.000000000000000000e+00
9.323332916984519159e-01 3.616001012039810614e-01 0.000000000000000000e+00 2.592723693847656250e+02 -3.616001012039810614e-01 9.323332916984519159e-01 -0.000000000000000000e+00 -5.671292495727539062e+01 -0.000000000000000000e+00 0.000000000000000000e+00 1.000000000000000000e+00 0.000000000000000000e+00
9.316273828130530177e-01 3.634149413451531196e-01 0.000000000000000000e+00 2.621537170410156250e+02 -3.634149413451531196e-01 9.316273828130530177e-01 -0.000000000000000000e+00 -5.781435775756835938e+01 -0.000000000000000000e+00 0.000000000000000000e+00 1.000000000000000000e+00 0.000000000000000000e+00
9.310672656953558057e-01 3.648475664583413214e-01 0.000000000000000000e+00 2.650075073242187500e+02 -3.648475664583413214e-01 9.310672656953558057e-01 -0.000000000000000000e+00 -5.891361618041992188e+01 -0.000000000000000000e+00 0.000000000000000000e+00 1.000000000000000000e+00 0.000000000000000000e+00
9.306477577812786173e-01 3.659163168494657947e-01 0.000000000000000000e+00 2.678139953613281250e+02 -3.659163168494657947e-01 9.306477577812786173e-01 -0.000000000000000000e+00 -6.001313018798828125e+01 -0.000000000000000000e+00 0.000000000000000000e+00 1.000000000000000000e+00 0.000000000000000000e+00
9.302889025434377679e-01 3.668276949802538600e-01 0.000000000000000000e+00 2.706043090820312500e+02 -3.668276949802538600e-01 9.302889025434377679e-01 -0.000000000000000000e+00 -6.111840057373046875e+01 -0.000000000000000000e+00 0.000000000000000000e+00 1.000000000000000000e+00 0.000000000000000000e+00
9.298983198629269253e-01 3.678166862937373716e-01 0.000000000000000000e+00 2.733943481445312500e+02 -3.678166862937373716e-01 9.298983198629269253e-01 -0.000000000000000000e+00 -6.222085189819335938e+01 -0.000000000000000000e+00 0.000000000000000000e+00 1.000000000000000000e+00 0.000000000000000000e+00
9.294801150580804805e-01 3.688722213878641853e-01 0.000000000000000000e+00 2.761932678222656250e+02 -3.688722213878641853e-01 9.294801150580804805e-01 -0.000000000000000000e+00 -6.331395721435546875e+01 -0.000000000000000000e+00 0.000000000000000000e+00 1.000000000000000000e+00 0.000000000000000000e+00
9.291452776723416740e-01 3.697148265612120177e-01 0.000000000000000000e+00 2.789925537109375000e+02 -3.697148265612120177e-01 9.291452776723416740e-01 -0.000000000000000000e+00 -6.441735076904296875e+01 -0.000000000000000000e+00 0.000000000000000000e+00 1.000000000000000000e+00 0.000000000000000000e+00
9.288499886122436600e-01 3.704560684548639515e-01 0.000000000000000000e+00 2.817901916503906250e+02 -3.704560684548639515e-01 9.288499886122436600e-01 -0.000000000000000000e+00 -6.552561950683593750e+01 -0.000000000000000000e+00 0.000000000000000000e+00 1.000000000000000000e+00 0.000000000000000000e+00
9.297502303123471590e-01 3.681908597916812020e-01 0.000000000000000000e+00 2.868569030761718750e+02 -3.681908597916812020e-01 9.297502303123471590e-01 -0.000000000000000000e+00 -6.771583557128906250e+01 -0.000000000000000000e+00 0.000000000000000000e+00 1.000000000000000000e+00 0.000000000000000000e+00
9.297502303123471590e-01 3.681908597916812020e-01 0.000000000000000000e+00 2.868569030761718750e+02 -3.681908597916812020e-01 9.297502303123471590e-01 -0.000000000000000000e+00 -6.771583557128906250e+01 -0.000000000000000000e+00 0.000000000000000000e+00 1.000000000000000000e+00 0.000000000000000000e+00
9.293336673339849252e-01 3.692410252931901948e-01 0.000000000000000000e+00 2.896506042480468750e+02 -3.692410252931901948e-01 9.293336673339849252e-01 -0.000000000000000000e+00 -6.885294342041015625e+01 -0.000000000000000000e+00 0.000000000000000000e+00 1.000000000000000000e+00 0.000000000000000000e+00
9.292650984930724833e-01 3.694135578490050920e-01 0.000000000000000000e+00 2.924244689941406250e+02 -3.694135578490050920e-01 9.292650984930724833e-01 -0.000000000000000000e+00 -7.005177307128906250e+01 -0.000000000000000000e+00 0.000000000000000000e+00 1.000000000000000000e+00 0.000000000000000000e+00
9.289548181385713921e-01 3.701931196782751177e-01 0.000000000000000000e+00 2.952388610839843750e+02 -3.701931196782751177e-01 9.289548181385713921e-01 -0.000000000000000000e+00 -7.123094940185546875e+01 -0.000000000000000000e+00 0.000000000000000000e+00 1.000000000000000000e+00 0.000000000000000000e+00
9.285984294679096029e-01 3.710861851237953202e-01 0.000000000000000000e+00 2.980688476562500000e+02 -3.710861851237953202e-01 9.285984294679096029e-01 -0.000000000000000000e+00 -7.241759490966796875e+01 -0.000000000000000000e+00 0.000000000000000000e+00 1.000000000000000000e+00 0.000000000000000000e+00
9.282427681557109400e-01 3.719749499181672636e-01 0.000000000000000000e+00 3.009034729003906250e+02 -3.719749499181672636e-01 9.282427681557109400e-01 -0.000000000000000000e+00 -7.360935974121093750e+01 -0.000000000000000000e+00 0.000000000000000000e+00 1.000000000000000000e+00 0.000000000000000000e+00
9.279673374491879123e-01 3.726615362865680070e-01 0.000000000000000000e+00 3.037353515625000000e+02 -3.726615362865680070e-01 9.279673374491879123e-01 -0.000000000000000000e+00 -7.481784820556640625e+01 -0.000000000000000000e+00 0.000000000000000000e+00 1.000000000000000000e+00 0.000000000000000000e+00
9.277737748355270320e-01 3.731431665291979893e-01 0.000000000000000000e+00 3.065647888183593750e+02 -3.731431665291979893e-01 9.277737748355270320e-01 -0.000000000000000000e+00 -7.604271697998046875e+01 -0.000000000000000000e+00 0.000000000000000000e+00 1.000000000000000000e+00 0.000000000000000000e+00
9.278411206070997785e-01 3.729756760307048058e-01 0.000000000000000000e+00 3.092439270019531250e+02 -3.729756760307048058e-01 9.278411206070997785e-01 -0.000000000000000000e+00 -7.717628479003906250e+01 -0.000000000000000000e+00 0.000000000000000000e+00 1.000000000000000000e+00 0.000000000000000000e+00
9.280553258723414078e-01 3.724423608022885968e-01 0.000000000000000000e+00 3.119438476562500000e+02 -3.724423608022885968e-01 9.280553258723414078e-01 -0.000000000000000000e+00 -7.839830017089843750e+01 -0.000000000000000000e+00 0.000000000000000000e+00 1.000000000000000000e+00 0.000000000000000000e+00
9.279604685820485033e-01 3.726786400492856366e-01 0.000000000000000000e+00 3.147370605468750000e+02 -3.726786400492856366e-01 9.279604685820485033e-01 -0.000000000000000000e+00 -7.962496185302734375e+01 -0.000000000000000000e+00 0.000000000000000000e+00 1.000000000000000000e+00 0.000000000000000000e+00
9.278438151230101738e-01 3.729689728891363298e-01 0.000000000000000000e+00 3.175230712890625000e+02 -3.729689728891363298e-01 9.278438151230101738e-01 -0.000000000000000000e+00 -8.084278106689453125e+01 -0.000000000000000000e+00 0.000000000000000000e+00 1.000000000000000000e+00 0.000000000000000000e+00
9.277070292166165189e-01 3.733090783011843161e-01 0.000000000000000000e+00 3.202877502441406250e+02 -3.733090783011843161e-01 9.277070292166165189e-01 -0.000000000000000000e+00 -8.204390716552734375e+01 -0.000000000000000000e+00 0.000000000000000000e+00 1.000000000000000000e+00 0.000000000000000000e+00
9.277467897277472675e-01 3.732102546150882771e-01 0.000000000000000000e+00 3.228899841308593750e+02 -3.732102546150882771e-01 9.277467897277472675e-01 -0.000000000000000000e+00 -8.310871887207031250e+01 -0.000000000000000000e+00 0.000000000000000000e+00 1.000000000000000000e+00 0.000000000000000000e+00
9.276915227723931956e-01 3.733476109154018618e-01 0.000000000000000000e+00 3.254786071777343750e+02 -3.733476109154018618e-01 9.276915227723931956e-01 -0.000000000000000000e+00 -8.417661285400390625e+01 -0.000000000000000000e+00 0.000000000000000000e+00 1.000000000000000000e+00 0.000000000000000000e+00
9.273410814301767946e-01 3.742172079045941180e-01 0.000000000000000000e+00 3.279033508300781250e+02 -3.742172079045941180e-01 9.273410814301767946e-01 -0.000000000000000000e+00 -8.516342926025390625e+01 -0.000000000000000000e+00 0.000000000000000000e+00 1.000000000000000000e+00 0.000000000000000000e+00
9.271090265830469468e-01 3.747917459446448718e-01 0.000000000000000000e+00 3.302463073730468750e+02 -3.747917459446448718e-01 9.271090265830469468e-01 -0.000000000000000000e+00 -8.615142059326171875e+01 -0.000000000000000000e+00 0.000000000000000000e+00 1.000000000000000000e+00 0.000000000000000000e+00
9.268743531669280111e-01 3.753717270138879902e-01 0.000000000000000000e+00 3.326505432128906250e+02 -3.753717270138879902e-01 9.268743531669280111e-01 -0.000000000000000000e+00 -8.715692901611328125e+01 -0.000000000000000000e+00 0.000000000000000000e+00 1.000000000000000000e+00 0.000000000000000000e+00
9.277584555620097539e-01 3.731812537269180718e-01 0.000000000000000000e+00 3.352413330078125000e+02 -3.731812537269180718e-01 9.277584555620097539e-01 -0.000000000000000000e+00 -8.837687683105468750e+01 -0.000000000000000000e+00 0.000000000000000000e+00 1.000000000000000000e+00 0.000000000000000000e+00
9.276632249773142380e-01 3.734179173857207212e-01 0.000000000000000000e+00 3.378842163085937500e+02 -3.734179173857207212e-01 9.276632249773142380e-01 -0.000000000000000000e+00 -8.950318145751953125e+01 -0.000000000000000000e+00 0.000000000000000000e+00 1.000000000000000000e+00 0.000000000000000000e+00
9.278073431265437820e-01 3.730596923288067579e-01 0.000000000000000000e+00 3.405876770019531250e+02 -3.730596923288067579e-01 9.278073431265437820e-01 -0.000000000000000000e+00 -9.073969268798828125e+01 -0.000000000000000000e+00 0.000000000000000000e+00 1.000000000000000000e+00 0.000000000000000000e+00
9.278770672068130665e-01 3.728862402284151001e-01 0.000000000000000000e+00 3.432351074218750000e+02 -3.728862402284151001e-01 9.278770672068130665e-01 -0.000000000000000000e+00 -9.197522735595703125e+01 -0.000000000000000000e+00 0.000000000000000000e+00 1.000000000000000000e+00 0.000000000000000000e+00
9.282053344581806531e-01 3.720683500156616308e-01 0.000000000000000000e+00 3.457506408691406250e+02 -3.720683500156616308e-01 9.282053344581806531e-01 -0.000000000000000000e+00 -9.319737243652343750e+01 -0.000000000000000000e+00 0.000000000000000000e+00 1.000000000000000000e+00 0.000000000000000000e+00
9.282053344581806531e-01 3.720683500156616308e-01 0.000000000000000000e+00 3.457506408691406250e+02 -3.720683500156616308e-01 9.282053344581806531e-01 -0.000000000000000000e+00 -9.319737243652343750e+01 -0.000000000000000000e+00 0.000000000000000000e+00 1.000000000000000000e+00 0.000000000000000000e+00
9.300410058565993232e-01 3.674557489348137529e-01 0.000000000000000000e+00 3.499783935546875000e+02 -3.674557489348137529e-01 9.300410058565993232e-01 -0.000000000000000000e+00 -9.531479644775390625e+01 -0.000000000000000000e+00 0.000000000000000000e+00 1.000000000000000000e+00 0.000000000000000000e+00
9.319861760713162857e-01 3.624938173430899968e-01 0.000000000000000000e+00 3.519038085937500000e+02 -3.624938173430899968e-01 9.319861760713162857e-01 -0.000000000000000000e+00 -9.643457794189453125e+01 -0.000000000000000000e+00 0.000000000000000000e+00 1.000000000000000000e+00 0.000000000000000000e+00
9.337820004844756827e-01 3.578423892878129786e-01 0.000000000000000000e+00 3.538023681640625000e+02 -3.578423892878129786e-01 9.337820004844756827e-01 -0.000000000000000000e+00 -9.753807830810546875e+01 -0.000000000000000000e+00 0.000000000000000000e+00 1.000000000000000000e+00 0.000000000000000000e+00
9.352613919934318343e-01 3.539578063081929016e-01 0.000000000000000000e+00 3.557220764160156250e+02 -3.539578063081929016e-01 9.352613919934318343e-01 -0.000000000000000000e+00 -9.862575531005859375e+01 -0.000000000000000000e+00 0.000000000000000000e+00 1.000000000000000000e+00 0.000000000000000000e+00
9.364580033386343816e-01 3.507797143265533046e-01 0.000000000000000000e+00 3.576728820800781250e+02 -3.507797143265533046e-01 9.364580033386343816e-01 -0.000000000000000000e+00 -9.971594238281250000e+01 -0.000000000000000000e+00 0.000000000000000000e+00 1.000000000000000000e+00 0.000000000000000000e+00
9.372185076376717827e-01 3.487426973305897127e-01 0.000000000000000000e+00 3.596352233886718750e+02 -3.487426973305897127e-01 9.372185076376717827e-01 -0.000000000000000000e+00 -1.007870025634765625e+02 -0.000000000000000000e+00 0.000000000000000000e+00 1.000000000000000000e+00 0.000000000000000000e+00
9.371858338096976659e-01 3.488304930857129560e-01 0.000000000000000000e+00 3.621661376953125000e+02 -3.488304930857129560e-01 9.371858338096976659e-01 -0.000000000000000000e+00 -1.018967132568359375e+02 -0.000000000000000000e+00 0.000000000000000000e+00 1.000000000000000000e+00 0.000000000000000000e+00
9.371858338096976659e-01 3.488304930857129560e-01 0.000000000000000000e+00 3.621661376953125000e+02 -3.488304930857129560e-01 9.371858338096976659e-01 -0.000000000000000000e+00 -1.018967132568359375e+02 -0.000000000000000000e+00 0.000000000000000000e+00 1.000000000000000000e+00 0.000000000000000000e+00
9.365703426348197524e-01 3.504796617450095519e-01 0.000000000000000000e+00 3.666878967285156250e+02 -3.504796617450095519e-01 9.365703426348197524e-01 -0.000000000000000000e+00 -1.038527603149414062e+02 -0.000000000000000000e+00 0.000000000000000000e+00 1.000000000000000000e+00 0.000000000000000000e+00
