-7.841269092655716033e-01 -6.206005077065458453e-01 0.000000000000000000e+00 0.000000000000000000e+00 6.206005077065458453e-01 -7.841269092655716033e-01 0.000000000000000000e+00 0.000000000000000000e+00 0.000000000000000000e+00 0.000000000000000000e+00 1.000000000000000000e+00 0.000000000000000000e+00
-7.841269067365004286e-01 -6.206005109020197308e-01 0.000000000000000000e+00 0.000000000000000000e+00 6.206005109020197308e-01 -7.841269067365004286e-01 0.000000000000000000e+00 0.000000000000000000e+00 0.000000000000000000e+00 0.000000000000000000e+00 1.000000000000000000e+00 0.000000000000000000e+00
-7.841269067365004286e-01 -6.206005109020197308e-01 0.000000000000000000e+00 -2.041557550430297852e+00 6.206005109020197308e-01 -7.841269067365004286e-01 0.000000000000000000e+00 1.713635921478271484e+00 0.000000000000000000e+00 0.000000000000000000e+00 1.000000000000000000e+00 0.000000000000000000e+00
-7.840185686408280841e-01 -6.207373712178014813e-01 0.000000000000000000e+00 -4.082604885101318359e+00 6.207373712178014813e-01 -7.840185686408280841e-01 0.000000000000000000e+00 3.248016595840454102e+00 0.000000000000000000e+00 0.000000000000000000e+00 1.000000000000000000e+00 0.000000000000000000e+00
-7.838018380525237916e-01 -6.210110133206051541e-01 0.000000000000000000e+00 -6.003623485565185547e+00 6.210110133206051541e-01 -7.838018380525237916e-01 0.000000000000000000e+00 4.785950183868408203e+00 0.000000000000000000e+00 0.000000000000000000e+00 1.000000000000000000e+00 0.000000000000000000e+00
-7.836934697066206823e-01 -6.211477646576523126e-01 0.000000000000000000e+00 -8.040601730346679688e+00 6.211477646576523126e-01 -7.836934697066206823e-01 0.000000000000000000e+00 6.505671501159667969e+00 0.000000000000000000e+00 0.000000000000000000e+00 1.000000000000000000e+00 0.000000000000000000e+00
-7.834766046221923741e-01 -6.214212822310483109e-01 0.000000000000000000e+00 -9.961610794067382812e+00 6.214212822310483109e-01 -7.834766046221923741e-01 0.000000000000000000e+00 8.043601989746093750e+00 0.000000000000000000e+00 0.000000000000000000e+00 1.000000000000000000e+00 0.000000000000000000e+00
-7.830425425700440201e-01 -6.219681475167685436e-01 0.000000000000000000e+00 -1.198484039306640625e+01 6.219681475167685436e-01 -7.830425425700440201e-01 0.000000000000000000e+00 9.781560897827148438e+00 0.000000000000000000e+00 0.000000000000000000e+00 1.000000000000000000e+00 0.000000000000000000e+00
-7.820645991682477760e-01 -6.231973706040552230e-01 0.000000000000000000e+00 -1.387371540069580078e+01 6.231973706040552230e-01 -7.820645991682477760e-01 0.000000000000000000e+00 1.136199855804443359e+01 0.000000000000000000e+00 0.000000000000000000e+00 1.000000000000000000e+00 0.000000000000000000e+00
-7.816293488324042027e-01 -6.237431851682487816e-01 0.000000000000000000e+00 -1.589688682556152344e+01 6.237431851682487816e-01 -7.816293488324042027e-01 0.000000000000000000e+00 1.309991741180419922e+01 0.000000000000000000e+00 0.000000000000000000e+00 1.000000000000000000e+00 0.000000000000000000e+00
-7.804304173042371229e-01 -6.252426438962199740e-01 0.000000000000000000e+00 -1.789187431335449219e+01 6.252426438962199740e-01 -7.804304173042371229e-01 0.000000000000000000e+00 1.469491386413574219e+01 0.000000000000000000e+00 0.000000000000000000e+00 1.000000000000000000e+00 0.000000000000000000e+00
-7.799937332885460428e-01 -6.257873249200538446e-01 0.000000000000000000e+00 -1.980359077453613281e+01 6.257873249200538446e-01 -7.799937332885460428e-01 0.000000000000000000e+00 1.624491310119628906e+01 0.000000000000000000e+00 0.000000000000000000e+00 1.000000000000000000e+00 0.000000000000000000e+00
-7.795566323757920912e-01 -6.263317466957220025e-01 0.000000000000000000e+00 -2.182667732238769531e+01 6.263317466957220025e-01 -7.795566323757920912e-01 0.000000000000000000e+00 1.798277282714843750e+01 0.000000000000000000e+00 0.000000000000000000e+00 1.000000000000000000e+00 0.000000000000000000e+00
-7.789003266891361132e-01 -6.271477346555249799e-01 0.000000000000000000e+00 -2.384456825256347656e+01 6.271477346555249799e-01 -7.789003266891361132e-01 0.000000000000000000e+00 1.954737663269042969e+01 0.000000000000000000e+00 0.000000000000000000e+00 1.000000000000000000e+00 0.000000000000000000e+00
-7.786813533344540961e-01 -6.274195964179181129e-01 0.000000000000000000e+00 -2.576140975952148438e+01 6.274195964179181129e-01 -7.786813533344540961e-01 0.000000000000000000e+00 2.127058410644531250e+01 0.000000000000000000e+00 0.000000000000000000e+00 1.000000000000000000e+00 0.000000000000000000e+00
-7.786813533344540961e-01 -6.274195964179181129e-01 0.000000000000000000e+00 -2.768750000000000000e+01 6.274195964179181129e-01 -7.786813533344540961e-01 0.000000000000000000e+00 2.298169898986816406e+01 0.000000000000000000e+00 0.000000000000000000e+00 1.000000000000000000e+00 0.000000000000000000e+00
-7.785718396616156944e-01 -6.275554879737140768e-01 0.000000000000000000e+00 -2.972847747802734375e+01 6.275554879737140768e-01 -7.785718396616156944e-01 0.000000000000000000e+00 2.451605033874511719e+01 0.000000000000000000e+00 0.000000000000000000e+00 1.000000000000000000e+00 0.000000000000000000e+00
-7.792285989861571505e-01 -6.267398108641824006e-01 0.000000000000000000e+00 -3.168230056762695312e+01 6.267398108641824006e-01 -7.792285989861571505e-01 0.000000000000000000e+00 2.619088172912597656e+01 0.000000000000000000e+00 0.000000000000000000e+00 1.000000000000000000e+00 0.000000000000000000e+00
-7.796659444893234703e-01 -6.261956683047006367e-01 0.000000000000000000e+00 -3.362685775756835938e+01 6.261956683047006367e-01 -7.796659444893234703e-01 0.000000000000000000e+00 2.787779235839843750e+01 0.000000000000000000e+00 0.000000000000000000e+00 1.000000000000000000e+00 0.000000000000000000e+00
-7.802121054866797412e-01 -6.255150441452568266e-01 0.000000000000000000e+00 -3.569552230834960938e+01 6.255150441452568266e-01 -7.802121054866797412e-01 0.000000000000000000e+00 2.937582397460937500e+01 0.000000000000000000e+00 0.000000000000000000e+00 1.000000000000000000e+00 0.000000000000000000e+00
-7.802121054866797412e-01 -6.255150441452568266e-01 0.000000000000000000e+00 -3.762160491943359375e+01 6.255150441452568266e-01 -7.802121054866797412e-01 0.000000000000000000e+00 3.108694267272949219e+01 0.000000000000000000e+00 0.000000000000000000e+00 1.000000000000000000e+00 0.000000000000000000e+00
-7.805395078916532725e-01 -6.251064522305427307e-01 0.000000000000000000e+00 -3.967695999145507812e+01 6.251064522305427307e-01 -7.805395078916532725e-01 0.000000000000000000e+00 3.278242111206054688e+01 0.000000000000000000e+00 0.000000000000000000e+00 1.000000000000000000e+00 0.000000000000000000e+00
-7.804304173042371229e-01 -6.252426438962199740e-01 0.000000000000000000e+00 -4.159843444824218750e+01 6.252426438962199740e-01 -7.804304173042371229e-01 0.000000000000000000e+00 3.449959945678710938e+01 0.000000000000000000e+00 0.000000000000000000e+00 1.000000000000000000e+00 0.000000000000000000e+00
-7.806486052829986200e-01 -6.249702033454951344e-01 0.000000000000000000e+00 -4.353779220581054688e+01 6.249702033454951344e-01 -7.806486052829986200e-01 0.000000000000000000e+00 3.601325988769531250e+01 0.000000000000000000e+00 0.000000000000000000e+00 1.000000000000000000e+00 0.000000000000000000e+00
-7.813026446632105326e-01 -6.241523671686854957e-01 0.000000000000000000e+00 -4.560693740844726562e+01 6.241523671686854957e-01 -7.813026446632105326e-01 0.000000000000000000e+00 3.769053649902343750e+01 0.000000000000000000e+00 0.000000000000000000e+00 1.000000000000000000e+00 0.000000000000000000e+00
-7.813026446632105326e-01 -6.241523671686854957e-01 0.000000000000000000e+00 -4.753301239013671875e+01 6.241523671686854957e-01 -7.813026446632105326e-01 0.000000000000000000e+00 3.940166091918945312e+01 0.000000000000000000e+00 0.000000000000000000e+00 1.000000000000000000e+00 0.000000000000000000e+00
-7.819558320555901609e-01 -6.233338405014201555e-01 0.000000000000000000e+00 -4.960618211676842293e+01 6.233338405014201555e-01 -7.819558320555901609e-01 0.000000000000000000e+00 4.089356684511648155e+01 0.000000000000000000e+00 0.000000000000000000e+00 1.000000000000000000e+00 0.000000000000000000e+00
-7.826081379399649762e-01 -6.225146604138255269e-01 0.000000000000000000e+00 -5.155979537963867188e+01 6.225146604138255269e-01 -7.826081379399649762e-01 0.000000000000000000e+00 4.256825637817382812e+01 0.000000000000000000e+00 0.000000000000000000e+00 1.000000000000000000e+00 0.000000000000000000e+00
-7.833681320028478279e-01 -6.215580180179237635e-01 0.000000000000000000e+00 -5.351795196533203125e+01 6.215580180179237635e-01 -7.833681320028478279e-01 0.000000000000000000e+00 4.423683929443359375e+01 0.000000000000000000e+00 0.000000000000000000e+00 1.000000000000000000e+00 0.000000000000000000e+00
-7.841269092655716033e-01 -6.206005077065458453e-01 0.000000000000000000e+00 -5.547605177294462919e+01 6.206005077065458453e-01 -7.841269092655716033e-01 0.000000000000000000e+00 4.590538059081882238e+01 0.000000000000000000e+00 0.000000000000000000e+00 1.000000000000000000e+00 0.000000000000000000e+00
-7.845599753977909874e-01 -6.200529372592455957e-01 0.000000000000000000e+00 -5.753991699218750000e+01 6.200529372592455957e-01 -7.845599753977909874e-01 0.000000000000000000e+00 4.740934753417968750e+01 0.000000000000000000e+00 0.000000000000000000e+00 1.000000000000000000e+00 0.000000000000000000e+00
-7.923450989338749473e-01 -6.100731465942973442e-01 0.000000000000000000e+00 -5.932091903686523438e+01 6.100731465942973442e-01 -7.923450989338749473e-01 0.000000000000000000e+00 4.914221191406250000e+01 0.000000000000000000e+00 0.000000000000000000e+00 1.000000000000000000e+00 0.000000000000000000e+00
-7.904721854763900879e-01 -6.124979379460635531e-01 0.000000000000000000e+00 -6.133713531494140625e+01 6.124979379460635531e-01 -7.904721854763900879e-01 0.000000000000000000e+00 5.089652252197265625e+01 0.000000000000000000e+00 0.000000000000000000e+00 1.000000000000000000e+00 0.000000000000000000e+00
-7.893617792321785398e-01 -6.139283195026997708e-01 0.000000000000000000e+00 -6.335909652709960938e+01 6.139283195026997708e-01 -7.893617792321785398e-01 0.000000000000000000e+00 5.262779617309570312e+01 0.000000000000000000e+00 0.000000000000000000e+00 1.000000000000000000e+00 0.000000000000000000e+00
-7.887805314057969586e-01 -6.146749330135307110e-01 0.000000000000000000e+00 -6.538457489013671875e+01 6.146749330135307110e-01 -7.887805314057969586e-01 0.000000000000000000e+00 5.435993957519531250e+01 0.000000000000000000e+00 0.000000000000000000e+00 1.000000000000000000e+00 0.000000000000000000e+00
-7.885079944093968951e-01 -6.150245058145820121e-01 0.000000000000000000e+00 -6.740480804443359375e+01 6.150245058145820121e-01 -7.885079944093968951e-01 0.000000000000000000e+00 5.608784103393554688e+01 0.000000000000000000e+00 0.000000000000000000e+00 1.000000000000000000e+00 0.000000000000000000e+00
-7.884057005489739645e-01 -6.151556318053834627e-01 0.000000000000000000e+00 -6.942666625976562500e+01 6.151556318053834627e-01 -7.884057005489739645e-01 0.000000000000000000e+00 5.781100463867187500e+01 0.000000000000000000e+00 0.000000000000000000e+00 1.000000000000000000e+00 0.000000000000000000e+00
-7.884104368131645835e-01 -6.151495615897614178e-01 0.000000000000000000e+00 -7.144300842285156250e+01 6.151495615897614178e-01 -7.884104368131645835e-01 0.000000000000000000e+00 5.952297592163085938e+01 0.000000000000000000e+00 0.000000000000000000e+00 1.000000000000000000e+00 0.000000000000000000e+00
-7.884494947227378425e-01 -6.150994994888706602e-01 0.000000000000000000e+00 -7.322336578369140625e+01 6.150994994888706602e-01 -7.884494947227378425e-01 0.000000000000000000e+00 6.101203536987304688e+01 0.000000000000000000e+00 0.000000000000000000e+00 1.000000000000000000e+00 0.000000000000000000e+00
-7.885938450822023160e-01 -6.149144229065274248e-01 0.000000000000000000e+00 -7.526876831054687500e+01 6.149144229065274248e-01 -7.885938450822023160e-01 0.000000000000000000e+00 6.275212860107421875e+01 0.000000000000000000e+00 0.000000000000000000e+00 1.000000000000000000e+00 0.000000000000000000e+00
-7.887802612221701537e-01 -6.146752797260395251e-01 0.000000000000000000e+00 -7.729658508300781250e+01 6.146752797260395251e-01 -7.887802612221701537e-01 0.000000000000000000e+00 6.448141479492187500e+01 0.000000000000000000e+00 0.000000000000000000e+00 1.000000000000000000e+00 0.000000000000000000e+00
-7.890668961224922562e-01 -6.143072793347126304e-01 0.000000000000000000e+00 -7.932088470458984375e+01 6.143072793347126304e-01 -7.890668961224922562e-01 0.000000000000000000e+00 6.621807098388671875e+01 0.000000000000000000e+00 0.000000000000000000e+00 1.000000000000000000e+00 0.000000000000000000e+00
-7.893474585256643472e-01 -6.139467319882675467e-01 0.000000000000000000e+00 -8.133378601074218750e+01 6.139467319882675467e-01 -7.893474585256643472e-01 0.000000000000000000e+00 6.794364166259765625e+01 0.000000000000000000e+00 0.000000000000000000e+00 1.000000000000000000e+00 0.000000000000000000e+00
-7.896752637141666309e-01 -6.135250425842141420e-01 0.000000000000000000e+00 -8.333767700195312500e+01 6.135250425842141420e-01 -7.896752637141666309e-01 0.000000000000000000e+00 6.966692352294921875e+01 0.000000000000000000e+00 0.000000000000000000e+00 1.000000000000000000e+00 0.000000000000000000e+00
-7.899648415927114087e-01 -6.131521418436064463e-01 0.000000000000000000e+00 -8.533300781250000000e+01 6.131521418436064463e-01 -7.899648415927114087e-01 0.000000000000000000e+00 7.138119506835937500e+01 0.000000000000000000e+00 0.000000000000000000e+00 1.000000000000000000e+00 0.000000000000000000e+00
-7.903031108034352936e-01 -6.127160786648353508e-01 0.000000000000000000e+00 -8.732581329345703125e+01 6.127160786648353508e-01 -7.903031108034352936e-01 0.000000000000000000e+00 7.310491943359375000e+01 0.000000000000000000e+00 0.000000000000000000e+00 1.000000000000000000e+00 0.000000000000000000e+00
-7.904811046854245404e-01 -6.124864268988421401e-01 0.000000000000000000e+00 -8.933277893066406250e+01 6.124864268988421401e-01 -7.904811046854245404e-01 0.000000000000000000e+00 7.482221221923828125e+01 0.000000000000000000e+00 0.000000000000000000e+00 1.000000000000000000e+00 0.000000000000000000e+00
-7.906204671550762786e-01 -6.123065220259277242e-01 0.000000000000000000e+00 -9.127680969238281250e+01 6.123065220259277242e-01 -7.906204671550762786e-01 0.000000000000000000e+00 7.648323822021484375e+01 0.000000000000000000e+00 0.000000000000000000e+00 1.000000000000000000e+00 0.000000000000000000e+00
-7.907186729918200818e-01 -6.121796959897104484e-01 0.000000000000000000e+00 -9.322445678710937500e+01 6.121796959897104484e-01 -7.907186729918200818e-01 0.000000000000000000e+00 7.814229583740234375e+01 0.000000000000000000e+00 0.000000000000000000e+00 1.000000000000000000e+00 0.000000000000000000e+00
-7.907865498441266627e-01 -6.120920131692807464e-01 0.000000000000000000e+00 -9.517596435546875000e+01 6.120920131692807464e-01 -7.907865498441266627e-01 0.000000000000000000e+00 7.979800415039062500e+01 0.000000000000000000e+00 0.000000000000000000e+00 1.000000000000000000e+00 0.000000000000000000e+00
-7.908208623210559729e-01 -6.120476809185552147e-01 0.000000000000000000e+00 -9.713682556152343750e+01 6.120476809185552147e-01 -7.908208623210559729e-01 0.000000000000000000e+00 8.145600128173828125e+01 0.000000000000000000e+00 0.000000000000000000e+00 1.000000000000000000e+00 0.000000000000000000e+00
-7.909703004332870879e-01 -6.118545446692990053e-01 0.000000000000000000e+00 -9.909355163574218750e+01 6.118545446692990053e-01 -7.909703004332870879e-01 0.000000000000000000e+00 8.312222290039062500e+01 0.000000000000000000e+00 0.000000000000000000e+00 1.000000000000000000e+00 0.000000000000000000e+00
-7.910414785910619972e-01 -6.117625185874552285e-01 0.000000000000000000e+00 -1.010558013916015625e+02 6.117625185874552285e-01 -7.910414785910619972e-01 0.000000000000000000e+00 8.479415893554687500e+01 0.000000000000000000e+00 0.000000000000000000e+00 1.000000000000000000e+00 0.000000000000000000e+00
-7.910525339170939585e-01 -6.117482231959028294e-01 0.000000000000000000e+00 -1.030337066650390625e+02 6.117482231959028294e-01 -7.910525339170939585e-01 0.000000000000000000e+00 8.648400878906250000e+01 0.000000000000000000e+00 0.000000000000000000e+00 1.000000000000000000e+00 0.000000000000000000e+00
-7.907738115741251850e-01 -6.121084699042567134e-01 0.000000000000000000e+00 -1.069865646362304688e+02 6.121084699042567134e-01 -7.907738115741251850e-01 0.000000000000000000e+00 8.984364318847656250e+01 0.000000000000000000e+00 0.000000000000000000e+00 1.000000000000000000e+00 0.000000000000000000e+00
-7.907738115741251850e-01 -6.121084699042567134e-01 0.000000000000000000e+00 -1.069865646362304688e+02 6.121084699042567134e-01 -7.907738115741251850e-01 0.000000000000000000e+00 8.984364318847656250e+01 0.000000000000000000e+00 0.000000000000000000e+00 1.000000000000000000e+00 0.000000000000000000e+00
-7.907229645593223388e-01 -6.121741527690609530e-01 0.000000000000000000e+00 -1.089947357177734375e+02 6.121741527690609530e-01 -7.907229645593223388e-01 0.000000000000000000e+00 9.154884338378906250e+01 0.000000000000000000e+00 0.000000000000000000e+00 1.000000000000000000e+00 0.000000000000000000e+00
-7.907050644589477262e-01 -6.121972729757715337e-01 0.000000000000000000e+00 -1.110110321044921875e+02 6.121972729757715337e-01 -7.907050644589477262e-01 0.000000000000000000e+00 9.326497650146484375e+01 0.000000000000000000e+00 0.000000000000000000e+00 1.000000000000000000e+00 0.000000000000000000e+00
-7.908042137662609772e-01 -6.120691917500220569e-01 0.000000000000000000e+00 -1.150132217407226562e+02 6.120691917500220569e-01 -7.908042137662609772e-01 0.000000000000000000e+00 9.668621063232421875e+01 0.000000000000000000e+00 0.000000000000000000e+00 1.000000000000000000e+00 0.000000000000000000e+00
-7.908042137662609772e-01 -6.120691917500220569e-01 0.000000000000000000e+00 -1.150132217407226562e+02 6.120691917500220569e-01 -7.908042137662609772e-01 0.000000000000000000e+00 9.668621063232421875e+01 0.000000000000000000e+00 0.000000000000000000e+00 1.000000000000000000e+00 0.000000000000000000e+00
-7.909333619762413115e-01 -6.119022936000150237e-01 0.000000000000000000e+00 -1.170183105468750000e+02 6.119022936000150237e-01 -7.909333619762413115e-01 0.000000000000000000e+00 9.840805816650390625e+01 0.000000000000000000e+00 0.000000000000000000e+00 1.000000000000000000e+00 0.000000000000000000e+00
-7.910840126851863552e-01 -6.117075157899437565e-01 0.000000000000000000e+00 -1.190165710449218750e+02 6.117075157899437565e-01 -7.910840126851863552e-01 0.000000000000000000e+00 1.001236724853515625e+02 0.000000000000000000e+00 0.000000000000000000e+00 1.000000000000000000e+00 0.000000000000000000e+00
-7.912528926898529935e-01 -6.114890512592520144e-01 0.000000000000000000e+00 -1.210142517089843750e+02 6.114890512592520144e-01 -7.912528926898529935e-01 0.000000000000000000e+00 1.018376770019531250e+02 0.000000000000000000e+00 0.000000000000000000e+00 1.000000000000000000e+00 0.000000000000000000e+00
-7.914809886675500117e-01 -6.111937864358876205e-01 0.000000000000000000e+00 -1.230267562866210938e+02 6.111937864358876205e-01 -7.914809886675500117e-01 0.000000000000000000e+00 1.035639724731445312e+02 0.000000000000000000e+00 0.000000000000000000e+00 1.000000000000000000e+00 0.000000000000000000e+00
-7.917368934063926389e-01 -6.108622525735196707e-01 0.000000000000000000e+00 -1.250338745117187500e+02 6.108622525735196707e-01 -7.917368934063926389e-01 0.000000000000000000e+00 1.052855377197265625e+02 0.000000000000000000e+00 0.000000000000000000e+00 1.000000000000000000e+00 0.000000000000000000e+00
-7.920181481862129669e-01 -6.104975454034865523e-01 0.000000000000000000e+00 -1.270500488281250000e+02 6.104975454034865523e-01 -7.920181481862129669e-01 0.000000000000000000e+00 1.070146713256835938e+02 0.000000000000000000e+00 0.000000000000000000e+00 1.000000000000000000e+00 0.000000000000000000e+00
-7.923166487444306405e-01 -6.101100950831700453e-01 0.000000000000000000e+00 -1.290726776123046875e+02 6.101100950831700453e-01 -7.923166487444306405e-01 0.000000000000000000e+00 1.087486419677734375e+02 0.000000000000000000e+00 0.000000000000000000e+00 1.000000000000000000e+00 0.000000000000000000e+00
-7.925887783847218593e-01 -6.097565320507959408e-01 0.000000000000000000e+00 -1.310290679931640625e+02 6.097565320507959408e-01 -7.925887783847218593e-01 0.000000000000000000e+00 1.104249267578125000e+02 0.000000000000000000e+00 0.000000000000000000e+00 1.000000000000000000e+00 0.000000000000000000e+00
-7.932661583726816623e-01 -6.088750298547707107e-01 0.000000000000000000e+00 -1.349721984863281250e+02 6.088750298547707107e-01 -7.932661583726816623e-01 0.000000000000000000e+00 1.138075027465820312e+02 0.000000000000000000e+00 0.000000000000000000e+00 1.000000000000000000e+00 0.000000000000000000e+00
-7.932661583726816623e-01 -6.088750298547707107e-01 0.000000000000000000e+00 -1.349721984863281250e+02 6.088750298547707107e-01 -7.932661583726816623e-01 0.000000000000000000e+00 1.138075027465820312e+02 0.000000000000000000e+00 0.000000000000000000e+00 1.000000000000000000e+00 0.000000000000000000e+00
-7.936503847459730476e-01 -6.083741174578093380e-01 0.000000000000000000e+00 -1.369586334228515625e+02 6.083741174578093380e-01 -7.936503847459730476e-01 0.000000000000000000e+00 1.155102233886718750e+02 0.000000000000000000e+00 0.000000000000000000e+00 1.000000000000000000e+00 0.000000000000000000e+00
-7.941223944017363756e-01 -6.077578651976902613e-01 0.000000000000000000e+00 -1.389455261230468750e+02 6.077578651976902613e-01 -7.941223944017363756e-01 0.000000000000000000e+00 1.172159042358398438e+02 0.000000000000000000e+00 0.000000000000000000e+00 1.000000000000000000e+00 0.000000000000000000e+00
-7.946028499825392721e-01 -6.071295667315391720e-01 0.000000000000000000e+00 -1.409422760009765625e+02 6.071295667315391720e-01 -7.946028499825392721e-01 0.000000000000000000e+00 1.189283142089843750e+02 0.000000000000000000e+00 0.000000000000000000e+00 1.000000000000000000e+00 0.000000000000000000e+00
-7.951642557574669645e-01 -6.063941015261224976e-01 0.000000000000000000e+00 -1.429482421875000000e+02 6.063941015261224976e-01 -7.951642557574669645e-01 0.000000000000000000e+00 1.206509704589843750e+02 0.000000000000000000e+00 0.000000000000000000e+00 1.000000000000000000e+00 0.000000000000000000e+00
-7.957561032734885575e-01 -6.056172257317267160e-01 0.000000000000000000e+00 -1.449670104980468750e+02 6.056172257317267160e-01 -7.957561032734885575e-01 0.000000000000000000e+00 1.223786849975585938e+02 0.000000000000000000e+00 0.000000000000000000e+00 1.000000000000000000e+00 0.000000000000000000e+00
-7.963584947739468234e-01 -6.048248901966373214e-01 0.000000000000000000e+00 -1.469899749755859375e+02 6.048248901966373214e-01 -7.963584947739468234e-01 0.000000000000000000e+00 1.241175155639648438e+02 0.000000000000000000e+00 0.000000000000000000e+00 1.000000000000000000e+00 0.000000000000000000e+00
-7.969768436487481011e-01 -6.040098597603175135e-01 0.000000000000000000e+00 -1.490160064697265625e+02 6.040098597603175135e-01 -7.969768436487481011e-01 0.000000000000000000e+00 1.258644638061523438e+02 0.000000000000000000e+00 0.000000000000000000e+00 1.000000000000000000e+00 0.000000000000000000e+00
-7.969768436487481011e-01 -6.040098597603175135e-01 0.000000000000000000e+00 -1.490160064697265625e+02 6.040098597603175135e-01 -7.969768436487481011e-01 0.000000000000000000e+00 1.258644638061523438e+02 0.000000000000000000e+00 0.000000000000000000e+00 1.000000000000000000e+00 0.000000000000000000e+00
-7.981431237513094690e-01 -6.024678862881420738e-01 0.000000000000000000e+00 -1.527890777587890625e+02 6.024678862881420738e-01 -7.981431237513094690e-01 0.000000000000000000e+00 1.291474456787109375e+02 0.000000000000000000e+00 0.000000000000000000e+00 1.000000000000000000e+00 0.000000000000000000e+00
-7.983246947969089291e-01 -6.022272674642207280e-01 0.000000000000000000e+00 -1.548418731689453125e+02 6.022272674642207280e-01 -7.983246947969089291e-01 0.000000000000000000e+00 1.309064788818359375e+02 0.000000000000000000e+00 0.000000000000000000e+00 1.000000000000000000e+00 0.000000000000000000e+00
-7.985497802769625508e-01 -6.019287735435271403e-01 0.000000000000000000e+00 -1.568890380859375000e+02 6.019287735435271403e-01 -7.985497802769625508e-01 0.000000000000000000e+00 1.326576995849609375e+02 0.000000000000000000e+00 0.000000000000000000e+00 1.000000000000000000e+00 0.000000000000000000e+00
-7.987755034114736308e-01 -6.016292007123218433e-01 0.000000000000000000e+00 -1.589318695068359375e+02 6.016292007123218433e-01 -7.987755034114736308e-01 0.000000000000000000e+00 1.344102630615234375e+02 0.000000000000000000e+00 0.000000000000000000e+00 1.000000000000000000e+00 0.000000000000000000e+00
-7.991729432517309384e-01 -6.011011618474587648e-01 0.000000000000000000e+00 -1.609618072509765625e+02 6.011011618474587648e-01 -7.991729432517309384e-01 0.000000000000000000e+00 1.361629943847656250e+02 0.000000000000000000e+00 0.000000000000000000e+00 1.000000000000000000e+00 0.000000000000000000e+00
-7.996513467782184748e-01 -6.004645897934219878e-01 0.000000000000000000e+00 -1.630095214843750000e+02 6.004645897934219878e-01 -7.996513467782184748e-01 0.000000000000000000e+00 1.379260101318359375e+02 0.000000000000000000e+00 0.000000000000000000e+00 1.000000000000000000e+00 0.000000000000000000e+00
-8.001928051395990060e-01 -5.997428403931300833e-01 0.000000000000000000e+00 -1.650669860839843750e+02 5.997428403931300833e-01 -8.001928051395990060e-01 0.000000000000000000e+00 1.396940765380859375e+02 0.000000000000000000e+00 0.000000000000000000e+00 1.000000000000000000e+00 0.000000000000000000e+00
-8.008665007885209519e-01 -5.988429242420333365e-01 0.000000000000000000e+00 -1.671239776611328125e+02 5.988429242420333365e-01 -8.008665007885209519e-01 0.000000000000000000e+00 1.414750518798828125e+02 0.000000000000000000e+00 0.000000000000000000e+00 1.000000000000000000e+00 0.000000000000000000e+00
-8.016517633639974605e-01 -5.977913099865146407e-01 0.000000000000000000e+00 -1.691766204833984375e+02 5.977913099865146407e-01 -8.016517633639974605e-01 0.000000000000000000e+00 1.432609710693359375e+02 0.000000000000000000e+00 0.000000000000000000e+00 1.000000000000000000e+00 0.000000000000000000e+00
-8.024374843471215879e-01 -5.967361927306424896e-01 0.000000000000000000e+00 -1.711699829101562500e+02 5.967361927306424896e-01 -8.024374843471215879e-01 0.000000000000000000e+00 1.449943542480468750e+02 0.000000000000000000e+00 0.000000000000000000e+00 1.000000000000000000e+00 0.000000000000000000e+00
-8.032808975355283376e-01 -5.956003690852761379e-01 0.000000000000000000e+00 -1.731755981445312500e+02 5.956003690852761379e-01 -8.032808975355283376e-01 0.000000000000000000e+00 1.467311248779296875e+02 0.000000000000000000e+00 0.000000000000000000e+00 1.000000000000000000e+00 0.000000000000000000e+00
-8.040778024419201753e-01 -5.945240849790460747e-01 0.000000000000000000e+00 -1.752007141113281250e+02 5.945240849790460747e-01 -8.040778024419201753e-01 0.000000000000000000e+00 1.484707794189453125e+02 0.000000000000000000e+00 0.000000000000000000e+00 1.000000000000000000e+00 0.000000000000000000e+00
-8.048167880076384506e-01 -5.935233253555144417e-01 0.000000000000000000e+00 -1.772390289306640625e+02 5.935233253555144417e-01 -8.048167880076384506e-01 0.000000000000000000e+00 1.502146911621093750e+02 0.000000000000000000e+00 0.000000000000000000e+00 1.000000000000000000e+00 0.000000000000000000e+00
-8.054874322603839953e-01 -5.926128554719125585e-01 0.000000000000000000e+00 -1.792942810058593750e+02 5.926128554719125585e-01 -8.054874322603839953e-01 0.000000000000000000e+00 1.519633026123046875e+02 0.000000000000000000e+00 0.000000000000000000e+00 1.000000000000000000e+00 0.000000000000000000e+00
-8.060173735741997803e-01 -5.918918765252216829e-01 0.000000000000000000e+00 -1.813629150390625000e+02 5.918918765252216829e-01 -8.060173735741997803e-01 0.000000000000000000e+00 1.537024841308593750e+02 0.000000000000000000e+00 0.000000000000000000e+00 1.000000000000000000e+00 0.000000000000000000e+00
-8.064777534920004598e-01 -5.912644358681614642e-01 0.000000000000000000e+00 -1.834506530761718750e+02 5.912644358681614642e-01 -8.064777534920004598e-01 0.000000000000000000e+00 1.554425811767578125e+02 0.000000000000000000e+00 0.000000000000000000e+00 1.000000000000000000e+00 0.000000000000000000e+00
-8.069063854367155564e-01 -5.906793420642498793e-01 0.000000000000000000e+00 -1.855544891357421875e+02 5.906793420642498793e-01 -8.069063854367155564e-01 0.000000000000000000e+00 1.571885528564453125e+02 0.000000000000000000e+00 0.000000000000000000e+00 1.000000000000000000e+00 0.000000000000000000e+00
-8.069063854367155564e-01 -5.906793420642498793e-01 0.000000000000000000e+00 -1.855544891357421875e+02 5.906793420642498793e-01 -8.069063854367155564e-01 0.000000000000000000e+00 1.571885528564453125e+02 0.000000000000000000e+00 0.000000000000000000e+00 1.000000000000000000e+00 0.000000000000000000e+00
-8.080787296751648086e-01 -5.890745000817564359e-01 0.000000000000000000e+00 -1.894320678710937500e+02 5.890745000817564359e-01 -8.080787296751648086e-01 0.000000000000000000e+00 1.604492187500000000e+02 0.000000000000000000e+00 0.000000000000000000e+00 1.000000000000000000e+00 0.000000000000000000e+00
-8.080338426459461321e-01 -5.891360701390013777e-01 0.000000000000000000e+00 -1.915880279541015625e+02 5.891360701390013777e-01 -8.080338426459461321e-01 0.000000000000000000e+00 1.621984558105468750e+02 0.000000000000000000e+00 0.000000000000000000e+00 1.000000000000000000e+00 0.000000000000000000e+00
-8.080293210331515041e-01 -5.891422717397754028e-01 0.000000000000000000e+00 -1.933754577636718750e+02 5.891422717397754028e-01 -8.080293210331515041e-01 0.000000000000000000e+00 1.636419677734375000e+02 0.000000000000000000e+00 0.000000000000000000e+00 1.000000000000000000e+00 0.000000000000000000e+00
-8.080293210331515041e-01 -5.891422717397754028e-01 0.000000000000000000e+00 -1.933754577636718750e+02 5.891422717397754028e-01 -8.080293210331515041e-01 0.000000000000000000e+00 1.636419677734375000e+02 0.000000000000000000e+00 0.000000000000000000e+00 1.000000000000000000e+00 0.000000000000000000e+00
-8.082916893296485661e-01 -5.887822559831634717e-01 0.000000000000000000e+00 -1.972092895507812500e+02 5.887822559831634717e-01 -8.082916893296485661e-01 0.000000000000000000e+00 1.668043670654296875e+02 0.000000000000000000e+00 0.000000000000000000e+00 1.000000000000000000e+00 0.000000000000000000e+00
-8.075581889888412412e-01 -5.897879037391863255e-01 0.000000000000000000e+00 -1.993978881835937500e+02 5.897879037391863255e-01 -8.075581889888412412e-01 0.000000000000000000e+00 1.685342712402343750e+02 0.000000000000000000e+00 0.000000000000000000e+00 1.000000000000000000e+00 0.000000000000000000e+00
-8.065580682002855273e-01 -5.911548719422212717e-01 0.000000000000000000e+00 -2.015969848632812500e+02 5.911548719422212717e-01 -8.065580682002855273e-01 0.000000000000000000e+00 1.702541046142578125e+02 0.000000000000000000e+00 0.000000000000000000e+00 1.000000000000000000e+00 0.000000000000000000e+00
-8.054936537579189260e-01 -5.926043990350707835e-01 0.000000000000000000e+00 -2.037998657226562500e+02 5.926043990350707835e-01 -8.054936537579189260e-01 0.000000000000000000e+00 1.719787292480468750e+02 0.000000000000000000e+00 0.000000000000000000e+00 1.000000000000000000e+00 0.000000000000000000e+00
-8.043445630221182086e-01 -5.941631290620084105e-01 0.000000000000000000e+00 -2.060106201171875000e+02 5.941631290620084105e-01 -8.043445630221182086e-01 0.000000000000000000e+00 1.737033691406250000e+02 0.000000000000000000e+00 0.000000000000000000e+00 1.000000000000000000e+00 0.000000000000000000e+00
-8.033502277285846649e-01 -5.955068526964498732e-01 0.000000000000000000e+00 -2.082234954833984375e+02 5.955068526964498732e-01 -8.033502277285846649e-01 0.000000000000000000e+00 1.754435424804687500e+02 0.000000000000000000e+00 0.000000000000000000e+00 1.000000000000000000e+00 0.000000000000000000e+00
-8.023370187896778916e-01 -5.968712660864927688e-01 0.000000000000000000e+00 -2.104402770996093750e+02 5.968712660864927688e-01 -8.023370187896778916e-01 0.000000000000000000e+00 1.771867980957031250e+02 0.000000000000000000e+00 0.000000000000000000e+00 1.000000000000000000e+00 0.000000000000000000e+00
-8.009781751414508655e-01 -5.986935467725303939e-01 0.000000000000000000e+00 -2.126469726562500000e+02 5.986935467725303939e-01 -8.009781751414508655e-01 0.000000000000000000e+00 1.788875579833984375e+02 0.000000000000000000e+00 0.000000000000000000e+00 1.000000000000000000e+00 0.000000000000000000e+00
-7.999894379021488255e-01 -6.000140825389054244e-01 0.000000000000000000e+00 -2.148325958251953125e+02 6.000140825389054244e-01 -7.999894379021488255e-01 0.000000000000000000e+00 1.805946044921875000e+02 0.000000000000000000e+00 0.000000000000000000e+00 1.000000000000000000e+00 0.000000000000000000e+00
-7.991683311875998896e-01 -6.011072936064129069e-01 0.000000000000000000e+00 -2.170096130371093750e+02 6.011072936064129069e-01 -7.991683311875998896e-01 0.000000000000000000e+00 1.823018493652343750e+02 0.000000000000000000e+00 0.000000000000000000e+00 1.000000000000000000e+00 0.000000000000000000e+00
-7.993511918403566341e-01 -6.008641045223128696e-01 0.000000000000000000e+00 -2.190163726806640625e+02 6.008641045223128696e-01 -7.993511918403566341e-01 0.000000000000000000e+00 1.839680938720703125e+02 0.000000000000000000e+00 0.000000000000000000e+00 1.000000000000000000e+00 0.000000000000000000e+00
-7.994368325946217269e-01 -6.007501566300917917e-01 0.000000000000000000e+00 -2.210466613769531250e+02 6.007501566300917917e-01 -7.994368325946217269e-01 0.000000000000000000e+00 1.856459350585937500e+02 0.000000000000000000e+00 0.000000000000000000e+00 1.000000000000000000e+00 0.000000000000000000e+00
-7.993363112887177380e-01 -6.008839001465642315e-01 0.000000000000000000e+00 -2.231039886474609375e+02 6.008839001465642315e-01 -7.993363112887177380e-01 0.000000000000000000e+00 1.873316497802734375e+02 0.000000000000000000e+00 0.000000000000000000e+00 1.000000000000000000e+00 0.000000000000000000e+00
-7.991332249179576852e-01 -6.011539643321209825e-01 0.000000000000000000e+00 -2.251800079345703125e+02 6.011539643321209825e-01 -7.991332249179576852e-01 0.000000000000000000e+00 1.890277404785156250e+02 0.000000000000000000e+00 0.000000000000000000e+00 1.000000000000000000e+00 0.000000000000000000e+00
-7.989569131020284320e-01 -6.013882697612897843e-01 0.000000000000000000e+00 -2.272628936767578125e+02 6.013882697612897843e-01 -7.989569131020284320e-01 0.000000000000000000e+00 1.907338867187500000e+02 0.000000000000000000e+00 0.000000000000000000e+00 1.000000000000000000e+00 0.000000000000000000e+00
-7.987339350040212338e-01 -6.016843865956568171e-01 0.000000000000000000e+00 -2.293606872558593750e+02 6.016843865956568171e-01 -7.987339350040212338e-01 0.000000000000000000e+00 1.924506835937500000e+02 0.000000000000000000e+00 0.000000000000000000e+00 1.000000000000000000e+00 0.000000000000000000e+00
-7.985362192699165806e-01 -6.019467638538374965e-01 0.000000000000000000e+00 -2.314604034423828125e+02 6.019467638538374965e-01 -7.985362192699165806e-01 0.000000000000000000e+00 1.941755371093750000e+02 0.000000000000000000e+00 0.000000000000000000e+00 1.000000000000000000e+00 0.000000000000000000e+00
-7.981907624463215889e-01 -6.024047698560830444e-01 0.000000000000000000e+00 -2.335700378417968750e+02 6.024047698560830444e-01 -7.981907624463215889e-01 0.000000000000000000e+00 1.958981628417968750e+02 0.000000000000000000e+00 0.000000000000000000e+00 1.000000000000000000e+00 0.000000000000000000e+00
-7.978586709362325280e-01 -6.028445414962868565e-01 0.000000000000000000e+00 -2.356669158935546875e+02 6.028445414962868565e-01 -7.978586709362325280e-01 0.000000000000000000e+00 1.976150360107421875e+02 0.000000000000000000e+00 0.000000000000000000e+00 1.000000000000000000e+00 0.000000000000000000e+00
-7.974702543274201361e-01 -6.033582629441313072e-01 0.000000000000000000e+00 -2.377585754394531250e+02 6.033582629441313072e-01 -7.974702543274201361e-01 0.000000000000000000e+00 1.993333892822265625e+02 0.000000000000000000e+00 0.000000000000000000e+00 1.000000000000000000e+00 0.000000000000000000e+00
-7.969173354120098196e-01 -6.040883714489313494e-01 0.000000000000000000e+00 -2.398544616699218750e+02 6.040883714489313494e-01 -7.969173354120098196e-01 0.000000000000000000e+00 2.010514221191406250e+02 0.000000000000000000e+00 0.000000000000000000e+00 1.000000000000000000e+00 0.000000000000000000e+00
-7.962601885416056291e-01 -6.049543058311814825e-01 0.000000000000000000e+00 -2.419480743408203125e+02 6.049543058311814825e-01 -7.962601885416056291e-01 0.000000000000000000e+00 2.027649383544921875e+02 0.000000000000000000e+00 0.000000000000000000e+00 1.000000000000000000e+00 0.000000000000000000e+00
-7.953582676437889187e-01 -6.061396094058459916e-01 0.000000000000000000e+00 -2.438131866455078125e+02 6.061396094058459916e-01 -7.953582676437889187e-01 0.000000000000000000e+00 2.042597656250000000e+02 0.000000000000000000e+00 0.000000000000000000e+00 1.000000000000000000e+00 0.000000000000000000e+00
-7.945907263483251715e-01 -6.071454336493368187e-01 0.000000000000000000e+00 -2.459100494384765625e+02 6.071454336493368187e-01 -7.945907263483251715e-01 0.000000000000000000e+00 2.059818115234375000e+02 0.000000000000000000e+00 0.000000000000000000e+00 1.000000000000000000e+00 0.000000000000000000e+00
-7.936772405108392103e-01 -6.083390813478121162e-01 0.000000000000000000e+00 -2.480087127685546875e+02 6.083390813478121162e-01 -7.936772405108392103e-01 0.000000000000000000e+00 2.077062683105468750e+02 0.000000000000000000e+00 0.000000000000000000e+00 1.000000000000000000e+00 0.000000000000000000e+00
-7.926738289049453101e-01 -6.096459636290341155e-01 0.000000000000000000e+00 -2.501123199462890625e+02 6.096459636290341155e-01 -7.926738289049453101e-01 0.000000000000000000e+00 2.094336090087890625e+02 0.000000000000000000e+00 0.000000000000000000e+00 1.000000000000000000e+00 0.000000000000000000e+00
-7.916171597610868194e-01 -6.110174075849151842e-01 0.000000000000000000e+00 -2.522077178955078125e+02 6.110174075849151842e-01 -7.916171597610868194e-01 0.000000000000000000e+00 2.111553955078125000e+02 0.000000000000000000e+00 0.000000000000000000e+00 1.000000000000000000e+00 0.000000000000000000e+00
-7.905560094103916136e-01 -6.123897419006278930e-01 0.000000000000000000e+00 -2.542406005859375000e+02 6.123897419006278930e-01 -7.905560094103916136e-01 0.000000000000000000e+00 2.128252868652343750e+02 0.000000000000000000e+00 0.000000000000000000e+00 1.000000000000000000e+00 0.000000000000000000e+00
-7.894706584249446824e-01 -6.137883018485155162e-01 0.000000000000000000e+00 -2.562875366210937500e+02 6.137883018485155162e-01 -7.894706584249446824e-01 0.000000000000000000e+00 2.145139007568359375e+02 0.000000000000000000e+00 0.000000000000000000e+00 1.000000000000000000e+00 0.000000000000000000e+00
-7.883326779730153167e-01 -6.152492087275641675e-01 0.000000000000000000e+00 -2.583451538085937500e+02 6.152492087275641675e-01 -7.883326779730153167e-01 0.000000000000000000e+00 2.162137145996093750e+02 0.000000000000000000e+00 0.000000000000000000e+00 1.000000000000000000e+00 0.000000000000000000e+00
-7.871267245540811697e-01 -6.167913095146226876e-01 0.000000000000000000e+00 -2.604036254882812500e+02 6.167913095146226876e-01 -7.871267245540811697e-01 0.000000000000000000e+00 2.179172363281250000e+02 0.000000000000000000e+00 0.000000000000000000e+00 1.000000000000000000e+00 0.000000000000000000e+00
