9.929861583736463437e-01 1.182306613292331415e-01 0.000000000000000000e+00 0.000000000000000000e+00 -1.182306613292331415e-01 9.929861583736463437e-01 -0.000000000000000000e+00 0.000000000000000000e+00 -0.000000000000000000e+00 0.000000000000000000e+00 1.000000000000000000e+00 0.000000000000000000e+00
9.929861583736463437e-01 1.182306613292331415e-01 0.000000000000000000e+00 0.000000000000000000e+00 -1.182306613292331415e-01 9.929861583736463437e-01 -0.000000000000000000e+00 0.000000000000000000e+00 -0.000000000000000000e+00 0.000000000000000000e+00 1.000000000000000000e+00 0.000000000000000000e+00
9.928618028181874777e-01 1.192704510958964848e-01 0.000000000000000000e+00 2.991691589355468750e+00 -1.192704510958964848e-01 9.928618028181874777e-01 -0.000000000000000000e+00 -2.978186905384063721e-01 -0.000000000000000000e+00 0.000000000000000000e+00 1.000000000000000000e+00 0.000000000000000000e+00
9.927573419294455359e-01 1.201368388346470140e-01 0.000000000000000000e+00 5.984060094830283560e+00 -1.201368388346470140e-01 9.927573419294455359e-01 -0.000000000000000000e+00 -5.880535741034691455e-01 -0.000000000000000000e+00 0.000000000000000000e+00 1.000000000000000000e+00 0.000000000000000000e+00
9.927782942984720860e-01 1.199635710114378834e-01 0.000000000000000000e+00 8.976613998413085938e+00 -1.199635710114378834e-01 9.927782942984720860e-01 -0.000000000000000000e+00 -1.018161535263061523e+00 -0.000000000000000000e+00 0.000000000000000000e+00 1.000000000000000000e+00 0.000000000000000000e+00
9.927782942984720860e-01 1.199635710114378834e-01 0.000000000000000000e+00 1.197258472442626953e+01 -1.199635710114378834e-01 9.927782942984720860e-01 -0.000000000000000000e+00 -1.270503401756286621e+00 -0.000000000000000000e+00 0.000000000000000000e+00 1.000000000000000000e+00 0.000000000000000000e+00
9.925461519124016974e-01 1.218693411973812007e-01 0.000000000000000000e+00 1.507591915130615234e+01 -1.218693411973812007e-01 9.925461519124016974e-01 -0.000000000000000000e+00 -1.608767390251159668e+00 -0.000000000000000000e+00 0.000000000000000000e+00 1.000000000000000000e+00 0.000000000000000000e+00
9.923103501295382767e-01 1.237746703723875130e-01 0.000000000000000000e+00 1.805956649780273438e+01 -1.237746703723875130e-01 9.923103501295382767e-01 -0.000000000000000000e+00 -2.129779100418090820e+00 -0.000000000000000000e+00 0.000000000000000000e+00 1.000000000000000000e+00 0.000000000000000000e+00
9.919166036980211487e-01 1.268914942310272187e-01 0.000000000000000000e+00 2.104179954528808594e+01 -1.268914942310272187e-01 9.919166036980211487e-01 -0.000000000000000000e+00 -2.518442153930664062e+00 -0.000000000000000000e+00 0.000000000000000000e+00 1.000000000000000000e+00 0.000000000000000000e+00
9.922454066295061104e-01 1.242942195866168081e-01 0.000000000000000000e+00 2.404924964904785156e+01 -1.242942195866168081e-01 9.922454066295061104e-01 -0.000000000000000000e+00 -2.657174348831176758e+00 -0.000000000000000000e+00 0.000000000000000000e+00 1.000000000000000000e+00 0.000000000000000000e+00
9.921801899058582119e-01 1.248137442687109327e-01 0.000000000000000000e+00 2.704294967651367188e+01 -1.248137442687109327e-01 9.921801899058582119e-01 -0.000000000000000000e+00 -2.932229995727539062e+00 -0.000000000000000000e+00 0.000000000000000000e+00 1.000000000000000000e+00 0.000000000000000000e+00
9.922236974107375707e-01 1.244674025460690558e-01 0.000000000000000000e+00 2.992504813082484816e+01 -1.244674025460690558e-01 9.922236974107375707e-01 -0.000000000000000000e+00 -3.166836244101432385e+00 -0.000000000000000000e+00 0.000000000000000000e+00 1.000000000000000000e+00 0.000000000000000000e+00
9.893232660556411373e-01 1.457376932745919618e-01 0.000000000000000000e+00 3.281795883178710938e+01 -1.457376932745919618e-01 9.893232660556411373e-01 -0.000000000000000000e+00 -4.349740982055664062e+00 -0.000000000000000000e+00 0.000000000000000000e+00 1.000000000000000000e+00 0.000000000000000000e+00
9.907004066316794644e-01 1.360613990073043789e-01 0.000000000000000000e+00 3.574794387817382812e+01 -1.360613990073043789e-01 9.907004066316794644e-01 -0.000000000000000000e+00 -4.176090717315673828e+00 -0.000000000000000000e+00 0.000000000000000000e+00 1.000000000000000000e+00 0.000000000000000000e+00
9.902923438790923738e-01 1.390002649438245308e-01 0.000000000000000000e+00 3.861396789550781250e+01 -1.390002649438245308e-01 9.902923438790923738e-01 -0.000000000000000000e+00 -4.554423809051513672e+00 -0.000000000000000000e+00 0.000000000000000000e+00 1.000000000000000000e+00 0.000000000000000000e+00
9.902316000837546595e-01 1.394323427170573448e-01 0.000000000000000000e+00 4.143261337280273438e+01 -1.394323427170573448e-01 9.902316000837546595e-01 -0.000000000000000000e+00 -4.914460182189941406e+00 -0.000000000000000000e+00 0.000000000000000000e+00 1.000000000000000000e+00 0.000000000000000000e+00
9.901706668165716207e-01 1.398644006744597934e-01 0.000000000000000000e+00 4.425125503540039062e+01 -1.398644006744597934e-01 9.901706668165716207e-01 -0.000000000000000000e+00 -5.274494171142578125e+00 -0.000000000000000000e+00 0.000000000000000000e+00 1.000000000000000000e+00 0.000000000000000000e+00
9.896513864577468622e-01 1.434926244873211132e-01 0.000000000000000000e+00 4.722444152832031250e+01 -1.434926244873211132e-01 9.896513864577468622e-01 -0.000000000000000000e+00 -5.870918750762939453e+00 -0.000000000000000000e+00 0.000000000000000000e+00 1.000000000000000000e+00 0.000000000000000000e+00
9.904734471436399401e-01 1.377038507210132101e-01 0.000000000000000000e+00 5.019219207763671875e+01 -1.377038507210132101e-01 9.904734471436399401e-01 -0.000000000000000000e+00 -5.868655204772949219e+00 -0.000000000000000000e+00 0.000000000000000000e+00 1.000000000000000000e+00 0.000000000000000000e+00
9.912616460521058714e-01 1.319103827076154867e-01 0.000000000000000000e+00 5.315846633911132812e+01 -1.319103827076154867e-01 9.912616460521058714e-01 -0.000000000000000000e+00 -5.866222381591796875e+00 -0.000000000000000000e+00 0.000000000000000000e+00 1.000000000000000000e+00 0.000000000000000000e+00
9.900482336781215587e-01 1.407284441427233412e-01 0.000000000000000000e+00 5.610709762573242188e+01 -1.407284441427233412e-01 9.900482336781215587e-01 -0.000000000000000000e+00 -6.689681529998779297e+00 -0.000000000000000000e+00 0.000000000000000000e+00 1.000000000000000000e+00 0.000000000000000000e+00
9.899497462163929784e-01 1.414195883394485098e-01 0.000000000000000000e+00 5.921492767333984375e+01 -1.414195883394485098e-01 9.899497462163929784e-01 -0.000000000000000000e+00 -6.974813938140869141e+00 -0.000000000000000000e+00 0.000000000000000000e+00 1.000000000000000000e+00 0.000000000000000000e+00
9.898135373439331808e-01 1.423698047013138290e-01 0.000000000000000000e+00 6.225956726074218750e+01 -1.423698047013138290e-01 9.898135373439331808e-01 -0.000000000000000000e+00 -7.455335140228271484e+00 -0.000000000000000000e+00 0.000000000000000000e+00 1.000000000000000000e+00 0.000000000000000000e+00
9.893994378957325919e-01 1.452196690934405288e-01 0.000000000000000000e+00 6.529831695556640625e+01 -1.452196690934405288e-01 9.893994378957325919e-01 -0.000000000000000000e+00 -7.833642482757568359e+00 -0.000000000000000000e+00 0.000000000000000000e+00 1.000000000000000000e+00 0.000000000000000000e+00
9.887302667205287721e-01 1.497079145227533936e-01 0.000000000000000000e+00 6.838130187988281250e+01 -1.497079145227533936e-01 9.887302667205287721e-01 -0.000000000000000000e+00 -8.470292091369628906e+00 -0.000000000000000000e+00 0.000000000000000000e+00 1.000000000000000000e+00 0.000000000000000000e+00
9.880944997417895337e-01 1.538481705449323833e-01 0.000000000000000000e+00 7.135411834716796875e+01 -1.538481705449323833e-01 9.880944997417895337e-01 -0.000000000000000000e+00 -8.903813362121582031e+00 -0.000000000000000000e+00 0.000000000000000000e+00 1.000000000000000000e+00 0.000000000000000000e+00
9.877156272023779326e-01 1.562620868291896559e-01 0.000000000000000000e+00 7.445161437988281250e+01 -1.562620868291896559e-01 9.877156272023779326e-01 -0.000000000000000000e+00 -9.264356613159179688e+00 -0.000000000000000000e+00 0.000000000000000000e+00 1.000000000000000000e+00 0.000000000000000000e+00
9.868839060442481381e-01 1.614315830029784959e-01 0.000000000000000000e+00 7.752826690673828125e+01 -1.614315830029784959e-01 9.868839060442481381e-01 -0.000000000000000000e+00 -9.930881500244140625e+00 -0.000000000000000000e+00 0.000000000000000000e+00 1.000000000000000000e+00 0.000000000000000000e+00
9.860832205689448182e-01 1.662524649813585109e-01 0.000000000000000000e+00 8.061003112792968750e+01 -1.662524649813585109e-01 9.860832205689448182e-01 -0.000000000000000000e+00 -1.039682865142822266e+01 -0.000000000000000000e+00 0.000000000000000000e+00 1.000000000000000000e+00 0.000000000000000000e+00
9.853186420575743565e-01 1.707254334123001760e-01 0.000000000000000000e+00 8.357345581054687500e+01 -1.707254334123001760e-01 9.853186420575743565e-01 -0.000000000000000000e+00 -1.103033351898193359e+01 -0.000000000000000000e+00 0.000000000000000000e+00 1.000000000000000000e+00 0.000000000000000000e+00
9.845948659257368618e-01 1.748512224512034086e-01 0.000000000000000000e+00 8.665779876708984375e+01 -1.748512224512034086e-01 9.845948659257368618e-01 -0.000000000000000000e+00 -1.146588611602783203e+01 -0.000000000000000000e+00 0.000000000000000000e+00 1.000000000000000000e+00 0.000000000000000000e+00
9.839924089768939952e-01 1.782103786984615412e-01 0.000000000000000000e+00 8.923311614990234375e+01 -1.782103786984615412e-01 9.839924089768939952e-01 -0.000000000000000000e+00 -1.201224803924560547e+01 -0.000000000000000000e+00 0.000000000000000000e+00 1.000000000000000000e+00 0.000000000000000000e+00
9.835568025008986082e-01 1.805990483203283592e-01 0.000000000000000000e+00 9.419576263427734375e+01 -1.805990483203283592e-01 9.835568025008986082e-01 -0.000000000000000000e+00 -1.324701404571533203e+01 -0.000000000000000000e+00 0.000000000000000000e+00 1.000000000000000000e+00 0.000000000000000000e+00
9.835568025008986082e-01 1.805990483203283592e-01 0.000000000000000000e+00 9.419576263427734375e+01 -1.805990483203283592e-01 9.835568025008986082e-01 -0.000000000000000000e+00 -1.324701404571533203e+01 -0.000000000000000000e+00 0.000000000000000000e+00 1.000000000000000000e+00 0.000000000000000000e+00
9.830870129018745018e-01 1.831390866627589931e-01 0.000000000000000000e+00 9.635298156738281250e+01 -1.831390866627589931e-01 9.830870129018745018e-01 -0.000000000000000000e+00 -1.372247123718261719e+01 -0.000000000000000000e+00 0.000000000000000000e+00 1.000000000000000000e+00 0.000000000000000000e+00
9.832744635035552960e-01 1.821299794701451424e-01 0.000000000000000000e+00 9.743551635742187500e+01 -1.821299794701451424e-01 9.832744635035552960e-01 -0.000000000000000000e+00 -1.408991336822509766e+01 -0.000000000000000000e+00 0.000000000000000000e+00 1.000000000000000000e+00 0.000000000000000000e+00
9.833357961651301160e-01 1.817985477947766104e-01 0.000000000000000000e+00 9.918677520751953125e+01 -1.817985477947766104e-01 9.833357961651301160e-01 -0.000000000000000000e+00 -1.458521175384521484e+01 -0.000000000000000000e+00 0.000000000000000000e+00 1.000000000000000000e+00 0.000000000000000000e+00
9.838516619990524958e-01 1.789857736852347447e-01 0.000000000000000000e+00 1.008021621704101562e+02 -1.789857736852347447e-01 9.838516619990524958e-01 -0.000000000000000000e+00 -1.521289634704589844e+01 -0.000000000000000000e+00 0.000000000000000000e+00 1.000000000000000000e+00 0.000000000000000000e+00
9.839269236416385844e-01 1.785715792983340322e-01 0.000000000000000000e+00 1.008086090087890625e+02 -1.785715792983340322e-01 9.839269236416385844e-01 -0.000000000000000000e+00 -1.517047595977783203e+01 -0.000000000000000000e+00 0.000000000000000000e+00 1.000000000000000000e+00 0.000000000000000000e+00
9.839547308728703312e-01 1.784182938851767708e-01 0.000000000000000000e+00 1.028824615478515625e+02 -1.784182938851767708e-01 9.839547308728703312e-01 -0.000000000000000000e+00 -1.580027961730957031e+01 -0.000000000000000000e+00 0.000000000000000000e+00 1.000000000000000000e+00 0.000000000000000000e+00
9.841993824854056161e-01 1.770637611577993431e-01 0.000000000000000000e+00 1.044270095825195312e+02 -1.770637611577993431e-01 9.841993824854056161e-01 -0.000000000000000000e+00 -1.624374580383300781e+01 -0.000000000000000000e+00 0.000000000000000000e+00 1.000000000000000000e+00 0.000000000000000000e+00
9.841307767412407204e-01 1.774446794656918402e-01 0.000000000000000000e+00 1.060082931518554688e+02 -1.774446794656918402e-01 9.841307767412407204e-01 -0.000000000000000000e+00 -1.665302658081054688e+01 -0.000000000000000000e+00 0.000000000000000000e+00 1.000000000000000000e+00 0.000000000000000000e+00
9.837300188624573671e-01 1.796531379878160695e-01 0.000000000000000000e+00 1.084048919677734375e+02 -1.796531379878160695e-01 9.837300188624573671e-01 -0.000000000000000000e+00 -1.719055366516113281e+01 -0.000000000000000000e+00 0.000000000000000000e+00 1.000000000000000000e+00 0.000000000000000000e+00
9.832728326032729171e-01 1.821387840750451903e-01 0.000000000000000000e+00 1.111453552246093750e+02 -1.821387840750451903e-01 9.832728326032729171e-01 -0.000000000000000000e+00 -1.784064865112304688e+01 -0.000000000000000000e+00 0.000000000000000000e+00 1.000000000000000000e+00 0.000000000000000000e+00
9.830825989263671794e-01 1.831627792106776675e-01 0.000000000000000000e+00 1.119833831787109375e+02 -1.831627792106776675e-01 9.830825989263671794e-01 -0.000000000000000000e+00 -1.792100143432617188e+01 -0.000000000000000000e+00 0.000000000000000000e+00 1.000000000000000000e+00 0.000000000000000000e+00
9.830767990273550083e-01 1.831939060507459527e-01 0.000000000000000000e+00 1.145119857788085938e+02 -1.831939060507459527e-01 9.830767990273550083e-01 -0.000000000000000000e+00 -1.872642326354980469e+01 -0.000000000000000000e+00 0.000000000000000000e+00 1.000000000000000000e+00 0.000000000000000000e+00
9.828719950556479290e-01 1.842895584001719711e-01 0.000000000000000000e+00 1.171312637329101562e+02 -1.842895584001719711e-01 9.828719950556479290e-01 -0.000000000000000000e+00 -1.948654174804687500e+01 -0.000000000000000000e+00 0.000000000000000000e+00 1.000000000000000000e+00 0.000000000000000000e+00
9.828707680440210703e-01 1.842961023042978541e-01 0.000000000000000000e+00 1.187116317749023438e+02 -1.842961023042978541e-01 9.828707680440210703e-01 -0.000000000000000000e+00 -2.005056762695312500e+01 -0.000000000000000000e+00 0.000000000000000000e+00 1.000000000000000000e+00 0.000000000000000000e+00
9.829209210844223055e-01 1.840284295823636229e-01 0.000000000000000000e+00 1.207840118408203125e+02 -1.840284295823636229e-01 9.829209210844223055e-01 -0.000000000000000000e+00 -2.075790214538574219e+01 -0.000000000000000000e+00 0.000000000000000000e+00 1.000000000000000000e+00 0.000000000000000000e+00
9.828326714741154602e-01 1.844991595727563938e-01 0.000000000000000000e+00 1.235408554077148438e+02 -1.844991595727563938e-01 9.828326714741154602e-01 -0.000000000000000000e+00 -2.162337493896484375e+01 -0.000000000000000000e+00 0.000000000000000000e+00 1.000000000000000000e+00 0.000000000000000000e+00
9.828801993082175725e-01 1.842457972596351357e-01 0.000000000000000000e+00 1.238777694702148438e+02 -1.842457972596351357e-01 9.828801993082175725e-01 -0.000000000000000000e+00 -2.165773200988769531e+01 -0.000000000000000000e+00 0.000000000000000000e+00 1.000000000000000000e+00 0.000000000000000000e+00
9.828986774235837220e-01 1.841471963375221621e-01 0.000000000000000000e+00 1.264830856323242188e+02 -1.841471963375221621e-01 9.828986774235837220e-01 -0.000000000000000000e+00 -2.252205276489257812e+01 -0.000000000000000000e+00 0.000000000000000000e+00 1.000000000000000000e+00 0.000000000000000000e+00
9.827645638444943987e-01 1.848616024260869850e-01 0.000000000000000000e+00 1.282772521972656250e+02 -1.848616024260869850e-01 9.827645638444943987e-01 -0.000000000000000000e+00 -2.323152542114257812e+01 -0.000000000000000000e+00 0.000000000000000000e+00 1.000000000000000000e+00 0.000000000000000000e+00
9.825252050080808264e-01 1.861295826133739784e-01 0.000000000000000000e+00 1.282471618652343750e+02 -1.861295826133739784e-01 9.825252050080808264e-01 -0.000000000000000000e+00 -2.339704704284667969e+01 -0.000000000000000000e+00 0.000000000000000000e+00 1.000000000000000000e+00 0.000000000000000000e+00
9.827251619882267919e-01 1.850709485446419278e-01 0.000000000000000000e+00 1.322728729248046875e+02 -1.850709485446419278e-01 9.827251619882267919e-01 -0.000000000000000000e+00 -2.493130874633789062e+01 -0.000000000000000000e+00 0.000000000000000000e+00 1.000000000000000000e+00 0.000000000000000000e+00
9.827251619882267919e-01 1.850709485446419278e-01 0.000000000000000000e+00 1.322728729248046875e+02 -1.850709485446419278e-01 9.827251619882267919e-01 -0.000000000000000000e+00 -2.493130874633789062e+01 -0.000000000000000000e+00 0.000000000000000000e+00 1.000000000000000000e+00 0.000000000000000000e+00
9.827160046162612961e-01 1.851195674990960272e-01 0.000000000000000000e+00 1.336719818115234375e+02 -1.851195674990960272e-01 9.827160046162612961e-01 -0.000000000000000000e+00 -2.543961715698242188e+01 -0.000000000000000000e+00 0.000000000000000000e+00 1.000000000000000000e+00 0.000000000000000000e+00
9.828460284873193897e-01 1.844279921451820459e-01 0.000000000000000000e+00 1.353293914794921875e+02 -1.844279921451820459e-01 9.828460284873193897e-01 -0.000000000000000000e+00 -2.612600898742675781e+01 -0.000000000000000000e+00 0.000000000000000000e+00 1.000000000000000000e+00 0.000000000000000000e+00
9.829475731932429960e-01 1.838860200056388061e-01 0.000000000000000000e+00 1.373296813964843750e+02 -1.838860200056388061e-01 9.829475731932429960e-01 -0.000000000000000000e+00 -2.680805015563964844e+01 -0.000000000000000000e+00 0.000000000000000000e+00 1.000000000000000000e+00 0.000000000000000000e+00
9.829347028297479305e-01 1.839548041585079841e-01 0.000000000000000000e+00 1.396344604492187500e+02 -1.839548041585079841e-01 9.829347028297479305e-01 -0.000000000000000000e+00 -2.762192726135253906e+01 -0.000000000000000000e+00 0.000000000000000000e+00 1.000000000000000000e+00 0.000000000000000000e+00
9.831088218622640040e-01 1.830219778512713336e-01 0.000000000000000000e+00 1.419963989257812500e+02 -1.830219778512713336e-01 9.831088218622640040e-01 -0.000000000000000000e+00 -2.847898864746093750e+01 -0.000000000000000000e+00 0.000000000000000000e+00 1.000000000000000000e+00 0.000000000000000000e+00
9.830224904390078011e-01 1.834851037307683175e-01 0.000000000000000000e+00 1.446873779296875000e+02 -1.834851037307683175e-01 9.830224904390078011e-01 -0.000000000000000000e+00 -2.932065391540527344e+01 -0.000000000000000000e+00 0.000000000000000000e+00 1.000000000000000000e+00 0.000000000000000000e+00
9.826541401862680658e-01 1.854476766497392126e-01 0.000000000000000000e+00 1.476909179687500000e+02 -1.854476766497392126e-01 9.826541401862680658e-01 -0.000000000000000000e+00 -3.010054969787597656e+01 -0.000000000000000000e+00 0.000000000000000000e+00 1.000000000000000000e+00 0.000000000000000000e+00
9.826573488899031927e-01 1.854306734946167268e-01 0.000000000000000000e+00 1.498793029785156250e+02 -1.854306734946167268e-01 9.826573488899031927e-01 -0.000000000000000000e+00 -3.082499504089355469e+01 -0.000000000000000000e+00 0.000000000000000000e+00 1.000000000000000000e+00 0.000000000000000000e+00
9.826637505524161709e-01 1.853967457919874495e-01 0.000000000000000000e+00 1.525399169921875000e+02 -1.853967457919874495e-01 9.826637505524161709e-01 -0.000000000000000000e+00 -3.168073081970214844e+01 -0.000000000000000000e+00 0.000000000000000000e+00 1.000000000000000000e+00 0.000000000000000000e+00
9.826709637275906628e-01 1.853585095070852118e-01 0.000000000000000000e+00 1.543867950439453125e+02 -1.853585095070852118e-01 9.826709637275906628e-01 -0.000000000000000000e+00 -3.235330200195312500e+01 -0.000000000000000000e+00 0.000000000000000000e+00 1.000000000000000000e+00 0.000000000000000000e+00
9.827331118080506744e-01 1.850287300828319104e-01 0.000000000000000000e+00 1.560872802734375000e+02 -1.850287300828319104e-01 9.827331118080506744e-01 -0.000000000000000000e+00 -3.294570922851562500e+01 -0.000000000000000000e+00 0.000000000000000000e+00 1.000000000000000000e+00 0.000000000000000000e+00
9.826721951771998365e-01 1.853519809055822198e-01 0.000000000000000000e+00 1.560769195556640625e+02 -1.853519809055822198e-01 9.826721951771998365e-01 -0.000000000000000000e+00 -3.299716949462890625e+01 -0.000000000000000000e+00 0.000000000000000000e+00 1.000000000000000000e+00 0.000000000000000000e+00
9.827192158169107961e-01 1.851025198753270817e-01 0.000000000000000000e+00 1.579914550781250000e+02 -1.851025198753270817e-01 9.827192158169107961e-01 -0.000000000000000000e+00 -3.374985122680664062e+01 -0.000000000000000000e+00 0.000000000000000000e+00 1.000000000000000000e+00 0.000000000000000000e+00
9.827192158169107961e-01 1.851025198753270817e-01 0.000000000000000000e+00 1.579914550781250000e+02 -1.851025198753270817e-01 9.827192158169107961e-01 -0.000000000000000000e+00 -3.374985122680664062e+01 -0.000000000000000000e+00 0.000000000000000000e+00 1.000000000000000000e+00 0.000000000000000000e+00
9.828883888745650887e-01 1.842021037218679325e-01 0.000000000000000000e+00 1.619082946777343750e+02 -1.842021037218679325e-01 9.828883888745650887e-01 -0.000000000000000000e+00 -3.513714981079101562e+01 -0.000000000000000000e+00 0.000000000000000000e+00 1.000000000000000000e+00 0.000000000000000000e+00
9.828883888745650887e-01 1.842021037218679325e-01 0.000000000000000000e+00 1.619082946777343750e+02 -1.842021037218679325e-01 9.828883888745650887e-01 -0.000000000000000000e+00 -3.513714981079101562e+01 -0.000000000000000000e+00 0.000000000000000000e+00 1.000000000000000000e+00 0.000000000000000000e+00
9.829393869604209355e-01 1.839297734513690441e-01 0.000000000000000000e+00 1.644012145996093750e+02 -1.839297734513690441e-01 9.829393869604209355e-01 -0.000000000000000000e+00 -3.588541793823242188e+01 -0.000000000000000000e+00 0.000000000000000000e+00 1.000000000000000000e+00 0.000000000000000000e+00
9.828860653230965250e-01 1.842145015835662258e-01 0.000000000000000000e+00 1.643911895751953125e+02 -1.842145015835662258e-01 9.828860653230965250e-01 -0.000000000000000000e+00 -3.593311691284179688e+01 -0.000000000000000000e+00 0.000000000000000000e+00 1.000000000000000000e+00 0.000000000000000000e+00
9.830560189127393045e-01 1.833053836618986354e-01 0.000000000000000000e+00 1.663538513183593750e+02 -1.833053836618986354e-01 9.830560189127393045e-01 -0.000000000000000000e+00 -3.656138992309570312e+01 -0.000000000000000000e+00 0.000000000000000000e+00 1.000000000000000000e+00 0.000000000000000000e+00
9.831211168593336769e-01 1.829559225203065687e-01 0.000000000000000000e+00 1.679879150390625000e+02 -1.829559225203065687e-01 9.831211168593336769e-01 -0.000000000000000000e+00 -3.707464218139648438e+01 -0.000000000000000000e+00 0.000000000000000000e+00 1.000000000000000000e+00 0.000000000000000000e+00
9.831563772806020118e-01 1.827663475929924286e-01 0.000000000000000000e+00 1.679953002929687500e+02 -1.827663475929924286e-01 9.831563772806020118e-01 -0.000000000000000000e+00 -3.704230880737304688e+01 -0.000000000000000000e+00 0.000000000000000000e+00 1.000000000000000000e+00 0.000000000000000000e+00
9.830489136277308360e-01 1.833434847910832555e-01 0.000000000000000000e+00 1.679734649658203125e+02 -1.833434847910832555e-01 9.830489136277308360e-01 -0.000000000000000000e+00 -3.714092636108398438e+01 -0.000000000000000000e+00 0.000000000000000000e+00 1.000000000000000000e+00 0.000000000000000000e+00
9.831377400495783236e-01 1.828665745569917067e-01 0.000000000000000000e+00 1.692615051269531250e+02 -1.828665745569917067e-01 9.831377400495783236e-01 -0.000000000000000000e+00 -3.762430953979492188e+01 -0.000000000000000000e+00 0.000000000000000000e+00 1.000000000000000000e+00 0.000000000000000000e+00
9.832833860355894018e-01 1.820818023482469739e-01 0.000000000000000000e+00 1.710433197021484375e+02 -1.820818023482469739e-01 9.832833860355894018e-01 -0.000000000000000000e+00 -3.827239227294921875e+01 -0.000000000000000000e+00 0.000000000000000000e+00 1.000000000000000000e+00 0.000000000000000000e+00
9.831788815096349499e-01 1.826452489211342900e-01 0.000000000000000000e+00 1.710221252441406250e+02 -1.826452489211342900e-01 9.831788815096349499e-01 -0.000000000000000000e+00 -3.837071609497070312e+01 -0.000000000000000000e+00 0.000000000000000000e+00 1.000000000000000000e+00 0.000000000000000000e+00
9.833112134407409055e-01 1.819314638035368081e-01 0.000000000000000000e+00 1.726538848876953125e+02 -1.819314638035368081e-01 9.833112134407409055e-01 -0.000000000000000000e+00 -3.895392227172851562e+01 -0.000000000000000000e+00 0.000000000000000000e+00 1.000000000000000000e+00 0.000000000000000000e+00
9.832345115623969400e-01 1.823455381210485338e-01 0.000000000000000000e+00 1.726374511718750000e+02 -1.823455381210485338e-01 9.832345115623969400e-01 -0.000000000000000000e+00 -3.902663040161132812e+01 -0.000000000000000000e+00 0.000000000000000000e+00 1.000000000000000000e+00 0.000000000000000000e+00
9.832881728555591394e-01 1.820559505272377754e-01 0.000000000000000000e+00 1.742246398925781250e+02 -1.820559505272377754e-01 9.832881728555591394e-01 -0.000000000000000000e+00 -3.964328765869140625e+01 -0.000000000000000000e+00 0.000000000000000000e+00 1.000000000000000000e+00 0.000000000000000000e+00
9.834229220919802339e-01 1.813266563527575759e-01 0.000000000000000000e+00 1.760309448242187500e+02 -1.813266563527575759e-01 9.834229220919802339e-01 -0.000000000000000000e+00 -4.026200485229492188e+01 -0.000000000000000000e+00 0.000000000000000000e+00 1.000000000000000000e+00 0.000000000000000000e+00
9.832960956810605779e-01 1.820131539707571799e-01 0.000000000000000000e+00 1.760027465820312500e+02 -1.820131539707571799e-01 9.832960956810605779e-01 -0.000000000000000000e+00 -4.038488769531250000e+01 -0.000000000000000000e+00 0.000000000000000000e+00 1.000000000000000000e+00 0.000000000000000000e+00
9.833719042876474248e-01 1.816031328410551149e-01 0.000000000000000000e+00 1.777388305664062500e+02 -1.816031328410551149e-01 9.833719042876474248e-01 -0.000000000000000000e+00 -4.100650787353515625e+01 -0.000000000000000000e+00 0.000000000000000000e+00 1.000000000000000000e+00 0.000000000000000000e+00
9.833339837893133595e-01 1.818083505371478059e-01 0.000000000000000000e+00 1.777302398681640625e+02 -1.818083505371478059e-01 9.833339837893133595e-01 -0.000000000000000000e+00 -4.104359817504882812e+01 -0.000000000000000000e+00 0.000000000000000000e+00 1.000000000000000000e+00 0.000000000000000000e+00
9.834975023411902662e-01 1.809217037523150051e-01 0.000000000000000000e+00 1.796497802734375000e+02 -1.809217037523150051e-01 9.834975023411902662e-01 -0.000000000000000000e+00 -4.162960433959960938e+01 -0.000000000000000000e+00 0.000000000000000000e+00 1.000000000000000000e+00 0.000000000000000000e+00
9.836090692249417344e-01 1.803141673259310573e-01 0.000000000000000000e+00 1.816152496337890625e+02 -1.803141673259310573e-01 9.836090692249417344e-01 -0.000000000000000000e+00 -4.225676345825195312e+01 -0.000000000000000000e+00 0.000000000000000000e+00 1.000000000000000000e+00 0.000000000000000000e+00
9.837110887895391675e-01 1.797567628560867714e-01 0.000000000000000000e+00 1.834827423095703125e+02 -1.797567628560867714e-01 9.837110887895391675e-01 -0.000000000000000000e+00 -4.290254211425781250e+01 -0.000000000000000000e+00 0.000000000000000000e+00 1.000000000000000000e+00 0.000000000000000000e+00
9.838278867098456670e-01 1.791164127935770123e-01 0.000000000000000000e+00 1.854446716308593750e+02 -1.791164127935770123e-01 9.838278867098456670e-01 -0.000000000000000000e+00 -4.355216598510742188e+01 -0.000000000000000000e+00 0.000000000000000000e+00 1.000000000000000000e+00 0.000000000000000000e+00
9.839392338052536102e-01 1.785037371562020747e-01 0.000000000000000000e+00 1.874123229980468750e+02 -1.785037371562020747e-01 9.839392338052536102e-01 -0.000000000000000000e+00 -4.416403961181640625e+01 -0.000000000000000000e+00 0.000000000000000000e+00 1.000000000000000000e+00 0.000000000000000000e+00
9.838578611490252923e-01 1.789516947538222491e-01 0.000000000000000000e+00 1.873921661376953125e+02 -1.789516947538222491e-01 9.838578611490252923e-01 -0.000000000000000000e+00 -4.424936676025390625e+01 -0.000000000000000000e+00 0.000000000000000000e+00 1.000000000000000000e+00 0.000000000000000000e+00
9.839967076608377994e-01 1.781866417906561584e-01 0.000000000000000000e+00 1.898739929199218750e+02 -1.781866417906561584e-01 9.839967076608377994e-01 -0.000000000000000000e+00 -4.503393554687500000e+01 -0.000000000000000000e+00 0.000000000000000000e+00 1.000000000000000000e+00 0.000000000000000000e+00
9.839967076608377994e-01 1.781866417906561584e-01 0.000000000000000000e+00 1.898739929199218750e+02 -1.781866417906561584e-01 9.839967076608377994e-01 -0.000000000000000000e+00 -4.503393554687500000e+01 -0.000000000000000000e+00 0.000000000000000000e+00 1.000000000000000000e+00 0.000000000000000000e+00
9.839799793182876231e-01 1.782789956803163545e-01 0.000000000000000000e+00 1.898711700439453125e+02 -1.782789956803163545e-01 9.839799793182876231e-01 -0.000000000000000000e+00 -4.505198669433593750e+01 -0.000000000000000000e+00 0.000000000000000000e+00 1.000000000000000000e+00 0.000000000000000000e+00
9.839581324318156241e-01 1.783995336913567487e-01 0.000000000000000000e+00 1.899556884765625000e+02 -1.783995336913567487e-01 9.839581324318156241e-01 -0.000000000000000000e+00 -4.511055755615234375e+01 -0.000000000000000000e+00 0.000000000000000000e+00 1.000000000000000000e+00 0.000000000000000000e+00
9.841542177218708387e-01 1.773146235939168924e-01 0.000000000000000000e+00 1.918541412353515625e+02 -1.773146235939168924e-01 9.841542177218708387e-01 -0.000000000000000000e+00 -4.565759658813476562e+01 -0.000000000000000000e+00 0.000000000000000000e+00 1.000000000000000000e+00 0.000000000000000000e+00
9.841542177218708387e-01 1.773146235939168924e-01 0.000000000000000000e+00 1.918541412353515625e+02 -1.773146235939168924e-01 9.841542177218708387e-01 -0.000000000000000000e+00 -4.565759658813476562e+01 -0.000000000000000000e+00 0.000000000000000000e+00 1.000000000000000000e+00 0.000000000000000000e+00
9.844053145986093600e-01 1.759152540003652010e-01 0.000000000000000000e+00 1.944632110595703125e+02 -1.759152540003652010e-01 9.844053145986093600e-01 -0.000000000000000000e+00 -4.640911483764648438e+01 -0.000000000000000000e+00 0.000000000000000000e+00 1.000000000000000000e+00 0.000000000000000000e+00
9.844954701517329987e-01 1.754100032800812725e-01 0.000000000000000000e+00 1.952007904052734375e+02 -1.754100032800812725e-01 9.844954701517329987e-01 -0.000000000000000000e+00 -4.658319091796875000e+01 -0.000000000000000000e+00 0.000000000000000000e+00 1.000000000000000000e+00 0.000000000000000000e+00
9.843852001392985329e-01 1.760277754978263054e-01 0.000000000000000000e+00 1.951713562011718750e+02 -1.760277754978263054e-01 9.843852001392985329e-01 -0.000000000000000000e+00 -4.670565795898437500e+01 -0.000000000000000000e+00 0.000000000000000000e+00 1.000000000000000000e+00 0.000000000000000000e+00
9.845381506007520045e-01 1.751702886098296663e-01 0.000000000000000000e+00 1.969351806640625000e+02 -1.751702886098296663e-01 9.845381506007520045e-01 -0.000000000000000000e+00 -4.723431015014648438e+01 -0.000000000000000000e+00 0.000000000000000000e+00 1.000000000000000000e+00 0.000000000000000000e+00
9.848311518548554799e-01 1.735154239145286770e-01 0.000000000000000000e+00 2.001647338867187500e+02 -1.735154239145286770e-01 9.848311518548554799e-01 -0.000000000000000000e+00 -4.816368103027343750e+01 -0.000000000000000000e+00 0.000000000000000000e+00 1.000000000000000000e+00 0.000000000000000000e+00
9.848311518548554799e-01 1.735154239145286770e-01 0.000000000000000000e+00 2.001647338867187500e+02 -1.735154239145286770e-01 9.848311518548554799e-01 -0.000000000000000000e+00 -4.816368103027343750e+01 -0.000000000000000000e+00 0.000000000000000000e+00 1.000000000000000000e+00 0.000000000000000000e+00
9.849331855231150401e-01 1.729353059825815830e-01 0.000000000000000000e+00 2.018076782226562500e+02 -1.729353059825815830e-01 9.849331855231150401e-01 -0.000000000000000000e+00 -4.863845062255859375e+01 -0.000000000000000000e+00 0.000000000000000000e+00 1.000000000000000000e+00 0.000000000000000000e+00
9.848989725057020195e-01 1.731300492612778685e-01 0.000000000000000000e+00 2.017992706298828125e+02 -1.731300492612778685e-01 9.848989725057020195e-01 -0.000000000000000000e+00 -4.867834854125976562e+01 -0.000000000000000000e+00 0.000000000000000000e+00 1.000000000000000000e+00 0.000000000000000000e+00
9.849595119904538398e-01 1.727852995469436881e-01 0.000000000000000000e+00 2.024015808105468750e+02 -1.727852995469436881e-01 9.849595119904538398e-01 -0.000000000000000000e+00 -4.882393264770507812e+01 -0.000000000000000000e+00 0.000000000000000000e+00 1.000000000000000000e+00 0.000000000000000000e+00
9.848664166378073848e-01 1.733151504600936310e-01 0.000000000000000000e+00 2.023780212402343750e+02 -1.733151504600936310e-01 9.848664166378073848e-01 -0.000000000000000000e+00 -4.893384552001953125e+01 -0.000000000000000000e+00 0.000000000000000000e+00 1.000000000000000000e+00 0.000000000000000000e+00
9.850407092746974458e-01 1.723217951148401927e-01 0.000000000000000000e+00 2.042091827392578125e+02 -1.723217951148401927e-01 9.850407092746974458e-01 -0.000000000000000000e+00 -4.944022369384765625e+01 -0.000000000000000000e+00 0.000000000000000000e+00 1.000000000000000000e+00 0.000000000000000000e+00
9.850294011839170194e-01 1.723864229086903843e-01 0.000000000000000000e+00 2.042177734375000000e+02 -1.723864229086903843e-01 9.850294011839170194e-01 -0.000000000000000000e+00 -4.945814895629882812e+01 -0.000000000000000000e+00 0.000000000000000000e+00 1.000000000000000000e+00 0.000000000000000000e+00
9.851929668384169503e-01 1.714491705786818920e-01 0.000000000000000000e+00 2.058363800048828125e+02 -1.714491705786818920e-01 9.851929668384169503e-01 -0.000000000000000000e+00 -4.986803817749023438e+01 -0.000000000000000000e+00 0.000000000000000000e+00 1.000000000000000000e+00 0.000000000000000000e+00
9.852766573594404775e-01 1.709675655281071571e-01 0.000000000000000000e+00 2.073544006347656250e+02 -1.709675655281071571e-01 9.852766573594404775e-01 -0.000000000000000000e+00 -5.034195327758789062e+01 -0.000000000000000000e+00 0.000000000000000000e+00 1.000000000000000000e+00 0.000000000000000000e+00
9.853698827896744117e-01 1.704294402122569774e-01 0.000000000000000000e+00 2.089510955810546875e+02 -1.704294402122569774e-01 9.853698827896744117e-01 -0.000000000000000000e+00 -5.078554534912109375e+01 -0.000000000000000000e+00 0.000000000000000000e+00 1.000000000000000000e+00 0.000000000000000000e+00
9.854200399149473100e-01 1.701391928217116933e-01 0.000000000000000000e+00 2.103619995117187500e+02 -1.701391928217116933e-01 9.854200399149473100e-01 -0.000000000000000000e+00 -5.121640014648437500e+01 -0.000000000000000000e+00 0.000000000000000000e+00 1.000000000000000000e+00 0.000000000000000000e+00
9.855200457521294810e-01 1.695589555898499023e-01 0.000000000000000000e+00 2.119452514648437500e+02 -1.695589555898499023e-01 9.855200457521294810e-01 -0.000000000000000000e+00 -5.168079757690429688e+01 -0.000000000000000000e+00 0.000000000000000000e+00 1.000000000000000000e+00 0.000000000000000000e+00
9.855010292203429945e-01 1.696694474725624902e-01 0.000000000000000000e+00 2.119394531250000000e+02 -1.696694474725624902e-01 9.855010292203429945e-01 -0.000000000000000000e+00 -5.170455932617187500e+01 -0.000000000000000000e+00 0.000000000000000000e+00 1.000000000000000000e+00 0.000000000000000000e+00
9.854014090849858576e-01 1.702470645072163002e-01 0.000000000000000000e+00 2.119105987548828125e+02 -1.702470645072163002e-01 9.854014090849858576e-01 -0.000000000000000000e+00 -5.182930755615234375e+01 -0.000000000000000000e+00 0.000000000000000000e+00 1.000000000000000000e+00 0.000000000000000000e+00
9.855312926411344820e-01 1.694935728135273934e-01 0.000000000000000000e+00 2.140822296142578125e+02 -1.694935728135273934e-01 9.855312926411344820e-01 -0.000000000000000000e+00 -5.237350082397460938e+01 -0.000000000000000000e+00 0.000000000000000000e+00 1.000000000000000000e+00 0.000000000000000000e+00
9.856858931826345538e-01 1.685921705796324388e-01 0.000000000000000000e+00 2.164696350097656250e+02 -1.685921705796324388e-01 9.856858931826345538e-01 -0.000000000000000000e+00 -5.297518920898437500e+01 -0.000000000000000000e+00 0.000000000000000000e+00 1.000000000000000000e+00 0.000000000000000000e+00
9.856858931826345538e-01 1.685921705796324388e-01 0.000000000000000000e+00 2.164696350097656250e+02 -1.685921705796324388e-01 9.856858931826345538e-01 -0.000000000000000000e+00 -5.297518920898437500e+01 -0.000000000000000000e+00 0.000000000000000000e+00 1.000000000000000000e+00 0.000000000000000000e+00
9.856710557530004024e-01 1.686788956887186330e-01 0.000000000000000000e+00 2.164660186767578125e+02 -1.686788956887186330e-01 9.856710557530004024e-01 -0.000000000000000000e+00 -5.299444198608398438e+01 -0.000000000000000000e+00 0.000000000000000000e+00 1.000000000000000000e+00 0.000000000000000000e+00
9.856022631368740461e-01 1.690803918243392323e-01 0.000000000000000000e+00 2.164444732666015625e+02 -1.690803918243392323e-01 9.856022631368740461e-01 -0.000000000000000000e+00 -5.308264160156250000e+01 -0.000000000000000000e+00 0.000000000000000000e+00 1.000000000000000000e+00 0.000000000000000000e+00
9.856258271710391927e-01 1.689429750341957248e-01 0.000000000000000000e+00 2.184338073730468750e+02 -1.689429750341957248e-01 9.856258271710391927e-01 -0.000000000000000000e+00 -5.368575668334960938e+01 -0.000000000000000000e+00 0.000000000000000000e+00 1.000000000000000000e+00 0.000000000000000000e+00
9.856258271710391927e-01 1.689429750341957248e-01 0.000000000000000000e+00 2.184338073730468750e+02 -1.689429750341957248e-01 9.856258271710391927e-01 -0.000000000000000000e+00 -5.368575668334960938e+01 -0.000000000000000000e+00 0.000000000000000000e+00 1.000000000000000000e+00 0.000000000000000000e+00
9.856483233776655029e-01 1.688116779811071888e-01 0.000000000000000000e+00 2.184412536621093750e+02 -1.688116779811071888e-01 9.856483233776655029e-01 -0.000000000000000000e+00 -5.365629577636718750e+01 -0.000000000000000000e+00 0.000000000000000000e+00 1.000000000000000000e+00 0.000000000000000000e+00
9.856312214740289290e-01 1.689115012532115823e-01 0.000000000000000000e+00 2.203415222167968750e+02 -1.689115012532115823e-01 9.856312214740289290e-01 -0.000000000000000000e+00 -5.399577331542968750e+01 -0.000000000000000000e+00 0.000000000000000000e+00 1.000000000000000000e+00 0.000000000000000000e+00
9.854808105696796217e-01 1.697868428322031609e-01 0.000000000000000000e+00 2.216154479980468750e+02 -1.697868428322031609e-01 9.854808105696796217e-01 -0.000000000000000000e+00 -5.435532379150390625e+01 -0.000000000000000000e+00 0.000000000000000000e+00 1.000000000000000000e+00 0.000000000000000000e+00
9.853904711238463676e-01 1.703103620403765839e-01 0.000000000000000000e+00 2.226969299316406250e+02 -1.703103620403765839e-01 9.853904711238463676e-01 -0.000000000000000000e+00 -5.460250473022460938e+01 -0.000000000000000000e+00 0.000000000000000000e+00 1.000000000000000000e+00 0.000000000000000000e+00
9.853614515908056815e-01 1.704781795974495973e-01 0.000000000000000000e+00 2.226880035400390625e+02 -1.704781795974495973e-01 9.853614515908056815e-01 -0.000000000000000000e+00 -5.464027404785156250e+01 -0.000000000000000000e+00 0.000000000000000000e+00 1.000000000000000000e+00 0.000000000000000000e+00
