9.929469885730601852e-01 1.185591746078349940e-01 0.000000000000000000e+00 5.367363891601562500e+02 -1.185591746078349940e-01 9.929469885730601852e-01 -0.000000000000000000e+00 -3.784268569946289062e+01 -0.000000000000000000e+00 0.000000000000000000e+00 1.000000000000000000e+00 0.000000000000000000e+00
9.918017082106924676e-01 1.277864296017088008e-01 0.000000000000000000e+00 5.437496948242187500e+02 -1.277864296017088008e-01 9.918017082106924676e-01 -0.000000000000000000e+00 -3.864965438842773438e+01 -0.000000000000000000e+00 0.000000000000000000e+00 1.000000000000000000e+00 0.000000000000000000e+00
9.918017082106924676e-01 1.277864296017088008e-01 0.000000000000000000e+00 5.437496948242187500e+02 -1.277864296017088008e-01 9.918017082106924676e-01 -0.000000000000000000e+00 -3.864965438842773438e+01 -0.000000000000000000e+00 0.000000000000000000e+00 1.000000000000000000e+00 0.000000000000000000e+00
9.911890706687617181e-01 1.324546193486524914e-01 0.000000000000000000e+00 5.499309082031250000e+02 -1.324546193486524914e-01 9.911890706687617181e-01 -0.000000000000000000e+00 -3.961344528198242188e+01 -0.000000000000000000e+00 0.000000000000000000e+00 1.000000000000000000e+00 0.000000000000000000e+00
9.911890706687617181e-01 1.324546193486524914e-01 0.000000000000000000e+00 5.499309082031250000e+02 -1.324546193486524914e-01 9.911890706687617181e-01 -0.000000000000000000e+00 -3.961344528198242188e+01 -0.000000000000000000e+00 0.000000000000000000e+00 1.000000000000000000e+00 0.000000000000000000e+00
9.909539353769073466e-01 1.342024513972087940e-01 0.000000000000000000e+00 5.530272216796875000e+02 -1.342024513972087940e-01 9.909539353769073466e-01 -0.000000000000000000e+00 -4.014782714843750000e+01 -0.000000000000000000e+00 0.000000000000000000e+00 1.000000000000000000e+00 0.000000000000000000e+00
9.906469127353476622e-01 1.364503363422915616e-01 0.000000000000000000e+00 5.560104980468750000e+02 -1.364503363422915616e-01 9.906469127353476622e-01 -0.000000000000000000e+00 -4.059356689453125000e+01 -0.000000000000000000e+00 0.000000000000000000e+00 1.000000000000000000e+00 0.000000000000000000e+00
9.903631371438451625e-01 1.384949695353636379e-01 0.000000000000000000e+00 5.589208984375000000e+02 -1.384949695353636379e-01 9.903631371438451625e-01 -0.000000000000000000e+00 -4.112052917480468750e+01 -0.000000000000000000e+00 0.000000000000000000e+00 1.000000000000000000e+00 0.000000000000000000e+00
9.900698770643355795e-01 1.405760951577882112e-01 0.000000000000000000e+00 5.619019165039062500e+02 -1.405760951577882112e-01 9.900698770643355795e-01 -0.000000000000000000e+00 -4.165827560424804688e+01 -0.000000000000000000e+00 0.000000000000000000e+00 1.000000000000000000e+00 0.000000000000000000e+00
9.897152088433126549e-01 1.430517577111093397e-01 0.000000000000000000e+00 5.648533325195312500e+02 -1.430517577111093397e-01 9.897152088433126549e-01 -0.000000000000000000e+00 -4.219930267333984375e+01 -0.000000000000000000e+00 0.000000000000000000e+00 1.000000000000000000e+00 0.000000000000000000e+00
9.894491969074977744e-01 1.448802496515921301e-01 0.000000000000000000e+00 5.679727172851562500e+02 -1.448802496515921301e-01 9.894491969074977744e-01 -0.000000000000000000e+00 -4.282236480712890625e+01 -0.000000000000000000e+00 0.000000000000000000e+00 1.000000000000000000e+00 0.000000000000000000e+00
9.891028665965644340e-01 1.472260822356515619e-01 0.000000000000000000e+00 5.704345092773437500e+02 -1.472260822356515619e-01 9.891028665965644340e-01 -0.000000000000000000e+00 -4.324763107299804688e+01 -0.000000000000000000e+00 0.000000000000000000e+00 1.000000000000000000e+00 0.000000000000000000e+00
9.888095065517320537e-01 1.491836443881172369e-01 0.000000000000000000e+00 5.734842529296875000e+02 -1.491836443881172369e-01 9.888095065517320537e-01 -0.000000000000000000e+00 -4.383607482910156250e+01 -0.000000000000000000e+00 0.000000000000000000e+00 1.000000000000000000e+00 0.000000000000000000e+00
9.883750075347820241e-01 1.520356684486228183e-01 0.000000000000000000e+00 5.765505981445312500e+02 -1.520356684486228183e-01 9.883750075347820241e-01 -0.000000000000000000e+00 -4.437441635131835938e+01 -0.000000000000000000e+00 0.000000000000000000e+00 1.000000000000000000e+00 0.000000000000000000e+00
9.881319123997531761e-01 1.536076941341370794e-01 0.000000000000000000e+00 5.794948120117187500e+02 -1.536076941341370794e-01 9.881319123997531761e-01 -0.000000000000000000e+00 -4.498442459106445312e+01 -0.000000000000000000e+00 0.000000000000000000e+00 1.000000000000000000e+00 0.000000000000000000e+00
9.877068210836179585e-01 1.563177391881484246e-01 0.000000000000000000e+00 5.825032958984375000e+02 -1.563177391881484246e-01 9.877068210836179585e-01 -0.000000000000000000e+00 -4.554592132568359375e+01 -0.000000000000000000e+00 0.000000000000000000e+00 1.000000000000000000e+00 0.000000000000000000e+00
9.873394838273172880e-01 1.586213846730847588e-01 0.000000000000000000e+00 5.855743408203125000e+02 -1.586213846730847588e-01 9.873394838273172880e-01 -0.000000000000000000e+00 -4.616939926147460938e+01 -0.000000000000000000e+00 0.000000000000000000e+00 1.000000000000000000e+00 0.000000000000000000e+00
9.869376646761962579e-01 1.611025947758009669e-01 0.000000000000000000e+00 5.885711669921875000e+02 -1.611025947758009669e-01 9.869376646761962579e-01 -0.000000000000000000e+00 -4.679078292846679688e+01 -0.000000000000000000e+00 0.000000000000000000e+00 1.000000000000000000e+00 0.000000000000000000e+00
9.864596618589390742e-01 1.640040716724663616e-01 0.000000000000000000e+00 5.916033325195312500e+02 -1.640040716724663616e-01 9.864596618589390742e-01 -0.000000000000000000e+00 -4.738888549804687500e+01 -0.000000000000000000e+00 0.000000000000000000e+00 1.000000000000000000e+00 0.000000000000000000e+00
9.859157535570048925e-01 1.672427184905912467e-01 0.000000000000000000e+00 5.946451416015625000e+02 -1.672427184905912467e-01 9.859157535570048925e-01 -0.000000000000000000e+00 -4.797093200683593750e+01 -0.000000000000000000e+00 0.000000000000000000e+00 1.000000000000000000e+00 0.000000000000000000e+00
9.852559696965732527e-01 1.710867445983620672e-01 0.000000000000000000e+00 5.977208251953125000e+02 -1.710867445983620672e-01 9.852559696965732527e-01 -0.000000000000000000e+00 -4.853187561035156250e+01 -0.000000000000000000e+00 0.000000000000000000e+00 1.000000000000000000e+00 0.000000000000000000e+00
9.846402255019590655e-01 1.745956079729704680e-01 0.000000000000000000e+00 6.007773437500000000e+02 -1.745956079729704680e-01 9.846402255019590655e-01 -0.000000000000000000e+00 -4.912228775024414062e+01 -0.000000000000000000e+00 0.000000000000000000e+00 1.000000000000000000e+00 0.000000000000000000e+00
9.835362366974215176e-01 1.807110154447525430e-01 0.000000000000000000e+00 6.027534790039062500e+02 -1.807110154447525430e-01 9.835362366974215176e-01 -0.000000000000000000e+00 -4.916291809082031250e+01 -0.000000000000000000e+00 0.000000000000000000e+00 1.000000000000000000e+00 0.000000000000000000e+00
9.833664826387429336e-01 1.816324883458541317e-01 0.000000000000000000e+00 6.063107299804687500e+02 -1.816324883458541317e-01 9.833664826387429336e-01 -0.000000000000000000e+00 -5.017366790771484375e+01 -0.000000000000000000e+00 0.000000000000000000e+00 1.000000000000000000e+00 0.000000000000000000e+00
9.827096209687197215e-01 1.851534521836286085e-01 0.000000000000000000e+00 6.095446777343750000e+02 -1.851534521836286085e-01 9.827096209687197215e-01 -0.000000000000000000e+00 -5.090109252929687500e+01 -0.000000000000000000e+00 0.000000000000000000e+00 1.000000000000000000e+00 0.000000000000000000e+00
9.819845236132741517e-01 1.889613594997954227e-01 0.000000000000000000e+00 6.125627441406250000e+02 -1.889613594997954227e-01 9.819845236132741517e-01 -0.000000000000000000e+00 -5.152626419067382812e+01 -0.000000000000000000e+00 0.000000000000000000e+00 1.000000000000000000e+00 0.000000000000000000e+00
9.811949746394582617e-01 1.930192263539382835e-01 0.000000000000000000e+00 6.155205688476562500e+02 -1.930192263539382835e-01 9.811949746394582617e-01 -0.000000000000000000e+00 -5.212606811523437500e+01 -0.000000000000000000e+00 0.000000000000000000e+00 1.000000000000000000e+00 0.000000000000000000e+00
9.803867092564220176e-01 1.970834856434294513e-01 0.000000000000000000e+00 6.186005859375000000e+02 -1.970834856434294513e-01 9.803867092564220176e-01 -0.000000000000000000e+00 -5.279225921630859375e+01 -0.000000000000000000e+00 0.000000000000000000e+00 1.000000000000000000e+00 0.000000000000000000e+00
9.795091827068027612e-01 2.013995059404347920e-01 0.000000000000000000e+00 6.216537475585937500e+02 -2.013995059404347920e-01 9.795091827068027612e-01 -0.000000000000000000e+00 -5.345333862304687500e+01 -0.000000000000000000e+00 0.000000000000000000e+00 1.000000000000000000e+00 0.000000000000000000e+00
9.778012367898977208e-01 2.095345826639276321e-01 0.000000000000000000e+00 6.277183227539062500e+02 -2.095345826639276321e-01 9.778012367898977208e-01 -0.000000000000000000e+00 -5.482688140869140625e+01 -0.000000000000000000e+00 0.000000000000000000e+00 1.000000000000000000e+00 0.000000000000000000e+00
9.778012367898977208e-01 2.095345826639276321e-01 0.000000000000000000e+00 6.277183227539062500e+02 -2.095345826639276321e-01 9.778012367898977208e-01 -0.000000000000000000e+00 -5.482688140869140625e+01 -0.000000000000000000e+00 0.000000000000000000e+00 1.000000000000000000e+00 0.000000000000000000e+00
9.769463638192571464e-01 2.134848992793906830e-01 0.000000000000000000e+00 6.301264648437500000e+02 -2.134848992793906830e-01 9.769463638192571464e-01 -0.000000000000000000e+00 -5.535023498535156250e+01 -0.000000000000000000e+00 0.000000000000000000e+00 1.000000000000000000e+00 0.000000000000000000e+00
9.761349982388299873e-01 2.171646039604044620e-01 0.000000000000000000e+00 6.331284790039062500e+02 -2.171646039604044620e-01 9.761349982388299873e-01 -0.000000000000000000e+00 -5.609845733642578125e+01 -0.000000000000000000e+00 0.000000000000000000e+00 1.000000000000000000e+00 0.000000000000000000e+00
9.752169851826878455e-01 2.212506086120199500e-01 0.000000000000000000e+00 6.361528930664062500e+02 -2.212506086120199500e-01 9.752169851826878455e-01 -0.000000000000000000e+00 -5.682485198974609375e+01 -0.000000000000000000e+00 0.000000000000000000e+00 1.000000000000000000e+00 0.000000000000000000e+00
9.743753298808962571e-01 2.249282474912711605e-01 0.000000000000000000e+00 6.390799560546875000e+02 -2.249282474912711605e-01 9.743753298808962571e-01 -0.000000000000000000e+00 -5.756584167480468750e+01 -0.000000000000000000e+00 0.000000000000000000e+00 1.000000000000000000e+00 0.000000000000000000e+00
9.732549574548486904e-01 2.297276382796825112e-01 0.000000000000000000e+00 6.421791381835937500e+02 -2.297276382796825112e-01 9.732549574548486904e-01 -0.000000000000000000e+00 -5.830445098876953125e+01 -0.000000000000000000e+00 0.000000000000000000e+00 1.000000000000000000e+00 0.000000000000000000e+00
9.722594701228571834e-01 2.339049438477539267e-01 0.000000000000000000e+00 6.451066284179687500e+02 -2.339049438477539267e-01 9.722594701228571834e-01 -0.000000000000000000e+00 -5.903529739379882812e+01 -0.000000000000000000e+00 0.000000000000000000e+00 1.000000000000000000e+00 0.000000000000000000e+00
9.715833636578626864e-01 2.366976287656328004e-01 0.000000000000000000e+00 6.448028564453125000e+02 -2.366976287656328004e-01 9.715833636578626864e-01 -0.000000000000000000e+00 -5.862760162353515625e+01 -0.000000000000000000e+00 0.000000000000000000e+00 1.000000000000000000e+00 0.000000000000000000e+00
9.723735239952711051e-01 2.334303532812687376e-01 0.000000000000000000e+00 6.481423950195312500e+02 -2.334303532812687376e-01 9.723735239952711051e-01 -0.000000000000000000e+00 -6.019923019409179688e+01 -0.000000000000000000e+00 0.000000000000000000e+00 1.000000000000000000e+00 0.000000000000000000e+00
9.708109499426011979e-01 2.398459911517061283e-01 0.000000000000000000e+00 6.459479980468750000e+02 -2.398459911517061283e-01 9.708109499426011979e-01 -0.000000000000000000e+00 -5.866769027709960938e+01 -0.000000000000000000e+00 0.000000000000000000e+00 1.000000000000000000e+00 0.000000000000000000e+00
9.704600546084182211e-01 2.412618544433121071e-01 0.000000000000000000e+00 6.460467529296875000e+02 -2.412618544433121071e-01 9.704600546084182211e-01 -0.000000000000000000e+00 -5.851855468750000000e+01 -0.000000000000000000e+00 0.000000000000000000e+00 1.000000000000000000e+00 0.000000000000000000e+00
9.699410889890093257e-01 2.433398526563509967e-01 0.000000000000000000e+00 6.467535400390625000e+02 -2.433398526563509967e-01 9.699410889890093257e-01 -0.000000000000000000e+00 -5.853638839721679688e+01 -0.000000000000000000e+00 0.000000000000000000e+00 1.000000000000000000e+00 0.000000000000000000e+00
9.697936633207430157e-01 2.439267319974040282e-01 0.000000000000000000e+00 6.437766723632812500e+02 -2.439267319974040282e-01 9.697936633207430157e-01 -0.000000000000000000e+00 -5.722294998168945312e+01 -0.000000000000000000e+00 0.000000000000000000e+00 1.000000000000000000e+00 0.000000000000000000e+00
9.695668660382459336e-01 2.448266576187610455e-01 0.000000000000000000e+00 6.447303466796875000e+02 -2.448266576187610455e-01 9.695668660382459336e-01 -0.000000000000000000e+00 -5.789345550537109375e+01 -0.000000000000000000e+00 0.000000000000000000e+00 1.000000000000000000e+00 0.000000000000000000e+00
9.686761472512238624e-01 2.483274486369262679e-01 0.000000000000000000e+00 6.481906127929687500e+02 -2.483274486369262679e-01 9.686761472512238624e-01 -0.000000000000000000e+00 -5.862203979492187500e+01 -0.000000000000000000e+00 0.000000000000000000e+00 1.000000000000000000e+00 0.000000000000000000e+00
9.676494612056032452e-01 2.522984744870759855e-01 0.000000000000000000e+00 6.512227783203125000e+02 -2.522984744870759855e-01 9.676494612056032452e-01 -0.000000000000000000e+00 -5.937110900878906250e+01 -0.000000000000000000e+00 0.000000000000000000e+00 1.000000000000000000e+00 0.000000000000000000e+00
9.688904131239223227e-01 2.474901358772811644e-01 0.000000000000000000e+00 6.524934082031250000e+02 -2.474901358772811644e-01 9.688904131239223227e-01 -0.000000000000000000e+00 -6.043734359741210938e+01 -0.000000000000000000e+00 0.000000000000000000e+00 1.000000000000000000e+00 0.000000000000000000e+00
9.669642279914608674e-01 2.549121059990640537e-01 0.000000000000000000e+00 6.558480834960937500e+02 -2.549121059990640537e-01 9.669642279914608674e-01 -0.000000000000000000e+00 -6.108911514282226562e+01 -0.000000000000000000e+00 0.000000000000000000e+00 1.000000000000000000e+00 0.000000000000000000e+00
9.657073357103608258e-01 2.596330906398420790e-01 0.000000000000000000e+00 6.591276855468750000e+02 -2.596330906398420790e-01 9.657073357103608258e-01 -0.000000000000000000e+00 -6.199147415161132812e+01 -0.000000000000000000e+00 0.000000000000000000e+00 1.000000000000000000e+00 0.000000000000000000e+00
9.645880448519572603e-01 2.637610731868493263e-01 0.000000000000000000e+00 6.620538330078125000e+02 -2.637610731868493263e-01 9.645880448519572603e-01 -0.000000000000000000e+00 -6.280075073242187500e+01 -0.000000000000000000e+00 0.000000000000000000e+00 1.000000000000000000e+00 0.000000000000000000e+00
9.635878832055158050e-01 2.673918311009392257e-01 0.000000000000000000e+00 6.650062255859375000e+02 -2.673918311009392257e-01 9.635878832055158050e-01 -0.000000000000000000e+00 -6.367087554931640625e+01 -0.000000000000000000e+00 0.000000000000000000e+00 1.000000000000000000e+00 0.000000000000000000e+00
9.626875354897080905e-01 2.706154264131148124e-01 0.000000000000000000e+00 6.674335937500000000e+02 -2.706154264131148124e-01 9.626875354897080905e-01 -0.000000000000000000e+00 -6.435800933837890625e+01 -0.000000000000000000e+00 0.000000000000000000e+00 1.000000000000000000e+00 0.000000000000000000e+00
9.614780660982625848e-01 2.748816625603553998e-01 0.000000000000000000e+00 6.704869995117187500e+02 -2.748816625603553998e-01 9.614780660982625848e-01 -0.000000000000000000e+00 -6.522558593750000000e+01 -0.000000000000000000e+00 0.000000000000000000e+00 1.000000000000000000e+00 0.000000000000000000e+00
9.603298100277706251e-01 2.788667351478587575e-01 0.000000000000000000e+00 6.734893188476562500e+02 -2.788667351478587575e-01 9.603298100277706251e-01 -0.000000000000000000e+00 -6.611830902099609375e+01 -0.000000000000000000e+00 0.000000000000000000e+00 1.000000000000000000e+00 0.000000000000000000e+00
9.591061650483553302e-01 2.830465759662831315e-01 0.000000000000000000e+00 6.764538574218750000e+02 -2.830465759662831315e-01 9.591061650483553302e-01 -0.000000000000000000e+00 -6.698225402832031250e+01 -0.000000000000000000e+00 0.000000000000000000e+00 1.000000000000000000e+00 0.000000000000000000e+00
9.577822223235125110e-01 2.874947209968101158e-01 0.000000000000000000e+00 6.794108276367187500e+02 -2.874947209968101158e-01 9.577822223235125110e-01 -0.000000000000000000e+00 -6.784067535400390625e+01 -0.000000000000000000e+00 0.000000000000000000e+00 1.000000000000000000e+00 0.000000000000000000e+00
9.566130479595461589e-01 2.913614189860199155e-01 0.000000000000000000e+00 6.823123168945312500e+02 -2.913614189860199155e-01 9.566130479595461589e-01 -0.000000000000000000e+00 -6.875011444091796875e+01 -0.000000000000000000e+00 0.000000000000000000e+00 1.000000000000000000e+00 0.000000000000000000e+00
9.552988633700978394e-01 2.956418130843453951e-01 0.000000000000000000e+00 6.852902832031250000e+02 -2.956418130843453951e-01 9.552988633700978394e-01 -0.000000000000000000e+00 -6.966442871093750000e+01 -0.000000000000000000e+00 0.000000000000000000e+00 1.000000000000000000e+00 0.000000000000000000e+00
9.537566624607248800e-01 3.005798210322492281e-01 0.000000000000000000e+00 6.883456420898437500e+02 -3.005798210322492281e-01 9.537566624607248800e-01 -0.000000000000000000e+00 -7.056780242919921875e+01 -0.000000000000000000e+00 0.000000000000000000e+00 1.000000000000000000e+00 0.000000000000000000e+00
9.525429082973633221e-01 3.044043492665648998e-01 0.000000000000000000e+00 6.912631835937500000e+02 -3.044043492665648998e-01 9.525429082973633221e-01 -0.000000000000000000e+00 -7.152732849121093750e+01 -0.000000000000000000e+00 0.000000000000000000e+00 1.000000000000000000e+00 0.000000000000000000e+00
9.510474786760005905e-01 3.090448079227705591e-01 0.000000000000000000e+00 6.941958007812500000e+02 -3.090448079227705591e-01 9.510474786760005905e-01 -0.000000000000000000e+00 -7.243901062011718750e+01 -0.000000000000000000e+00 0.000000000000000000e+00 1.000000000000000000e+00 0.000000000000000000e+00
9.496195766416036799e-01 3.134049451732078273e-01 0.000000000000000000e+00 6.971419067382812500e+02 -3.134049451732078273e-01 9.496195766416036799e-01 -0.000000000000000000e+00 -7.339686584472656250e+01 -0.000000000000000000e+00 0.000000000000000000e+00 1.000000000000000000e+00 0.000000000000000000e+00
9.482498020287369878e-01 3.175252949805119629e-01 0.000000000000000000e+00 7.001129760742187500e+02 -3.175252949805119629e-01 9.482498020287369878e-01 -0.000000000000000000e+00 -7.439101409912109375e+01 -0.000000000000000000e+00 0.000000000000000000e+00 1.000000000000000000e+00 0.000000000000000000e+00
9.468602151684739621e-01 3.216453527273651636e-01 0.000000000000000000e+00 7.031702880859375000e+02 -3.216453527273651636e-01 9.468602151684739621e-01 -0.000000000000000000e+00 -7.544395446777343750e+01 -0.000000000000000000e+00 0.000000000000000000e+00 1.000000000000000000e+00 0.000000000000000000e+00
9.455236515119325169e-01 3.255534125631947551e-01 0.000000000000000000e+00 7.060532836914062500e+02 -3.255534125631947551e-01 9.455236515119325169e-01 -0.000000000000000000e+00 -7.643820953369140625e+01 -0.000000000000000000e+00 0.000000000000000000e+00 1.000000000000000000e+00 0.000000000000000000e+00
9.442489659571542404e-01 3.292322740693033323e-01 0.000000000000000000e+00 7.090178222656250000e+02 -3.292322740693033323e-01 9.442489659571542404e-01 -0.000000000000000000e+00 -7.745729064941406250e+01 -0.000000000000000000e+00 0.000000000000000000e+00 1.000000000000000000e+00 0.000000000000000000e+00
9.430734293794864609e-01 3.325845859302783425e-01 0.000000000000000000e+00 7.119830322265625000e+02 -3.325845859302783425e-01 9.430734293794864609e-01 -0.000000000000000000e+00 -7.850576782226562500e+01 -0.000000000000000000e+00 0.000000000000000000e+00 1.000000000000000000e+00 0.000000000000000000e+00
9.419175642317302311e-01 3.358441635517347423e-01 0.000000000000000000e+00 7.148974609375000000e+02 -3.358441635517347423e-01 9.419175642317302311e-01 -0.000000000000000000e+00 -7.955049133300781250e+01 -0.000000000000000000e+00 0.000000000000000000e+00 1.000000000000000000e+00 0.000000000000000000e+00
9.407121776627692666e-01 3.392058354406222165e-01 0.000000000000000000e+00 7.178447265625000000e+02 -3.392058354406222165e-01 9.407121776627692666e-01 -0.000000000000000000e+00 -8.057638549804687500e+01 -0.000000000000000000e+00 0.000000000000000000e+00 1.000000000000000000e+00 0.000000000000000000e+00
9.410262112084790687e-01 3.383336663984460313e-01 0.000000000000000000e+00 7.148480834960937500e+02 -3.383336663984460313e-01 9.410262112084790687e-01 -0.000000000000000000e+00 -7.933559417724609375e+01 -0.000000000000000000e+00 0.000000000000000000e+00 1.000000000000000000e+00 0.000000000000000000e+00
9.402215820322491480e-01 3.405633225712577650e-01 0.000000000000000000e+00 7.182649536132812500e+02 -3.405633225712577650e-01 9.402215820322491480e-01 -0.000000000000000000e+00 -8.071121978759765625e+01 -0.000000000000000000e+00 0.000000000000000000e+00 1.000000000000000000e+00 0.000000000000000000e+00
9.393728994143515365e-01 3.428972963525298012e-01 0.000000000000000000e+00 7.216915283203125000e+02 -3.428972963525298012e-01 9.393728994143515365e-01 -0.000000000000000000e+00 -8.207713317871093750e+01 -0.000000000000000000e+00 0.000000000000000000e+00 1.000000000000000000e+00 0.000000000000000000e+00
9.388349061422314179e-01 3.443675638164945818e-01 0.000000000000000000e+00 7.250894775390625000e+02 -3.443675638164945818e-01 9.388349061422314179e-01 -0.000000000000000000e+00 -8.350894927978515625e+01 -0.000000000000000000e+00 0.000000000000000000e+00 1.000000000000000000e+00 0.000000000000000000e+00
9.380488350040376844e-01 3.465030781213460642e-01 0.000000000000000000e+00 7.285073852539062500e+02 -3.465030781213460642e-01 9.380488350040376844e-01 -0.000000000000000000e+00 -8.487854766845703125e+01 -0.000000000000000000e+00 0.000000000000000000e+00 1.000000000000000000e+00 0.000000000000000000e+00
9.367854271588638149e-01 3.499043633091550309e-01 0.000000000000000000e+00 7.319484863281250000e+02 -3.499043633091550309e-01 9.367854271588638149e-01 -0.000000000000000000e+00 -8.616938018798828125e+01 -0.000000000000000000e+00 0.000000000000000000e+00 1.000000000000000000e+00 0.000000000000000000e+00
9.360519490964379630e-01 3.518618316793673539e-01 0.000000000000000000e+00 7.353454589843750000e+02 -3.518618316793673539e-01 9.360519490964379630e-01 -0.000000000000000000e+00 -8.758406829833984375e+01 -0.000000000000000000e+00 0.000000000000000000e+00 1.000000000000000000e+00 0.000000000000000000e+00
9.350800779312112843e-01 3.544365216172845057e-01 0.000000000000000000e+00 7.387669677734375000e+02 -3.544365216172845057e-01 9.350800779312112843e-01 -0.000000000000000000e+00 -8.894686889648437500e+01 -0.000000000000000000e+00 0.000000000000000000e+00 1.000000000000000000e+00 0.000000000000000000e+00
9.335792239728403219e-01 3.583710822126544571e-01 0.000000000000000000e+00 7.422172241210937500e+02 -3.583710822126544571e-01 9.335792239728403219e-01 -0.000000000000000000e+00 -9.021815490722656250e+01 -0.000000000000000000e+00 0.000000000000000000e+00 1.000000000000000000e+00 0.000000000000000000e+00
9.317231846341051948e-01 3.631692542262920376e-01 0.000000000000000000e+00 7.456662597656250000e+02 -3.631692542262920376e-01 9.317231846341051948e-01 -0.000000000000000000e+00 -9.144138336181640625e+01 -0.000000000000000000e+00 0.000000000000000000e+00 1.000000000000000000e+00 0.000000000000000000e+00
9.313553812951694821e-01 3.641114578429651694e-01 0.000000000000000000e+00 7.479929199218750000e+02 -3.641114578429651694e-01 9.313553812951694821e-01 -0.000000000000000000e+00 -9.246398162841796875e+01 -0.000000000000000000e+00 0.000000000000000000e+00 1.000000000000000000e+00 0.000000000000000000e+00
9.313553812951694821e-01 3.641114578429651694e-01 0.000000000000000000e+00 7.479929199218750000e+02 -3.641114578429651694e-01 9.313553812951694821e-01 -0.000000000000000000e+00 -9.246398162841796875e+01 -0.000000000000000000e+00 0.000000000000000000e+00 1.000000000000000000e+00 0.000000000000000000e+00
9.313553812951694821e-01 3.641114578429651694e-01 0.000000000000000000e+00 7.479929199218750000e+02 -3.641114578429651694e-01 9.313553812951694821e-01 -0.000000000000000000e+00 -9.246398162841796875e+01 -0.000000000000000000e+00 0.000000000000000000e+00 1.000000000000000000e+00 0.000000000000000000e+00
9.301167544242388008e-01 3.672639692909178688e-01 0.000000000000000000e+00 7.514015502929687500e+02 -3.672639692909178688e-01 9.301167544242388008e-01 -0.000000000000000000e+00 -9.389527130126953125e+01 -0.000000000000000000e+00 0.000000000000000000e+00 1.000000000000000000e+00 0.000000000000000000e+00
9.287855498638104557e-01 3.706175958642265456e-01 0.000000000000000000e+00 7.547785644531250000e+02 -3.706175958642265456e-01 9.287855498638104557e-01 -0.000000000000000000e+00 -9.523549652099609375e+01 -0.000000000000000000e+00 0.000000000000000000e+00 1.000000000000000000e+00 0.000000000000000000e+00
9.280631952642119931e-01 3.724227511793301582e-01 0.000000000000000000e+00 7.576741943359375000e+02 -3.724227511793301582e-01 9.280631952642119931e-01 -0.000000000000000000e+00 -9.647889709472656250e+01 -0.000000000000000000e+00 0.000000000000000000e+00 1.000000000000000000e+00 0.000000000000000000e+00
9.271985744723331146e-01 3.745701583101266330e-01 0.000000000000000000e+00 7.604392089843750000e+02 -3.745701583101266330e-01 9.271985744723331146e-01 -0.000000000000000000e+00 -9.764514923095703125e+01 -0.000000000000000000e+00 0.000000000000000000e+00 1.000000000000000000e+00 0.000000000000000000e+00
9.271985744723331146e-01 3.745701583101266330e-01 0.000000000000000000e+00 7.604392089843750000e+02 -3.745701583101266330e-01 9.271985744723331146e-01 -0.000000000000000000e+00 -9.764514923095703125e+01 -0.000000000000000000e+00 0.000000000000000000e+00 1.000000000000000000e+00 0.000000000000000000e+00
9.271985744723331146e-01 3.745701583101266330e-01 0.000000000000000000e+00 7.604392089843750000e+02 -3.745701583101266330e-01 9.271985744723331146e-01 -0.000000000000000000e+00 -9.764514923095703125e+01 -0.000000000000000000e+00 0.000000000000000000e+00 1.000000000000000000e+00 0.000000000000000000e+00
9.247708709724855591e-01 3.805244226075251701e-01 0.000000000000000000e+00 7.638568115234375000e+02 -3.805244226075251701e-01 9.247708709724855591e-01 -0.000000000000000000e+00 -9.891506195068359375e+01 -0.000000000000000000e+00 0.000000000000000000e+00 1.000000000000000000e+00 0.000000000000000000e+00
9.238084996625240963e-01 3.828548758358395476e-01 0.000000000000000000e+00 7.668119506835937500e+02 -3.828548758358395476e-01 9.238084996625240963e-01 -0.000000000000000000e+00 -1.000966644287109375e+02 -0.000000000000000000e+00 0.000000000000000000e+00 1.000000000000000000e+00 0.000000000000000000e+00
9.235698252733470781e-01 3.834302776836477356e-01 0.000000000000000000e+00 7.695645751953125000e+02 -3.834302776836477356e-01 9.235698252733470781e-01 -0.000000000000000000e+00 -1.013500213623046875e+02 -0.000000000000000000e+00 0.000000000000000000e+00 1.000000000000000000e+00 0.000000000000000000e+00
9.247597348508623805e-01 3.805514850825874040e-01 0.000000000000000000e+00 7.701061401367187500e+02 -3.805514850825874040e-01 9.247597348508623805e-01 -0.000000000000000000e+00 -1.018237228393554688e+02 -0.000000000000000000e+00 0.000000000000000000e+00 1.000000000000000000e+00 0.000000000000000000e+00
9.243360550019230626e-01 3.815794247905431313e-01 0.000000000000000000e+00 7.734597167968750000e+02 -3.815794247905431313e-01 9.243360550019230626e-01 -0.000000000000000000e+00 -1.033418731689453125e+02 -0.000000000000000000e+00 0.000000000000000000e+00 1.000000000000000000e+00 0.000000000000000000e+00
9.235356104150710399e-01 3.835126807489709355e-01 0.000000000000000000e+00 7.768529052734375000e+02 -3.835126807489709355e-01 9.235356104150710399e-01 -0.000000000000000000e+00 -1.047606430053710938e+02 -0.000000000000000000e+00 0.000000000000000000e+00 1.000000000000000000e+00 0.000000000000000000e+00
9.234559505830115533e-01 3.837044531052859475e-01 0.000000000000000000e+00 7.801639404296875000e+02 -3.837044531052859475e-01 9.234559505830115533e-01 -0.000000000000000000e+00 -1.062720031738281250e+02 -0.000000000000000000e+00 0.000000000000000000e+00 1.000000000000000000e+00 0.000000000000000000e+00
9.229569499173920777e-01 3.849031938022658972e-01 0.000000000000000000e+00 7.832655639648437500e+02 -3.849031938022658972e-01 9.229569499173920777e-01 -0.000000000000000000e+00 -1.075859985351562500e+02 -0.000000000000000000e+00 0.000000000000000000e+00 1.000000000000000000e+00 0.000000000000000000e+00
9.226346092550907763e-01 3.856752232185857165e-01 0.000000000000000000e+00 7.861459350585937500e+02 -3.856752232185857165e-01 9.226346092550907763e-01 -0.000000000000000000e+00 -1.088470458984375000e+02 -0.000000000000000000e+00 0.000000000000000000e+00 1.000000000000000000e+00 0.000000000000000000e+00
9.224607149078616342e-01 3.860909600750538351e-01 0.000000000000000000e+00 7.890065307617187500e+02 -3.860909600750538351e-01 9.224607149078616342e-01 -0.000000000000000000e+00 -1.101334991455078125e+02 -0.000000000000000000e+00 0.000000000000000000e+00 1.000000000000000000e+00 0.000000000000000000e+00
9.228559069420092520e-01 3.851453946527745864e-01 0.000000000000000000e+00 7.916726074218750000e+02 -3.851453946527745864e-01 9.228559069420092520e-01 -0.000000000000000000e+00 -1.114562377929687500e+02 -0.000000000000000000e+00 0.000000000000000000e+00 1.000000000000000000e+00 0.000000000000000000e+00
9.231090258645072710e-01 3.845383288665520372e-01 0.000000000000000000e+00 7.944494628906250000e+02 -3.845383288665520372e-01 9.231090258645072710e-01 -0.000000000000000000e+00 -1.127908859252929688e+02 -0.000000000000000000e+00 0.000000000000000000e+00 1.000000000000000000e+00 0.000000000000000000e+00
9.228511543313557830e-01 3.851567822968772203e-01 0.000000000000000000e+00 7.972686767578125000e+02 -3.851567822968772203e-01 9.228511543313557830e-01 -0.000000000000000000e+00 -1.140627517700195312e+02 -0.000000000000000000e+00 0.000000000000000000e+00 1.000000000000000000e+00 0.000000000000000000e+00
9.221295380682227316e-01 3.868812673444995132e-01 0.000000000000000000e+00 8.002435913085937500e+02 -3.868812673444995132e-01 9.221295380682227316e-01 -0.000000000000000000e+00 -1.153033905029296875e+02 -0.000000000000000000e+00 0.000000000000000000e+00 1.000000000000000000e+00 0.000000000000000000e+00
9.227823668072936414e-01 3.853215585839045443e-01 0.000000000000000000e+00 8.028153076171875000e+02 -3.853215585839045443e-01 9.227823668072936414e-01 -0.000000000000000000e+00 -1.166373291015625000e+02 -0.000000000000000000e+00 0.000000000000000000e+00 1.000000000000000000e+00 0.000000000000000000e+00
9.227273285385637625e-01 3.854533398066301020e-01 0.000000000000000000e+00 8.058241577148437500e+02 -3.854533398066301020e-01 9.227273285385637625e-01 -0.000000000000000000e+00 -1.180309982299804688e+02 -0.000000000000000000e+00 0.000000000000000000e+00 1.000000000000000000e+00 0.000000000000000000e+00
9.225780003956389752e-01 3.858106182908710990e-01 0.000000000000000000e+00 8.086102294921875000e+02 -3.858106182908710990e-01 9.225780003956389752e-01 -0.000000000000000000e+00 -1.193241119384765625e+02 -0.000000000000000000e+00 0.000000000000000000e+00 1.000000000000000000e+00 0.000000000000000000e+00
9.229913243949106061e-01 3.848207570957273838e-01 0.000000000000000000e+00 8.100933837890625000e+02 -3.848207570957273838e-01 9.229913243949106061e-01 -0.000000000000000000e+00 -1.201218795776367188e+02 -0.000000000000000000e+00 0.000000000000000000e+00 1.000000000000000000e+00 0.000000000000000000e+00
9.226729479882977980e-01 3.855834942662665354e-01 0.000000000000000000e+00 8.132982177734375000e+02 -3.855834942662665354e-01 9.226729479882977980e-01 -0.000000000000000000e+00 -1.215891113281250000e+02 -0.000000000000000000e+00 0.000000000000000000e+00 1.000000000000000000e+00 0.000000000000000000e+00
9.227028607858024367e-01 3.855119073358125314e-01 0.000000000000000000e+00 8.164903564453125000e+02 -3.855119073358125314e-01 9.227028607858024367e-01 -0.000000000000000000e+00 -1.230843811035156250e+02 -0.000000000000000000e+00 0.000000000000000000e+00 1.000000000000000000e+00 0.000000000000000000e+00
9.224381856311241190e-01 3.861447833255808870e-01 0.000000000000000000e+00 8.196323242187500000e+02 -3.861447833255808870e-01 9.224381856311241190e-01 -0.000000000000000000e+00 -1.245221710205078125e+02 -0.000000000000000000e+00 0.000000000000000000e+00 1.000000000000000000e+00 0.000000000000000000e+00
9.227630404898525818e-01 3.853678387020932905e-01 0.000000000000000000e+00 8.211470947265625000e+02 -3.853678387020932905e-01 9.227630404898525818e-01 -0.000000000000000000e+00 -1.253172378540039062e+02 -0.000000000000000000e+00 0.000000000000000000e+00 1.000000000000000000e+00 0.000000000000000000e+00
9.223396047670303632e-01 3.863801929165084359e-01 0.000000000000000000e+00 8.215382080078125000e+02 -3.863801929165084359e-01 9.223396047670303632e-01 -0.000000000000000000e+00 -1.254785995483398438e+02 -0.000000000000000000e+00 0.000000000000000000e+00 1.000000000000000000e+00 0.000000000000000000e+00
9.223396047670303632e-01 3.863801929165084359e-01 0.000000000000000000e+00 8.215382080078125000e+02 -3.863801929165084359e-01 9.223396047670303632e-01 -0.000000000000000000e+00 -1.254785995483398438e+02 -0.000000000000000000e+00 0.000000000000000000e+00 1.000000000000000000e+00 0.000000000000000000e+00
9.228887508817944507e-01 3.850666870762012861e-01 0.000000000000000000e+00 8.245587768554687500e+02 -3.850666870762012861e-01 9.228887508817944507e-01 -0.000000000000000000e+00 -1.270351104736328125e+02 -0.000000000000000000e+00 0.000000000000000000e+00 1.000000000000000000e+00 0.000000000000000000e+00
9.238707954186575755e-01 3.827045248915891262e-01 0.000000000000000000e+00 8.275502929687500000e+02 -3.827045248915891262e-01 9.238707954186575755e-01 -0.000000000000000000e+00 -1.285391387939453125e+02 -0.000000000000000000e+00 0.000000000000000000e+00 1.000000000000000000e+00 0.000000000000000000e+00
9.251764198221066327e-01 3.795373396718023096e-01 0.000000000000000000e+00 8.304792480468750000e+02 -3.795373396718023096e-01 9.251764198221066327e-01 -0.000000000000000000e+00 -1.300554199218750000e+02 -0.000000000000000000e+00 0.000000000000000000e+00 1.000000000000000000e+00 0.000000000000000000e+00
9.266827290891781477e-01 3.758445418092870582e-01 0.000000000000000000e+00 8.334671630859375000e+02 -3.758445418092870582e-01 9.266827290891781477e-01 -0.000000000000000000e+00 -1.316170959472656250e+02 -0.000000000000000000e+00 0.000000000000000000e+00 1.000000000000000000e+00 0.000000000000000000e+00
9.272242153483509775e-01 3.745066814779608455e-01 0.000000000000000000e+00 8.365021362304687500e+02 -3.745066814779608455e-01 9.272242153483509775e-01 -0.000000000000000000e+00 -1.330792541503906250e+02 -0.000000000000000000e+00 0.000000000000000000e+00 1.000000000000000000e+00 0.000000000000000000e+00
9.273673528257581067e-01 3.741520986349614053e-01 0.000000000000000000e+00 8.394925537109375000e+02 -3.741520986349614053e-01 9.273673528257581067e-01 -0.000000000000000000e+00 -1.344713745117187500e+02 -0.000000000000000000e+00 0.000000000000000000e+00 1.000000000000000000e+00 0.000000000000000000e+00
9.294388776533094587e-01 3.689761140054413358e-01 0.000000000000000000e+00 8.408803710937500000e+02 -3.689761140054413358e-01 9.294388776533094587e-01 -0.000000000000000000e+00 -1.353283691406250000e+02 -0.000000000000000000e+00 0.000000000000000000e+00 1.000000000000000000e+00 0.000000000000000000e+00
9.278753687999530264e-01 3.728904664567747052e-01 0.000000000000000000e+00 8.415519409179687500e+02 -3.728904664567747052e-01 9.278753687999530264e-01 -0.000000000000000000e+00 -1.355468292236328125e+02 -0.000000000000000000e+00 0.000000000000000000e+00 1.000000000000000000e+00 0.000000000000000000e+00
9.264147357350718259e-01 3.765046313299704739e-01 0.000000000000000000e+00 8.424113769531250000e+02 -3.765046313299704739e-01 9.264147357350718259e-01 -0.000000000000000000e+00 -1.359184875488281250e+02 -0.000000000000000000e+00 0.000000000000000000e+00 1.000000000000000000e+00 0.000000000000000000e+00
9.267704652940583765e-01 3.756281467869979629e-01 0.000000000000000000e+00 8.435831909179687500e+02 -3.756281467869979629e-01 9.267704652940583765e-01 -0.000000000000000000e+00 -1.365686798095703125e+02 -0.000000000000000000e+00 0.000000000000000000e+00 1.000000000000000000e+00 0.000000000000000000e+00
9.256554093438517095e-01 3.783676296308476905e-01 0.000000000000000000e+00 8.469998779296875000e+02 -3.783676296308476905e-01 9.256554093438517095e-01 -0.000000000000000000e+00 -1.378069000244140625e+02 -0.000000000000000000e+00 0.000000000000000000e+00 1.000000000000000000e+00 0.000000000000000000e+00
9.255170948751360038e-01 3.787058318720329941e-01 0.000000000000000000e+00 8.498505859375000000e+02 -3.787058318720329941e-01 9.255170948751360038e-01 -0.000000000000000000e+00 -1.390655364990234375e+02 -0.000000000000000000e+00 0.000000000000000000e+00 1.000000000000000000e+00 0.000000000000000000e+00
9.253562124072853834e-01 3.790987736187535484e-01 0.000000000000000000e+00 8.527648315429687500e+02 -3.790987736187535484e-01 9.253562124072853834e-01 -0.000000000000000000e+00 -1.403633422851562500e+02 -0.000000000000000000e+00 0.000000000000000000e+00 1.000000000000000000e+00 0.000000000000000000e+00
9.251079981200490687e-01 3.797040845373081952e-01 0.000000000000000000e+00 8.555490722656250000e+02 -3.797040845373081952e-01 9.251079981200490687e-01 -0.000000000000000000e+00 -1.415927886962890625e+02 -0.000000000000000000e+00 0.000000000000000000e+00 1.000000000000000000e+00 0.000000000000000000e+00
9.252396230416350953e-01 3.793832362582366113e-01 0.000000000000000000e+00 8.583168334960937500e+02 -3.793832362582366113e-01 9.252396230416350953e-01 -0.000000000000000000e+00 -1.429073791503906250e+02 -0.000000000000000000e+00 0.000000000000000000e+00 1.000000000000000000e+00 0.000000000000000000e+00
9.251741080732887035e-01 3.795429748405240722e-01 0.000000000000000000e+00 8.610812988281250000e+02 -3.795429748405240722e-01 9.251741080732887035e-01 -0.000000000000000000e+00 -1.441862335205078125e+02 -0.000000000000000000e+00 0.000000000000000000e+00 1.000000000000000000e+00 0.000000000000000000e+00
9.259850904683144535e-01 3.775600776437935679e-01 0.000000000000000000e+00 8.608588867187500000e+02 -3.775600776437935679e-01 9.259850904683144535e-01 -0.000000000000000000e+00 -1.443489837646484375e+02 -0.000000000000000000e+00 0.000000000000000000e+00 1.000000000000000000e+00 0.000000000000000000e+00
9.226622906565767890e-01 3.856089954868255343e-01 0.000000000000000000e+00 8.643884277343750000e+02 -3.856089954868255343e-01 9.226622906565767890e-01 -0.000000000000000000e+00 -1.452197723388671875e+02 -0.000000000000000000e+00 0.000000000000000000e+00 1.000000000000000000e+00 0.000000000000000000e+00
9.256937015852720885e-01 3.782739362490591395e-01 0.000000000000000000e+00 8.607998046875000000e+02 -3.782739362490591395e-01 9.256937015852720885e-01 -0.000000000000000000e+00 -1.444079742431640625e+02 -0.000000000000000000e+00 0.000000000000000000e+00 1.000000000000000000e+00 0.000000000000000000e+00
