9.924305882559267822e-01 1.228068707116795888e-01 0.000000000000000000e+00 5.386747436523437500e+02 -1.228068707116795888e-01 9.924305882559267822e-01 -0.000000000000000000e+00 -3.680279922485351562e+01 -0.000000000000000000e+00 0.000000000000000000e+00 1.000000000000000000e+00 0.000000000000000000e+00
9.922317441152231909e-01 1.244032393873333170e-01 0.000000000000000000e+00 5.417065429687500000e+02 -1.244032393873333170e-01 9.922317441152231909e-01 -0.000000000000000000e+00 -3.728720092773437500e+01 -0.000000000000000000e+00 0.000000000000000000e+00 1.000000000000000000e+00 0.000000000000000000e+00
9.920225460210136958e-01 1.260605734795215982e-01 0.000000000000000000e+00 5.447315063476562500e+02 -1.260605734795215982e-01 9.920225460210136958e-01 -0.000000000000000000e+00 -3.775094223022460938e+01 -0.000000000000000000e+00 0.000000000000000000e+00 1.000000000000000000e+00 0.000000000000000000e+00
9.918204013241300743e-01 1.276412610296589478e-01 0.000000000000000000e+00 5.477561645507812500e+02 -1.276412610296589478e-01 9.918204013241300743e-01 -0.000000000000000000e+00 -3.821328353881835938e+01 -0.000000000000000000e+00 0.000000000000000000e+00 1.000000000000000000e+00 0.000000000000000000e+00
9.916274184699666039e-01 1.291319594004119442e-01 0.000000000000000000e+00 5.507692871093750000e+02 -1.291319594004119442e-01 9.916274184699666039e-01 -0.000000000000000000e+00 -3.867640304565429688e+01 -0.000000000000000000e+00 0.000000000000000000e+00 1.000000000000000000e+00 0.000000000000000000e+00
9.914382319914550878e-01 1.305765375006461559e-01 0.000000000000000000e+00 5.537908935546875000e+02 -1.305765375006461559e-01 9.914382319914550878e-01 -0.000000000000000000e+00 -3.914393615722656250e+01 -0.000000000000000000e+00 0.000000000000000000e+00 1.000000000000000000e+00 0.000000000000000000e+00
9.912304515997015786e-01 1.321445868034387960e-01 0.000000000000000000e+00 5.568186645507812500e+02 -1.321445868034387960e-01 9.912304515997015786e-01 -0.000000000000000000e+00 -3.960705566406250000e+01 -0.000000000000000000e+00 0.000000000000000000e+00 1.000000000000000000e+00 0.000000000000000000e+00
9.909839202015362503e-01 1.339808564758233067e-01 0.000000000000000000e+00 5.598327026367187500e+02 -1.339808564758233067e-01 9.909839202015362503e-01 -0.000000000000000000e+00 -4.006244659423828125e+01 -0.000000000000000000e+00 0.000000000000000000e+00 1.000000000000000000e+00 0.000000000000000000e+00
9.907290614617514368e-01 1.358525920809648957e-01 0.000000000000000000e+00 5.628461303710937500e+02 -1.358525920809648957e-01 9.907290614617514368e-01 -0.000000000000000000e+00 -4.052141189575195312e+01 -0.000000000000000000e+00 0.000000000000000000e+00 1.000000000000000000e+00 0.000000000000000000e+00
9.904551180329320692e-01 1.378356237058131484e-01 0.000000000000000000e+00 5.658566284179687500e+02 -1.378356237058131484e-01 9.904551180329320692e-01 -0.000000000000000000e+00 -4.098167037963867188e+01 -0.000000000000000000e+00 0.000000000000000000e+00 1.000000000000000000e+00 0.000000000000000000e+00
9.901857739299605443e-01 1.397574080566929000e-01 0.000000000000000000e+00 5.688798828125000000e+02 -1.397574080566929000e-01 9.901857739299605443e-01 -0.000000000000000000e+00 -4.145680236816406250e+01 -0.000000000000000000e+00 0.000000000000000000e+00 1.000000000000000000e+00 0.000000000000000000e+00
9.899305698661091668e-01 1.415537595564326512e-01 0.000000000000000000e+00 5.718004150390625000e+02 -1.415537595564326512e-01 9.899305698661091668e-01 -0.000000000000000000e+00 -4.191741180419921875e+01 -0.000000000000000000e+00 0.000000000000000000e+00 1.000000000000000000e+00 0.000000000000000000e+00
9.896929497985238466e-01 1.432056741861035543e-01 0.000000000000000000e+00 5.747409667968750000e+02 -1.432056741861035543e-01 9.896929497985238466e-01 -0.000000000000000000e+00 -4.239609146118164062e+01 -0.000000000000000000e+00 0.000000000000000000e+00 1.000000000000000000e+00 0.000000000000000000e+00
9.894060247935894115e-01 1.451747846636846084e-01 0.000000000000000000e+00 5.777070922851562500e+02 -1.451747846636846084e-01 9.894060247935894115e-01 -0.000000000000000000e+00 -4.287263107299804688e+01 -0.000000000000000000e+00 0.000000000000000000e+00 1.000000000000000000e+00 0.000000000000000000e+00
9.891568828232043531e-01 1.468627289800977509e-01 0.000000000000000000e+00 5.806687622070312500e+02 -1.468627289800977509e-01 9.891568828232043531e-01 -0.000000000000000000e+00 -4.336423873901367188e+01 -0.000000000000000000e+00 0.000000000000000000e+00 1.000000000000000000e+00 0.000000000000000000e+00
9.888857730645131960e-01 1.486772606372614713e-01 0.000000000000000000e+00 5.836383666992187500e+02 -1.486772606372614713e-01 9.888857730645131960e-01 -0.000000000000000000e+00 -4.386273956298828125e+01 -0.000000000000000000e+00 0.000000000000000000e+00 1.000000000000000000e+00 0.000000000000000000e+00
9.885844129030960659e-01 1.506680409544137178e-01 0.000000000000000000e+00 5.866301269531250000e+02 -1.506680409544137178e-01 9.885844129030960659e-01 -0.000000000000000000e+00 -4.436159133911132812e+01 -0.000000000000000000e+00 0.000000000000000000e+00 1.000000000000000000e+00 0.000000000000000000e+00
9.882553687551053345e-01 1.528114070569040750e-01 0.000000000000000000e+00 5.896170043945312500e+02 -1.528114070569040750e-01 9.882553687551053345e-01 -0.000000000000000000e+00 -4.485918807983398438e+01 -0.000000000000000000e+00 0.000000000000000000e+00 1.000000000000000000e+00 0.000000000000000000e+00
9.879063624751716066e-01 1.550516655217699935e-01 0.000000000000000000e+00 5.926207275390625000e+02 -1.550516655217699935e-01 9.879063624751716066e-01 -0.000000000000000000e+00 -4.536665344238281250e+01 -0.000000000000000000e+00 0.000000000000000000e+00 1.000000000000000000e+00 0.000000000000000000e+00
9.875371637024281668e-01 1.573859914559218032e-01 0.000000000000000000e+00 5.956240234375000000e+02 -1.573859914559218032e-01 9.875371637024281668e-01 -0.000000000000000000e+00 -4.587975692749023438e+01 -0.000000000000000000e+00 0.000000000000000000e+00 1.000000000000000000e+00 0.000000000000000000e+00
9.871001723914316628e-01 1.601038714860011647e-01 0.000000000000000000e+00 5.986307983398437500e+02 -1.601038714860011647e-01 9.871001723914316628e-01 -0.000000000000000000e+00 -4.639012908935546875e+01 -0.000000000000000000e+00 0.000000000000000000e+00 1.000000000000000000e+00 0.000000000000000000e+00
9.866486925264403851e-01 1.628630023543276573e-01 0.000000000000000000e+00 6.016470947265625000e+02 -1.628630023543276573e-01 9.866486925264403851e-01 -0.000000000000000000e+00 -4.691117858886718750e+01 -0.000000000000000000e+00 0.000000000000000000e+00 1.000000000000000000e+00 0.000000000000000000e+00
9.865049245372361497e-01 1.637315909156876192e-01 0.000000000000000000e+00 6.039180297851562500e+02 -1.637315909156876192e-01 9.865049245372361497e-01 -0.000000000000000000e+00 -4.729312515258789062e+01 -0.000000000000000000e+00 0.000000000000000000e+00 1.000000000000000000e+00 0.000000000000000000e+00
9.860004149687906505e-01 1.667428609607398693e-01 0.000000000000000000e+00 6.069478759765625000e+02 -1.667428609607398693e-01 9.860004149687906505e-01 -0.000000000000000000e+00 -4.781320190429687500e+01 -0.000000000000000000e+00 0.000000000000000000e+00 1.000000000000000000e+00 0.000000000000000000e+00
9.854690248786595053e-01 1.698552354350730265e-01 0.000000000000000000e+00 6.099608154296875000e+02 -1.698552354350730265e-01 9.854690248786595053e-01 -0.000000000000000000e+00 -4.833790206909179688e+01 -0.000000000000000000e+00 0.000000000000000000e+00 1.000000000000000000e+00 0.000000000000000000e+00
9.849150514253424138e-01 1.730385548824743269e-01 0.000000000000000000e+00 6.129689331054687500e+02 -1.730385548824743269e-01 9.849150514253424138e-01 -0.000000000000000000e+00 -4.886619949340820312e+01 -0.000000000000000000e+00 0.000000000000000000e+00 1.000000000000000000e+00 0.000000000000000000e+00
9.843148988543327649e-01 1.764204633634792463e-01 0.000000000000000000e+00 6.159738159179687500e+02 -1.764204633634792463e-01 9.843148988543327649e-01 -0.000000000000000000e+00 -4.939958190917968750e+01 -0.000000000000000000e+00 0.000000000000000000e+00 1.000000000000000000e+00 0.000000000000000000e+00
9.837042129793659440e-01 1.797943863602149417e-01 0.000000000000000000e+00 6.189757080078125000e+02 -1.797943863602149417e-01 9.837042129793659440e-01 -0.000000000000000000e+00 -4.994416427612304688e+01 -0.000000000000000000e+00 0.000000000000000000e+00 1.000000000000000000e+00 0.000000000000000000e+00
9.830389654870810290e-01 1.833968165865740851e-01 0.000000000000000000e+00 6.219745483398437500e+02 -1.833968165865740851e-01 9.830389654870810290e-01 -0.000000000000000000e+00 -5.049143600463867188e+01 -0.000000000000000000e+00 0.000000000000000000e+00 1.000000000000000000e+00 0.000000000000000000e+00
9.823474098235066565e-01 1.870656740640771198e-01 0.000000000000000000e+00 6.249689941406250000e+02 -1.870656740640771198e-01 9.823474098235066565e-01 -0.000000000000000000e+00 -5.103992462158203125e+01 -0.000000000000000000e+00 0.000000000000000000e+00 1.000000000000000000e+00 0.000000000000000000e+00
9.816193304810632014e-01 1.908493909497993024e-01 0.000000000000000000e+00 6.279614868164062500e+02 -1.908493909497993024e-01 9.816193304810632014e-01 -0.000000000000000000e+00 -5.159003829956054688e+01 -0.000000000000000000e+00 0.000000000000000000e+00 1.000000000000000000e+00 0.000000000000000000e+00
9.808889886330319774e-01 1.945682193434160323e-01 0.000000000000000000e+00 6.308576049804687500e+02 -1.945682193434160323e-01 9.808889886330319774e-01 -0.000000000000000000e+00 -5.212382888793945312e+01 -0.000000000000000000e+00 0.000000000000000000e+00 1.000000000000000000e+00 0.000000000000000000e+00
9.801792546044332255e-01 1.981126670435226500e-01 0.000000000000000000e+00 6.337642822265625000e+02 -1.981126670435226500e-01 9.801792546044332255e-01 -0.000000000000000000e+00 -5.267682647705078125e+01 -0.000000000000000000e+00 0.000000000000000000e+00 1.000000000000000000e+00 0.000000000000000000e+00
9.793838267065306802e-01 2.020082176191659029e-01 0.000000000000000000e+00 6.366986694335937500e+02 -2.020082176191659029e-01 9.793838267065306802e-01 -0.000000000000000000e+00 -5.323000335693359375e+01 -0.000000000000000000e+00 0.000000000000000000e+00 1.000000000000000000e+00 0.000000000000000000e+00
9.786111833633697188e-01 2.057186228714971143e-01 0.000000000000000000e+00 6.396339111328125000e+02 -2.057186228714971143e-01 9.786111833633697188e-01 -0.000000000000000000e+00 -5.379772567749023438e+01 -0.000000000000000000e+00 0.000000000000000000e+00 1.000000000000000000e+00 0.000000000000000000e+00
9.777926901268454429e-01 2.095744620284320514e-01 0.000000000000000000e+00 6.425883789062500000e+02 -2.095744620284320514e-01 9.777926901268454429e-01 -0.000000000000000000e+00 -5.437393569946289062e+01 -0.000000000000000000e+00 0.000000000000000000e+00 1.000000000000000000e+00 0.000000000000000000e+00
9.769493591051168213e-01 2.134711918365135019e-01 0.000000000000000000e+00 6.455441284179687500e+02 -2.134711918365135019e-01 9.769493591051168213e-01 -0.000000000000000000e+00 -5.495587158203125000e+01 -0.000000000000000000e+00 0.000000000000000000e+00 1.000000000000000000e+00 0.000000000000000000e+00
9.760853733757207662e-01 2.173875430699277744e-01 0.000000000000000000e+00 6.480521240234375000e+02 -2.173875430699277744e-01 9.760853733757207662e-01 -0.000000000000000000e+00 -5.538579940795898438e+01 -0.000000000000000000e+00 0.000000000000000000e+00 1.000000000000000000e+00 0.000000000000000000e+00
9.751542322087614068e-01 2.215270263542151730e-01 0.000000000000000000e+00 6.510503540039062500e+02 -2.215270263542151730e-01 9.751542322087614068e-01 -0.000000000000000000e+00 -5.601355361938476562e+01 -0.000000000000000000e+00 0.000000000000000000e+00 1.000000000000000000e+00 0.000000000000000000e+00
9.741509776206563886e-01 2.258979256228781374e-01 0.000000000000000000e+00 6.540490722656250000e+02 -2.258979256228781374e-01 9.741509776206563886e-01 -0.000000000000000000e+00 -5.666134643554687500e+01 -0.000000000000000000e+00 0.000000000000000000e+00 1.000000000000000000e+00 0.000000000000000000e+00
9.731583232334647393e-01 2.301366505392638817e-01 0.000000000000000000e+00 6.570493774414062500e+02 -2.301366505392638817e-01 9.731583232334647393e-01 -0.000000000000000000e+00 -5.733070755004882812e+01 -0.000000000000000000e+00 0.000000000000000000e+00 1.000000000000000000e+00 0.000000000000000000e+00
9.721277921184431348e-01 2.344516065010452954e-01 0.000000000000000000e+00 6.600491943359375000e+02 -2.344516065010452954e-01 9.721277921184431348e-01 -0.000000000000000000e+00 -5.802099609375000000e+01 -0.000000000000000000e+00 0.000000000000000000e+00 1.000000000000000000e+00 0.000000000000000000e+00
9.714776904304769367e-01 2.371309701322591446e-01 0.000000000000000000e+00 6.628395996093750000e+02 -2.371309701322591446e-01 9.714776904304769367e-01 -0.000000000000000000e+00 -5.862363433837890625e+01 -0.000000000000000000e+00 0.000000000000000000e+00 1.000000000000000000e+00 0.000000000000000000e+00
9.705819637286587920e-01 2.407709527426854235e-01 0.000000000000000000e+00 6.657272338867187500e+02 -2.407709527426854235e-01 9.705819637286587920e-01 -0.000000000000000000e+00 -5.935191726684570312e+01 -0.000000000000000000e+00 0.000000000000000000e+00 1.000000000000000000e+00 0.000000000000000000e+00
9.695189158481287706e-01 2.450164725333155435e-01 0.000000000000000000e+00 6.687081909179687500e+02 -2.450164725333155435e-01 9.695189158481287706e-01 -0.000000000000000000e+00 -6.008298492431640625e+01 -0.000000000000000000e+00 0.000000000000000000e+00 1.000000000000000000e+00 0.000000000000000000e+00
9.684700199254817621e-01 2.491301276552816135e-01 0.000000000000000000e+00 6.716854858398437500e+02 -2.491301276552816135e-01 9.684700199254817621e-01 -0.000000000000000000e+00 -6.083373641967773438e+01 -0.000000000000000000e+00 0.000000000000000000e+00 1.000000000000000000e+00 0.000000000000000000e+00
9.676617053884569719e-01 2.522515092614969201e-01 0.000000000000000000e+00 6.745300903320312500e+02 -2.522515092614969201e-01 9.676617053884569719e-01 -0.000000000000000000e+00 -6.154092788696289062e+01 -0.000000000000000000e+00 0.000000000000000000e+00 1.000000000000000000e+00 0.000000000000000000e+00
9.666029809740290801e-01 2.562785148468765817e-01 0.000000000000000000e+00 6.774988403320312500e+02 -2.562785148468765817e-01 9.666029809740290801e-01 -0.000000000000000000e+00 -6.232460403442382812e+01 -0.000000000000000000e+00 0.000000000000000000e+00 1.000000000000000000e+00 0.000000000000000000e+00
9.654715037352050722e-01 2.605086859881679540e-01 0.000000000000000000e+00 6.804649658203125000e+02 -2.605086859881679540e-01 9.654715037352050722e-01 -0.000000000000000000e+00 -6.300298309326171875e+01 -0.000000000000000000e+00 0.000000000000000000e+00 1.000000000000000000e+00 0.000000000000000000e+00
9.643803330496147908e-01 2.645195138871875296e-01 0.000000000000000000e+00 6.834122924804687500e+02 -2.645195138871875296e-01 9.643803330496147908e-01 -0.000000000000000000e+00 -6.369781494140625000e+01 -0.000000000000000000e+00 0.000000000000000000e+00 1.000000000000000000e+00 0.000000000000000000e+00
9.632415619374224969e-01 2.686367312121605844e-01 0.000000000000000000e+00 6.863654785156250000e+02 -2.686367312121605844e-01 9.632415619374224969e-01 -0.000000000000000000e+00 -6.440095520019531250e+01 -0.000000000000000000e+00 0.000000000000000000e+00 1.000000000000000000e+00 0.000000000000000000e+00
9.621995140746673059e-01 2.723455435920956735e-01 0.000000000000000000e+00 6.892149047851562500e+02 -2.723455435920956735e-01 9.621995140746673059e-01 -0.000000000000000000e+00 -6.509084320068359375e+01 -0.000000000000000000e+00 0.000000000000000000e+00 1.000000000000000000e+00 0.000000000000000000e+00
9.611099021952681509e-01 2.761661744352520986e-01 0.000000000000000000e+00 6.920961914062500000e+02 -2.761661744352520986e-01 9.611099021952681509e-01 -0.000000000000000000e+00 -6.580147552490234375e+01 -0.000000000000000000e+00 0.000000000000000000e+00 1.000000000000000000e+00 0.000000000000000000e+00
9.600523177949522591e-01 2.798205623190332392e-01 0.000000000000000000e+00 6.949991455078125000e+02 -2.798205623190332392e-01 9.600523177949522591e-01 -0.000000000000000000e+00 -6.654216003417968750e+01 -0.000000000000000000e+00 0.000000000000000000e+00 1.000000000000000000e+00 0.000000000000000000e+00
9.589364698992641767e-01 2.836209560260625206e-01 0.000000000000000000e+00 6.979152832031250000e+02 -2.836209560260625206e-01 9.589364698992641767e-01 -0.000000000000000000e+00 -6.729133605957031250e+01 -0.000000000000000000e+00 0.000000000000000000e+00 1.000000000000000000e+00 0.000000000000000000e+00
9.577628524896933948e-01 2.875592432713750535e-01 0.000000000000000000e+00 7.008345947265625000e+02 -2.875592432713750535e-01 9.577628524896933948e-01 -0.000000000000000000e+00 -6.804486846923828125e+01 -0.000000000000000000e+00 0.000000000000000000e+00 1.000000000000000000e+00 0.000000000000000000e+00
9.565926585052577646e-01 2.914283543065830373e-01 0.000000000000000000e+00 7.037487792968750000e+02 -2.914283543065830373e-01 9.565926585052577646e-01 -0.000000000000000000e+00 -6.880662536621093750e+01 -0.000000000000000000e+00 0.000000000000000000e+00 1.000000000000000000e+00 0.000000000000000000e+00
9.554081979283349790e-01 2.952882918968027792e-01 0.000000000000000000e+00 7.066706542968750000e+02 -2.952882918968027792e-01 9.554081979283349790e-01 -0.000000000000000000e+00 -6.958360290527343750e+01 -0.000000000000000000e+00 0.000000000000000000e+00 1.000000000000000000e+00 0.000000000000000000e+00
9.540847110406694975e-01 2.995369161863728480e-01 0.000000000000000000e+00 7.096121826171875000e+02 -2.995369161863728480e-01 9.540847110406694975e-01 -0.000000000000000000e+00 -7.036287689208984375e+01 -0.000000000000000000e+00 0.000000000000000000e+00 1.000000000000000000e+00 0.000000000000000000e+00
9.528027942757437696e-01 3.035899129093962423e-01 0.000000000000000000e+00 7.125473632812500000e+02 -3.035899129093962423e-01 9.528027942757437696e-01 -0.000000000000000000e+00 -7.115971374511718750e+01 -0.000000000000000000e+00 0.000000000000000000e+00 1.000000000000000000e+00 0.000000000000000000e+00
9.514716931183073712e-01 3.077362786455011268e-01 0.000000000000000000e+00 7.154737548828125000e+02 -3.077362786455011268e-01 9.514716931183073712e-01 -0.000000000000000000e+00 -7.195659637451171875e+01 -0.000000000000000000e+00 0.000000000000000000e+00 1.000000000000000000e+00 0.000000000000000000e+00
9.501571545262091911e-01 3.117713612611932583e-01 0.000000000000000000e+00 7.183937988281250000e+02 -3.117713612611932583e-01 9.501571545262091911e-01 -0.000000000000000000e+00 -7.276823425292968750e+01 -0.000000000000000000e+00 0.000000000000000000e+00 1.000000000000000000e+00 0.000000000000000000e+00
9.488576107923005765e-01 3.157043465673651794e-01 0.000000000000000000e+00 7.213202514648437500e+02 -3.157043465673651794e-01 9.488576107923005765e-01 -0.000000000000000000e+00 -7.359704589843750000e+01 -0.000000000000000000e+00 0.000000000000000000e+00 1.000000000000000000e+00 0.000000000000000000e+00
9.476193008520168437e-01 3.194020360810727599e-01 0.000000000000000000e+00 7.242463989257812500e+02 -3.194020360810727599e-01 9.476193008520168437e-01 -0.000000000000000000e+00 -7.444653320312500000e+01 -0.000000000000000000e+00 0.000000000000000000e+00 1.000000000000000000e+00 0.000000000000000000e+00
9.464495892694039236e-01 3.228516299661141065e-01 0.000000000000000000e+00 7.271627807617187500e+02 -3.228516299661141065e-01 9.464495892694039236e-01 -0.000000000000000000e+00 -7.531024169921875000e+01 -0.000000000000000000e+00 0.000000000000000000e+00 1.000000000000000000e+00 0.000000000000000000e+00
9.453454592944972035e-01 3.260704871515914260e-01 0.000000000000000000e+00 7.300658569335937500e+02 -3.260704871515914260e-01 9.453454592944972035e-01 -0.000000000000000000e+00 -7.618531799316406250e+01 -0.000000000000000000e+00 0.000000000000000000e+00 1.000000000000000000e+00 0.000000000000000000e+00
9.442841634943273110e-01 3.291313090148344500e-01 0.000000000000000000e+00 7.329683227539062500e+02 -3.291313090148344500e-01 9.442841634943273110e-01 -0.000000000000000000e+00 -7.706977844238281250e+01 -0.000000000000000000e+00 0.000000000000000000e+00 1.000000000000000000e+00 0.000000000000000000e+00
9.431674409318571151e-01 3.323178875204459981e-01 0.000000000000000000e+00 7.358779907226562500e+02 -3.323178875204459981e-01 9.431674409318571151e-01 -0.000000000000000000e+00 -7.796066284179687500e+01 -0.000000000000000000e+00 0.000000000000000000e+00 1.000000000000000000e+00 0.000000000000000000e+00
9.420582250681148739e-01 3.354494009258520704e-01 0.000000000000000000e+00 7.387887573242187500e+02 -3.354494009258520704e-01 9.420582250681148739e-01 -0.000000000000000000e+00 -7.885485076904296875e+01 -0.000000000000000000e+00 0.000000000000000000e+00 1.000000000000000000e+00 0.000000000000000000e+00
9.420946930370628358e-01 3.353469686032695685e-01 0.000000000000000000e+00 7.412009887695312500e+02 -3.353469686032695685e-01 9.420946930370628358e-01 -0.000000000000000000e+00 -7.966921234130859375e+01 -0.000000000000000000e+00 0.000000000000000000e+00 1.000000000000000000e+00 0.000000000000000000e+00
9.410728020681877748e-01 3.382040526184295626e-01 0.000000000000000000e+00 7.441191406250000000e+02 -3.382040526184295626e-01 9.410728020681877748e-01 -0.000000000000000000e+00 -8.062072753906250000e+01 -0.000000000000000000e+00 0.000000000000000000e+00 1.000000000000000000e+00 0.000000000000000000e+00
9.400921688231245188e-01 3.409203926394457351e-01 0.000000000000000000e+00 7.469592285156250000e+02 -3.409203926394457351e-01 9.400921688231245188e-01 -0.000000000000000000e+00 -8.157362365722656250e+01 -0.000000000000000000e+00 0.000000000000000000e+00 1.000000000000000000e+00 0.000000000000000000e+00
9.391247960012448770e-01 3.435762179424241003e-01 0.000000000000000000e+00 7.498179931640625000e+02 -3.435762179424241003e-01 9.391247960012448770e-01 -0.000000000000000000e+00 -8.256290435791015625e+01 -0.000000000000000000e+00 0.000000000000000000e+00 1.000000000000000000e+00 0.000000000000000000e+00
9.382575834451981622e-01 3.459374323596350886e-01 0.000000000000000000e+00 7.526779785156250000e+02 -3.459374323596350886e-01 9.382575834451981622e-01 -0.000000000000000000e+00 -8.358955383300781250e+01 -0.000000000000000000e+00 0.000000000000000000e+00 1.000000000000000000e+00 0.000000000000000000e+00
9.375022485593508259e-01 3.479792148191629964e-01 0.000000000000000000e+00 7.555367431640625000e+02 -3.479792148191629964e-01 9.375022485593508259e-01 -0.000000000000000000e+00 -8.465129852294921875e+01 -0.000000000000000000e+00 0.000000000000000000e+00 1.000000000000000000e+00 0.000000000000000000e+00
9.366811766245567439e-01 3.501833424896677038e-01 0.000000000000000000e+00 7.583986816406250000e+02 -3.501833424896677038e-01 9.366811766245567439e-01 -0.000000000000000000e+00 -8.573181152343750000e+01 -0.000000000000000000e+00 0.000000000000000000e+00 1.000000000000000000e+00 0.000000000000000000e+00
9.359146129321731511e-01 3.522269684450928251e-01 0.000000000000000000e+00 7.612496948242187500e+02 -3.522269684450928251e-01 9.359146129321731511e-01 -0.000000000000000000e+00 -8.683441925048828125e+01 -0.000000000000000000e+00 0.000000000000000000e+00 1.000000000000000000e+00 0.000000000000000000e+00
9.350959933987272876e-01 3.543945303325765073e-01 0.000000000000000000e+00 7.641070556640625000e+02 -3.543945303325765073e-01 9.350959933987272876e-01 -0.000000000000000000e+00 -8.794973754882812500e+01 -0.000000000000000000e+00 0.000000000000000000e+00 1.000000000000000000e+00 0.000000000000000000e+00
9.342433307000188591e-01 3.566362278884959158e-01 0.000000000000000000e+00 7.669592895507812500e+02 -3.566362278884959158e-01 9.342433307000188591e-01 -0.000000000000000000e+00 -8.907806396484375000e+01 -0.000000000000000000e+00 0.000000000000000000e+00 1.000000000000000000e+00 0.000000000000000000e+00
9.324322866725278658e-01 3.613447533459434591e-01 0.000000000000000000e+00 7.726845092773437500e+02 -3.613447533459434591e-01 9.324322866725278658e-01 -0.000000000000000000e+00 -9.120541381835937500e+01 -0.000000000000000000e+00 0.000000000000000000e+00 1.000000000000000000e+00 0.000000000000000000e+00
9.324322866725278658e-01 3.613447533459434591e-01 0.000000000000000000e+00 7.726845092773437500e+02 -3.613447533459434591e-01 9.324322866725278658e-01 -0.000000000000000000e+00 -9.120541381835937500e+01 -0.000000000000000000e+00 0.000000000000000000e+00 1.000000000000000000e+00 0.000000000000000000e+00
9.316095231920710207e-01 3.634607218088938274e-01 0.000000000000000000e+00 7.755485229492187500e+02 -3.634607218088938274e-01 9.316095231920710207e-01 -0.000000000000000000e+00 -9.221998596191406250e+01 -0.000000000000000000e+00 0.000000000000000000e+00 1.000000000000000000e+00 0.000000000000000000e+00
9.307778637928635357e-01 3.655852407759283551e-01 0.000000000000000000e+00 7.784228515625000000e+02 -3.655852407759283551e-01 9.307778637928635357e-01 -0.000000000000000000e+00 -9.325373840332031250e+01 -0.000000000000000000e+00 0.000000000000000000e+00 1.000000000000000000e+00 0.000000000000000000e+00
9.299810787978851634e-01 3.676073898576057153e-01 0.000000000000000000e+00 7.812921142578125000e+02 -3.676073898576057153e-01 9.299810787978851634e-01 -0.000000000000000000e+00 -9.430600738525390625e+01 -0.000000000000000000e+00 0.000000000000000000e+00 1.000000000000000000e+00 0.000000000000000000e+00
9.293365765240473308e-01 3.692337031401163872e-01 0.000000000000000000e+00 7.841514282226562500e+02 -3.692337031401163872e-01 9.293365765240473308e-01 -0.000000000000000000e+00 -9.538255310058593750e+01 -0.000000000000000000e+00 0.000000000000000000e+00 1.000000000000000000e+00 0.000000000000000000e+00
9.287265130209869657e-01 3.707655108176575176e-01 0.000000000000000000e+00 7.869964599609375000e+02 -3.707655108176575176e-01 9.287265130209869657e-01 -0.000000000000000000e+00 -9.646875000000000000e+01 -0.000000000000000000e+00 0.000000000000000000e+00 1.000000000000000000e+00 0.000000000000000000e+00
9.280344502457998912e-01 3.724943746648745058e-01 0.000000000000000000e+00 7.898356323242187500e+02 -3.724943746648745058e-01 9.280344502457998912e-01 -0.000000000000000000e+00 -9.754982757568359375e+01 -0.000000000000000000e+00 0.000000000000000000e+00 1.000000000000000000e+00 0.000000000000000000e+00
9.273395524479783880e-01 3.742209968261844266e-01 0.000000000000000000e+00 7.926730346679687500e+02 -3.742209968261844266e-01 9.273395524479783880e-01 -0.000000000000000000e+00 -9.863366699218750000e+01 -0.000000000000000000e+00 0.000000000000000000e+00 1.000000000000000000e+00 0.000000000000000000e+00
9.267859283764640077e-01 3.755899931619261500e-01 0.000000000000000000e+00 7.955006103515625000e+02 -3.755899931619261500e-01 9.267859283764640077e-01 -0.000000000000000000e+00 -9.973062133789062500e+01 -0.000000000000000000e+00 0.000000000000000000e+00 1.000000000000000000e+00 0.000000000000000000e+00
9.263827204830157314e-01 3.765833973909188948e-01 0.000000000000000000e+00 7.983167724609375000e+02 -3.765833973909188948e-01 9.263827204830157314e-01 -0.000000000000000000e+00 -1.008409576416015625e+02 -0.000000000000000000e+00 0.000000000000000000e+00 1.000000000000000000e+00 0.000000000000000000e+00
9.260667480716477939e-01 3.773597462846338124e-01 0.000000000000000000e+00 8.011271972656250000e+02 -3.773597462846338124e-01 9.260667480716477939e-01 -0.000000000000000000e+00 -1.019584579467773438e+02 -0.000000000000000000e+00 0.000000000000000000e+00 1.000000000000000000e+00 0.000000000000000000e+00
9.266694931789342116e-01 3.758771746348761322e-01 0.000000000000000000e+00 8.035443115234375000e+02 -3.758771746348761322e-01 9.266694931789342116e-01 -0.000000000000000000e+00 -1.029807052612304688e+02 -0.000000000000000000e+00 0.000000000000000000e+00 1.000000000000000000e+00 0.000000000000000000e+00
9.262771954295575538e-01 3.768428813539579370e-01 0.000000000000000000e+00 8.063295898437500000e+02 -3.768428813539579370e-01 9.262771954295575538e-01 -0.000000000000000000e+00 -1.041081161499023438e+02 -0.000000000000000000e+00 0.000000000000000000e+00 1.000000000000000000e+00 0.000000000000000000e+00
9.260192665824554803e-01 3.774762481509151280e-01 0.000000000000000000e+00 8.091160278320312500e+02 -3.774762481509151280e-01 9.260192665824554803e-01 -0.000000000000000000e+00 -1.052688598632812500e+02 -0.000000000000000000e+00 0.000000000000000000e+00 1.000000000000000000e+00 0.000000000000000000e+00
9.261695566444295702e-01 3.771073485694235727e-01 0.000000000000000000e+00 8.118776855468750000e+02 -3.771073485694235727e-01 9.261695566444295702e-01 -0.000000000000000000e+00 -1.064861755371093750e+02 -0.000000000000000000e+00 0.000000000000000000e+00 1.000000000000000000e+00 0.000000000000000000e+00
9.260646213277641259e-01 3.773649654181807089e-01 0.000000000000000000e+00 8.146736450195312500e+02 -3.773649654181807089e-01 9.260646213277641259e-01 -0.000000000000000000e+00 -1.076951522827148438e+02 -0.000000000000000000e+00 0.000000000000000000e+00 1.000000000000000000e+00 0.000000000000000000e+00
9.263284333818956329e-01 3.767169142847756058e-01 0.000000000000000000e+00 8.173002929687500000e+02 -3.767169142847756058e-01 9.263284333818956329e-01 -0.000000000000000000e+00 -1.087948455810546875e+02 -0.000000000000000000e+00 0.000000000000000000e+00 1.000000000000000000e+00 0.000000000000000000e+00
9.261332302632167002e-01 3.771965532745754079e-01 0.000000000000000000e+00 8.201162719726562500e+02 -3.771965532745754079e-01 9.261332302632167002e-01 -0.000000000000000000e+00 -1.100246658325195312e+02 -0.000000000000000000e+00 0.000000000000000000e+00 1.000000000000000000e+00 0.000000000000000000e+00
9.260140792446095448e-01 3.774889734028770705e-01 0.000000000000000000e+00 8.229099121093750000e+02 -3.774889734028770705e-01 9.260140792446095448e-01 -0.000000000000000000e+00 -1.112607498168945312e+02 -0.000000000000000000e+00 0.000000000000000000e+00 1.000000000000000000e+00 0.000000000000000000e+00
9.259674678934858294e-01 3.776032950106848474e-01 0.000000000000000000e+00 8.256976928710937500e+02 -3.776032950106848474e-01 9.259674678934858294e-01 -0.000000000000000000e+00 -1.125056228637695312e+02 -0.000000000000000000e+00 0.000000000000000000e+00 1.000000000000000000e+00 0.000000000000000000e+00
9.259641035365110406e-01 3.776115450589739853e-01 0.000000000000000000e+00 8.284893798828125000e+02 -3.776115450589739853e-01 9.259641035365110406e-01 -0.000000000000000000e+00 -1.137700729370117188e+02 -0.000000000000000000e+00 0.000000000000000000e+00 1.000000000000000000e+00 0.000000000000000000e+00
9.263433664910502019e-01 3.766801924153005965e-01 0.000000000000000000e+00 8.311333007812500000e+02 -3.766801924153005965e-01 9.263433664910502019e-01 -0.000000000000000000e+00 -1.150016403198242188e+02 -0.000000000000000000e+00 0.000000000000000000e+00 1.000000000000000000e+00 0.000000000000000000e+00
9.263433664910502019e-01 3.766801924153005965e-01 0.000000000000000000e+00 8.311333007812500000e+02 -3.766801924153005965e-01 9.263433664910502019e-01 -0.000000000000000000e+00 -1.150016403198242188e+02 -0.000000000000000000e+00 0.000000000000000000e+00 1.000000000000000000e+00 0.000000000000000000e+00
9.267554272920772718e-01 3.756652472410501042e-01 0.000000000000000000e+00 8.361706542968750000e+02 -3.756652472410501042e-01 9.267554272920772718e-01 -0.000000000000000000e+00 -1.172408828735351562e+02 -0.000000000000000000e+00 0.000000000000000000e+00 1.000000000000000000e+00 0.000000000000000000e+00
9.266684779019499496e-01 3.758796776401769901e-01 0.000000000000000000e+00 8.387904052734375000e+02 -3.758796776401769901e-01 9.266684779019499496e-01 -0.000000000000000000e+00 -1.183462982177734375e+02 -0.000000000000000000e+00 0.000000000000000000e+00 1.000000000000000000e+00 0.000000000000000000e+00
9.262358765180407350e-01 3.769444270059669755e-01 0.000000000000000000e+00 8.413219604492187500e+02 -3.769444270059669755e-01 9.262358765180407350e-01 -0.000000000000000000e+00 -1.193913497924804688e+02 -0.000000000000000000e+00 0.000000000000000000e+00 1.000000000000000000e+00 0.000000000000000000e+00
9.259206817146555801e-01 3.777180048304124016e-01 0.000000000000000000e+00 8.438947753906250000e+02 -3.777180048304124016e-01 9.259206817146555801e-01 -0.000000000000000000e+00 -1.204638519287109375e+02 -0.000000000000000000e+00 0.000000000000000000e+00 1.000000000000000000e+00 0.000000000000000000e+00
9.253112740216575816e-01 3.792084468579475787e-01 0.000000000000000000e+00 8.462849121093750000e+02 -3.792084468579475787e-01 9.253112740216575816e-01 -0.000000000000000000e+00 -1.214802932739257812e+02 -0.000000000000000000e+00 0.000000000000000000e+00 1.000000000000000000e+00 0.000000000000000000e+00
9.252307616013821789e-01 3.794048468147531161e-01 0.000000000000000000e+00 8.487944335937500000e+02 -3.794048468147531161e-01 9.252307616013821789e-01 -0.000000000000000000e+00 -1.225836181640625000e+02 -0.000000000000000000e+00 0.000000000000000000e+00 1.000000000000000000e+00 0.000000000000000000e+00
9.257946593263390866e-01 3.780267831289572666e-01 0.000000000000000000e+00 8.514368896484375000e+02 -3.780267831289572666e-01 9.257946593263390866e-01 -0.000000000000000000e+00 -1.237985229492187500e+02 -0.000000000000000000e+00 0.000000000000000000e+00 1.000000000000000000e+00 0.000000000000000000e+00
9.274367627512680734e-01 3.739800143021656531e-01 0.000000000000000000e+00 8.539520874023437500e+02 -3.739800143021656531e-01 9.274367627512680734e-01 -0.000000000000000000e+00 -1.250699539184570312e+02 -0.000000000000000000e+00 0.000000000000000000e+00 1.000000000000000000e+00 0.000000000000000000e+00
9.278792932418282735e-01 3.728807009930189542e-01 0.000000000000000000e+00 8.592210693359375000e+02 -3.728807009930189542e-01 9.278792932418282735e-01 -0.000000000000000000e+00 -1.276044006347656250e+02 -0.000000000000000000e+00 0.000000000000000000e+00 1.000000000000000000e+00 0.000000000000000000e+00
9.278792932418282735e-01 3.728807009930189542e-01 0.000000000000000000e+00 8.592210693359375000e+02 -3.728807009930189542e-01 9.278792932418282735e-01 -0.000000000000000000e+00 -1.276044006347656250e+02 -0.000000000000000000e+00 0.000000000000000000e+00 1.000000000000000000e+00 0.000000000000000000e+00
9.283730238010560187e-01 3.716497392417810186e-01 0.000000000000000000e+00 8.637603759765625000e+02 -3.716497392417810186e-01 9.283730238010560187e-01 -0.000000000000000000e+00 -1.299746093750000000e+02 -0.000000000000000000e+00 0.000000000000000000e+00 1.000000000000000000e+00 0.000000000000000000e+00
9.283730238010560187e-01 3.716497392417810186e-01 0.000000000000000000e+00 8.637603759765625000e+02 -3.716497392417810186e-01 9.283730238010560187e-01 -0.000000000000000000e+00 -1.299746093750000000e+02 -0.000000000000000000e+00 0.000000000000000000e+00 1.000000000000000000e+00 0.000000000000000000e+00
9.290136143669514013e-01 3.700455435765349632e-01 0.000000000000000000e+00 8.659215698242187500e+02 -3.700455435765349632e-01 9.290136143669514013e-01 -0.000000000000000000e+00 -1.311156921386718750e+02 -0.000000000000000000e+00 0.000000000000000000e+00 1.000000000000000000e+00 0.000000000000000000e+00
9.301203426208206615e-01 3.672548818503670875e-01 0.000000000000000000e+00 8.680341186523437500e+02 -3.672548818503670875e-01 9.301203426208206615e-01 -0.000000000000000000e+00 -1.322620544433593750e+02 -0.000000000000000000e+00 0.000000000000000000e+00 1.000000000000000000e+00 0.000000000000000000e+00
9.313197612341604925e-01 3.642025567383434526e-01 0.000000000000000000e+00 8.700883789062500000e+02 -3.642025567383434526e-01 9.313197612341604925e-01 -0.000000000000000000e+00 -1.333937835693359375e+02 -0.000000000000000000e+00 0.000000000000000000e+00 1.000000000000000000e+00 0.000000000000000000e+00
9.327358283049936860e-01 3.605605006045412564e-01 0.000000000000000000e+00 8.720991821289062500e+02 -3.605605006045412564e-01 9.327358283049936860e-01 -0.000000000000000000e+00 -1.345137634277343750e+02 -0.000000000000000000e+00 0.000000000000000000e+00 1.000000000000000000e+00 0.000000000000000000e+00
9.327169078074546427e-01 3.606094423196656296e-01 0.000000000000000000e+00 8.762242431640625000e+02 -3.606094423196656296e-01 9.327169078074546427e-01 -0.000000000000000000e+00 -1.366021881103515625e+02 -0.000000000000000000e+00 0.000000000000000000e+00 1.000000000000000000e+00 0.000000000000000000e+00
9.318895356061318580e-01 3.627421858948692290e-01 0.000000000000000000e+00 8.781749877929687500e+02 -3.627421858948692290e-01 9.318895356061318580e-01 -0.000000000000000000e+00 -1.376383972167968750e+02 -0.000000000000000000e+00 0.000000000000000000e+00 1.000000000000000000e+00 0.000000000000000000e+00
9.316771638240921583e-01 3.632873000927720475e-01 0.000000000000000000e+00 8.807205200195312500e+02 -3.632873000927720475e-01 9.316771638240921583e-01 -0.000000000000000000e+00 -1.387360687255859375e+02 -0.000000000000000000e+00 0.000000000000000000e+00 1.000000000000000000e+00 0.000000000000000000e+00
9.312251934454206515e-01 3.644442880503671600e-01 0.000000000000000000e+00 8.858344116210937500e+02 -3.644442880503671600e-01 9.312251934454206515e-01 -0.000000000000000000e+00 -1.409601745605468750e+02 -0.000000000000000000e+00 0.000000000000000000e+00 1.000000000000000000e+00 0.000000000000000000e+00
9.312251934454206515e-01 3.644442880503671600e-01 0.000000000000000000e+00 8.858344116210937500e+02 -3.644442880503671600e-01 9.312251934454206515e-01 -0.000000000000000000e+00 -1.409601745605468750e+02 -0.000000000000000000e+00 0.000000000000000000e+00 1.000000000000000000e+00 0.000000000000000000e+00
9.310567085674996690e-01 3.648745064148137818e-01 0.000000000000000000e+00 8.884004516601562500e+02 -3.648745064148137818e-01 9.310567085674996690e-01 -0.000000000000000000e+00 -1.420918273925781250e+02 -0.000000000000000000e+00 0.000000000000000000e+00 1.000000000000000000e+00 0.000000000000000000e+00
9.309075055261005760e-01 3.652550015471012768e-01 0.000000000000000000e+00 8.909716186523437500e+02 -3.652550015471012768e-01 9.309075055261005760e-01 -0.000000000000000000e+00 -1.432345275878906250e+02 -0.000000000000000000e+00 0.000000000000000000e+00 1.000000000000000000e+00 0.000000000000000000e+00
9.307928704532044684e-01 3.655470316026162569e-01 0.000000000000000000e+00 8.935462036132812500e+02 -3.655470316026162569e-01 9.307928704532044684e-01 -0.000000000000000000e+00 -1.443850555419921875e+02 -0.000000000000000000e+00 0.000000000000000000e+00 1.000000000000000000e+00 0.000000000000000000e+00
9.306309789725411008e-01 3.659589881074239992e-01 0.000000000000000000e+00 8.961292724609375000e+02 -3.659589881074239992e-01 9.306309789725411008e-01 -0.000000000000000000e+00 -1.455365600585937500e+02 -0.000000000000000000e+00 0.000000000000000000e+00 1.000000000000000000e+00 0.000000000000000000e+00
9.307008198551736111e-01 3.657813334779507763e-01 0.000000000000000000e+00 8.981514282226562500e+02 -3.657813334779507763e-01 9.307008198551736111e-01 -0.000000000000000000e+00 -1.464802398681640625e+02 -0.000000000000000000e+00 0.000000000000000000e+00 1.000000000000000000e+00 0.000000000000000000e+00
9.304551243647923853e-01 3.664058699629398341e-01 0.000000000000000000e+00 9.007232055664062500e+02 -3.664058699629398341e-01 9.304551243647923853e-01 -0.000000000000000000e+00 -1.476127471923828125e+02 -0.000000000000000000e+00 0.000000000000000000e+00 1.000000000000000000e+00 0.000000000000000000e+00
9.302518543049485000e-01 3.669216368139182616e-01 0.000000000000000000e+00 9.033042602539062500e+02 -3.669216368139182616e-01 9.302518543049485000e-01 -0.000000000000000000e+00 -1.487499237060546875e+02 -0.000000000000000000e+00 0.000000000000000000e+00 1.000000000000000000e+00 0.000000000000000000e+00
