9.921051483826828221e-01 1.254088296435895422e-01 0.000000000000000000e+00 5.390447998046875000e+02 -1.254088296435895422e-01 9.921051483826828221e-01 -0.000000000000000000e+00 -3.733477401733398438e+01 -0.000000000000000000e+00 0.000000000000000000e+00 1.000000000000000000e+00 0.000000000000000000e+00
9.918509843493961142e-01 1.274033941664587388e-01 0.000000000000000000e+00 5.420105590820312500e+02 -1.274033941664587388e-01 9.918509843493961142e-01 -0.000000000000000000e+00 -3.780707931518554688e+01 -0.000000000000000000e+00 0.000000000000000000e+00 1.000000000000000000e+00 0.000000000000000000e+00
9.915674275914233560e-01 1.295918073788901725e-01 0.000000000000000000e+00 5.450125122070312500e+02 -1.295918073788901725e-01 9.915674275914233560e-01 -0.000000000000000000e+00 -3.825076293945312500e+01 -0.000000000000000000e+00 0.000000000000000000e+00 1.000000000000000000e+00 0.000000000000000000e+00
9.913605183572580248e-01 1.311652493705120770e-01 0.000000000000000000e+00 5.480553588867187500e+02 -1.311652493705120770e-01 9.913605183572580248e-01 -0.000000000000000000e+00 -3.876651000976562500e+01 -0.000000000000000000e+00 0.000000000000000000e+00 1.000000000000000000e+00 0.000000000000000000e+00
9.911258228259711700e-01 1.329270601779096450e-01 0.000000000000000000e+00 5.510457153320312500e+02 -1.329270601779096450e-01 9.911258228259711700e-01 -0.000000000000000000e+00 -3.926903915405273438e+01 -0.000000000000000000e+00 0.000000000000000000e+00 1.000000000000000000e+00 0.000000000000000000e+00
9.908912384565538023e-01 1.346645964982520760e-01 0.000000000000000000e+00 5.540875244140625000e+02 -1.346645964982520760e-01 9.908912384565538023e-01 -0.000000000000000000e+00 -3.978836822509765625e+01 -0.000000000000000000e+00 0.000000000000000000e+00 1.000000000000000000e+00 0.000000000000000000e+00
9.906108011852519102e-01 1.367122546632643099e-01 0.000000000000000000e+00 5.571761474609375000e+02 -1.367122546632643099e-01 9.906108011852519102e-01 -0.000000000000000000e+00 -4.029114532470703125e+01 -0.000000000000000000e+00 0.000000000000000000e+00 1.000000000000000000e+00 0.000000000000000000e+00
9.903803336335937901e-01 1.383719435138912324e-01 0.000000000000000000e+00 5.601525268554687500e+02 -1.383719435138912324e-01 9.903803336335937901e-01 -0.000000000000000000e+00 -4.086569976806640625e+01 -0.000000000000000000e+00 0.000000000000000000e+00 1.000000000000000000e+00 0.000000000000000000e+00
9.900448128891695676e-01 1.407525078684187525e-01 0.000000000000000000e+00 5.631527099609375000e+02 -1.407525078684187525e-01 9.900448128891695676e-01 -0.000000000000000000e+00 -4.137452697753906250e+01 -0.000000000000000000e+00 0.000000000000000000e+00 1.000000000000000000e+00 0.000000000000000000e+00
9.897670014148927109e-01 1.426929672764982449e-01 0.000000000000000000e+00 5.661452636718750000e+02 -1.426929672764982449e-01 9.897670014148927109e-01 -0.000000000000000000e+00 -4.195072555541992188e+01 -0.000000000000000000e+00 0.000000000000000000e+00 1.000000000000000000e+00 0.000000000000000000e+00
9.894666945954887494e-01 1.447607000752541839e-01 0.000000000000000000e+00 5.692523803710937500e+02 -1.447607000752541839e-01 9.894666945954887494e-01 -0.000000000000000000e+00 -4.254295730590820312e+01 -0.000000000000000000e+00 0.000000000000000000e+00 1.000000000000000000e+00 0.000000000000000000e+00
9.891343683102902240e-01 1.470142898748387772e-01 0.000000000000000000e+00 5.716259155273437500e+02 -1.470142898748387772e-01 9.891343683102902240e-01 -0.000000000000000000e+00 -4.292352294921875000e+01 -0.000000000000000000e+00 0.000000000000000000e+00 1.000000000000000000e+00 0.000000000000000000e+00
9.888414922591790557e-01 1.489714844748478151e-01 0.000000000000000000e+00 5.746110839843750000e+02 -1.489714844748478151e-01 9.888414922591790557e-01 -0.000000000000000000e+00 -4.346276473999023438e+01 -0.000000000000000000e+00 0.000000000000000000e+00 1.000000000000000000e+00 0.000000000000000000e+00
9.883763872662062466e-01 1.520266986242950757e-01 0.000000000000000000e+00 5.777021484375000000e+02 -1.520266986242950757e-01 9.883763872662062466e-01 -0.000000000000000000e+00 -4.398586273193359375e+01 -0.000000000000000000e+00 0.000000000000000000e+00 1.000000000000000000e+00 0.000000000000000000e+00
9.880822046160114835e-01 1.539271156137294316e-01 0.000000000000000000e+00 5.806365966796875000e+02 -1.539271156137294316e-01 9.880822046160114835e-01 -0.000000000000000000e+00 -4.457672882080078125e+01 -0.000000000000000000e+00 0.000000000000000000e+00 1.000000000000000000e+00 0.000000000000000000e+00
9.877852107258942027e-01 1.558216206795472181e-01 0.000000000000000000e+00 5.835800781250000000e+02 -1.558216206795472181e-01 9.877852107258942027e-01 -0.000000000000000000e+00 -4.517072677612304688e+01 -0.000000000000000000e+00 0.000000000000000000e+00 1.000000000000000000e+00 0.000000000000000000e+00
9.873312450457055744e-01 1.586726585032748049e-01 0.000000000000000000e+00 5.867191772460937500e+02 -1.586726585032748049e-01 9.873312450457055744e-01 -0.000000000000000000e+00 -4.575809860229492188e+01 -0.000000000000000000e+00 0.000000000000000000e+00 1.000000000000000000e+00 0.000000000000000000e+00
9.869518712625598988e-01 1.610155390368623596e-01 0.000000000000000000e+00 5.896870117187500000e+02 -1.610155390368623596e-01 9.869518712625598988e-01 -0.000000000000000000e+00 -4.636828613281250000e+01 -0.000000000000000000e+00 0.000000000000000000e+00 1.000000000000000000e+00 0.000000000000000000e+00
9.864249061201446622e-01 1.642129854361820129e-01 0.000000000000000000e+00 5.927279052734375000e+02 -1.642129854361820129e-01 9.864249061201446622e-01 -0.000000000000000000e+00 -4.694540405273437500e+01 -0.000000000000000000e+00 0.000000000000000000e+00 1.000000000000000000e+00 0.000000000000000000e+00
9.858583270060474746e-01 1.675809030672562039e-01 0.000000000000000000e+00 5.957711791992187500e+02 -1.675809030672562039e-01 9.858583270060474746e-01 -0.000000000000000000e+00 -4.751408767700195312e+01 -0.000000000000000000e+00 0.000000000000000000e+00 1.000000000000000000e+00 0.000000000000000000e+00
9.852407512251833976e-01 1.711743617637765669e-01 0.000000000000000000e+00 5.988204345703125000e+02 -1.711743617637765669e-01 9.852407512251833976e-01 -0.000000000000000000e+00 -4.809640502929687500e+01 -0.000000000000000000e+00 0.000000000000000000e+00 1.000000000000000000e+00 0.000000000000000000e+00
9.845748237846372319e-01 1.749640430758576948e-01 0.000000000000000000e+00 6.018952026367187500e+02 -1.749640430758576948e-01 9.845748237846372319e-01 -0.000000000000000000e+00 -4.867091751098632812e+01 -0.000000000000000000e+00 0.000000000000000000e+00 1.000000000000000000e+00 0.000000000000000000e+00
9.848668542425400574e-01 1.733126637450458640e-01 0.000000000000000000e+00 6.016010131835937500e+02 -1.733126637450458640e-01 9.848668542425400574e-01 -0.000000000000000000e+00 -4.853246307373046875e+01 -0.000000000000000000e+00 0.000000000000000000e+00 1.000000000000000000e+00 0.000000000000000000e+00
9.843933766112292760e-01 1.759820447771380525e-01 0.000000000000000000e+00 6.051987915039062500e+02 -1.759820447771380525e-01 9.843933766112292760e-01 -0.000000000000000000e+00 -4.938216781616210938e+01 -0.000000000000000000e+00 0.000000000000000000e+00 1.000000000000000000e+00 0.000000000000000000e+00
9.836862600677961366e-01 1.798925839322790543e-01 0.000000000000000000e+00 6.086469726562500000e+02 -1.798925839322790543e-01 9.836862600677961366e-01 -0.000000000000000000e+00 -5.014387512207031250e+01 -0.000000000000000000e+00 0.000000000000000000e+00 1.000000000000000000e+00 0.000000000000000000e+00
9.829930750962869723e-01 1.836426266223216419e-01 0.000000000000000000e+00 6.117086181640625000e+02 -1.836426266223216419e-01 9.829930750962869723e-01 -0.000000000000000000e+00 -5.078799438476562500e+01 -0.000000000000000000e+00 0.000000000000000000e+00 1.000000000000000000e+00 0.000000000000000000e+00
9.822618837009980952e-01 1.875142443340423737e-01 0.000000000000000000e+00 6.146382446289062500e+02 -1.875142443340423737e-01 9.822618837009980952e-01 -0.000000000000000000e+00 -5.138035202026367188e+01 -0.000000000000000000e+00 0.000000000000000000e+00 1.000000000000000000e+00 0.000000000000000000e+00
9.814466979358315024e-01 1.917351796380954154e-01 0.000000000000000000e+00 6.176081542968750000e+02 -1.917351796380954154e-01 9.814466979358315024e-01 -0.000000000000000000e+00 -5.199051284790039062e+01 -0.000000000000000000e+00 0.000000000000000000e+00 1.000000000000000000e+00 0.000000000000000000e+00
9.806315739089352945e-01 1.958614720992476188e-01 0.000000000000000000e+00 6.206790161132812500e+02 -1.958614720992476188e-01 9.806315739089352945e-01 -0.000000000000000000e+00 -5.264749526977539062e+01 -0.000000000000000000e+00 0.000000000000000000e+00 1.000000000000000000e+00 0.000000000000000000e+00
9.798305106627207550e-01 1.998303539866549128e-01 0.000000000000000000e+00 6.234506225585937500e+02 -1.998303539866549128e-01 9.798305106627207550e-01 -0.000000000000000000e+00 -5.321965408325195312e+01 -0.000000000000000000e+00 0.000000000000000000e+00 1.000000000000000000e+00 0.000000000000000000e+00
9.789430664790659264e-01 2.041334675954999955e-01 0.000000000000000000e+00 6.265820922851562500e+02 -2.041334675954999955e-01 9.789430664790659264e-01 -0.000000000000000000e+00 -5.391915893554687500e+01 -0.000000000000000000e+00 0.000000000000000000e+00 1.000000000000000000e+00 0.000000000000000000e+00
9.780842710349161306e-01 2.082094108202045823e-01 0.000000000000000000e+00 6.289330444335937500e+02 -2.082094108202045823e-01 9.780842710349161306e-01 -0.000000000000000000e+00 -5.439841461181640625e+01 -0.000000000000000000e+00 0.000000000000000000e+00 1.000000000000000000e+00 0.000000000000000000e+00
9.771921048495606499e-01 2.123572231398904997e-01 0.000000000000000000e+00 6.319885253906250000e+02 -2.123572231398904997e-01 9.771921048495606499e-01 -0.000000000000000000e+00 -5.511950683593750000e+01 -0.000000000000000000e+00 0.000000000000000000e+00 1.000000000000000000e+00 0.000000000000000000e+00
9.761439835614960092e-01 2.171242118159412149e-01 0.000000000000000000e+00 6.350625000000000000e+02 -2.171242118159412149e-01 9.761439835614960092e-01 -0.000000000000000000e+00 -5.578656005859375000e+01 -0.000000000000000000e+00 0.000000000000000000e+00 1.000000000000000000e+00 0.000000000000000000e+00
9.752547187701451348e-01 2.210842226767099350e-01 0.000000000000000000e+00 6.380443725585937500e+02 -2.210842226767099350e-01 9.752547187701451348e-01 -0.000000000000000000e+00 -5.652384185791015625e+01 -0.000000000000000000e+00 0.000000000000000000e+00 1.000000000000000000e+00 0.000000000000000000e+00
9.743007465099554620e-01 2.252510940043211118e-01 0.000000000000000000e+00 6.410441894531250000e+02 -2.252510940043211118e-01 9.743007465099554620e-01 -0.000000000000000000e+00 -5.726508331298828125e+01 -0.000000000000000000e+00 0.000000000000000000e+00 1.000000000000000000e+00 0.000000000000000000e+00
9.732892034181626073e-01 2.295825047986857492e-01 0.000000000000000000e+00 6.440146484375000000e+02 -2.295825047986857492e-01 9.732892034181626073e-01 -0.000000000000000000e+00 -5.799349975585937500e+01 -0.000000000000000000e+00 0.000000000000000000e+00 1.000000000000000000e+00 0.000000000000000000e+00
9.724744650742830343e-01 2.330094735809834228e-01 0.000000000000000000e+00 6.442047119140625000e+02 -2.330094735809834228e-01 9.724744650742830343e-01 -0.000000000000000000e+00 -5.771721649169921875e+01 -0.000000000000000000e+00 0.000000000000000000e+00 1.000000000000000000e+00 0.000000000000000000e+00
9.724225839937732374e-01 2.332258950864441183e-01 0.000000000000000000e+00 6.444588012695312500e+02 -2.332258950864441183e-01 9.724225839937732374e-01 -0.000000000000000000e+00 -5.769517898559570312e+01 -0.000000000000000000e+00 0.000000000000000000e+00 1.000000000000000000e+00 0.000000000000000000e+00
9.715783203613754804e-01 2.367183292518102167e-01 0.000000000000000000e+00 6.449578857421875000e+02 -2.367183292518102167e-01 9.715783203613754804e-01 -0.000000000000000000e+00 -5.753881835937500000e+01 -0.000000000000000000e+00 0.000000000000000000e+00 1.000000000000000000e+00 0.000000000000000000e+00
9.709879955497682236e-01 2.391282344229625212e-01 0.000000000000000000e+00 6.461972656250000000e+02 -2.391282344229625212e-01 9.709879955497682236e-01 -0.000000000000000000e+00 -5.776150894165039062e+01 -0.000000000000000000e+00 0.000000000000000000e+00 1.000000000000000000e+00 0.000000000000000000e+00
9.707268467867233852e-01 2.401861547373313477e-01 0.000000000000000000e+00 6.452537231445312500e+02 -2.401861547373313477e-01 9.707268467867233852e-01 -0.000000000000000000e+00 -5.720109939575195312e+01 -0.000000000000000000e+00 0.000000000000000000e+00 1.000000000000000000e+00 0.000000000000000000e+00
9.700318916738182029e-01 2.429776309369111875e-01 0.000000000000000000e+00 6.460868530273437500e+02 -2.429776309369111875e-01 9.700318916738182029e-01 -0.000000000000000000e+00 -5.724728775024414062e+01 -0.000000000000000000e+00 0.000000000000000000e+00 1.000000000000000000e+00 0.000000000000000000e+00
9.686788621697992596e-01 2.483168580371115097e-01 0.000000000000000000e+00 6.445006103515625000e+02 -2.483168580371115097e-01 9.686788621697992596e-01 -0.000000000000000000e+00 -5.645834732055664062e+01 -0.000000000000000000e+00 0.000000000000000000e+00 1.000000000000000000e+00 0.000000000000000000e+00
9.705766625714949969e-01 2.407923214547723900e-01 0.000000000000000000e+00 6.449158325195312500e+02 -2.407923214547723900e-01 9.705766625714949969e-01 -0.000000000000000000e+00 -5.701749420166015625e+01 -0.000000000000000000e+00 0.000000000000000000e+00 1.000000000000000000e+00 0.000000000000000000e+00
9.695692205104409211e-01 2.448173332073854680e-01 0.000000000000000000e+00 6.480469360351562500e+02 -2.448173332073854680e-01 9.695692205104409211e-01 -0.000000000000000000e+00 -5.775987625122070312e+01 -0.000000000000000000e+00 0.000000000000000000e+00 1.000000000000000000e+00 0.000000000000000000e+00
9.695285140632388110e-01 2.449784897053784993e-01 0.000000000000000000e+00 6.509371948242187500e+02 -2.449784897053784993e-01 9.695285140632388110e-01 -0.000000000000000000e+00 -5.900680923461914062e+01 -0.000000000000000000e+00 0.000000000000000000e+00 1.000000000000000000e+00 0.000000000000000000e+00
9.680812735427879456e-01 2.506364854042079648e-01 0.000000000000000000e+00 6.540485229492187500e+02 -2.506364854042079648e-01 9.680812735427879456e-01 -0.000000000000000000e+00 -5.969088363647460938e+01 -0.000000000000000000e+00 0.000000000000000000e+00 1.000000000000000000e+00 0.000000000000000000e+00
9.666267354915430987e-01 2.561889034149653632e-01 0.000000000000000000e+00 6.570108032226562500e+02 -2.561889034149653632e-01 9.666267354915430987e-01 -0.000000000000000000e+00 -6.038660812377929688e+01 -0.000000000000000000e+00 0.000000000000000000e+00 1.000000000000000000e+00 0.000000000000000000e+00
9.655488241145474548e-01 2.602219595864553869e-01 0.000000000000000000e+00 6.599130249023437500e+02 -2.602219595864553869e-01 9.655488241145474548e-01 -0.000000000000000000e+00 -6.119787597656250000e+01 -0.000000000000000000e+00 0.000000000000000000e+00 1.000000000000000000e+00 0.000000000000000000e+00
9.643356442520258920e-01 2.646823855586730723e-01 0.000000000000000000e+00 6.629528808593750000e+02 -2.646823855586730723e-01 9.643356442520258920e-01 -0.000000000000000000e+00 -6.201444625854492188e+01 -0.000000000000000000e+00 0.000000000000000000e+00 1.000000000000000000e+00 0.000000000000000000e+00
9.633850203861927808e-01 2.681218053338723095e-01 0.000000000000000000e+00 6.653365478515625000e+02 -2.681218053338723095e-01 9.633850203861927808e-01 -0.000000000000000000e+00 -6.265013122558593750e+01 -0.000000000000000000e+00 0.000000000000000000e+00 1.000000000000000000e+00 0.000000000000000000e+00
9.623294789993970255e-01 2.718859574320623418e-01 0.000000000000000000e+00 6.683112182617187500e+02 -2.718859574320623418e-01 9.623294789993970255e-01 -0.000000000000000000e+00 -6.355078506469726562e+01 -0.000000000000000000e+00 0.000000000000000000e+00 1.000000000000000000e+00 0.000000000000000000e+00
9.610664060176448142e-01 2.763175043755417559e-01 0.000000000000000000e+00 6.714335937500000000e+02 -2.763175043755417559e-01 9.610664060176448142e-01 -0.000000000000000000e+00 -6.445243072509765625e+01 -0.000000000000000000e+00 0.000000000000000000e+00 1.000000000000000000e+00 0.000000000000000000e+00
9.599613440152602317e-01 2.801325007856376725e-01 0.000000000000000000e+00 6.743555297851562500e+02 -2.801325007856376725e-01 9.599613440152602317e-01 -0.000000000000000000e+00 -6.532694244384765625e+01 -0.000000000000000000e+00 0.000000000000000000e+00 1.000000000000000000e+00 0.000000000000000000e+00
9.585458218469147251e-01 2.849384274186669286e-01 0.000000000000000000e+00 6.773655395507812500e+02 -2.849384274186669286e-01 9.585458218469147251e-01 -0.000000000000000000e+00 -6.618009948730468750e+01 -0.000000000000000000e+00 0.000000000000000000e+00 1.000000000000000000e+00 0.000000000000000000e+00
9.573293555453086245e-01 2.889991436167312355e-01 0.000000000000000000e+00 6.802994995117187500e+02 -2.889991436167312355e-01 9.573293555453086245e-01 -0.000000000000000000e+00 -6.707603454589843750e+01 -0.000000000000000000e+00 0.000000000000000000e+00 1.000000000000000000e+00 0.000000000000000000e+00
9.559565649747555627e-01 2.935081700424470585e-01 0.000000000000000000e+00 6.833117065429687500e+02 -2.935081700424470585e-01 9.559565649747555627e-01 -0.000000000000000000e+00 -6.797756958007812500e+01 -0.000000000000000000e+00 0.000000000000000000e+00 1.000000000000000000e+00 0.000000000000000000e+00
9.542442773400521272e-01 2.990281912525333263e-01 0.000000000000000000e+00 6.863508300781250000e+02 -2.990281912525333263e-01 9.542442773400521272e-01 -0.000000000000000000e+00 -6.882452392578125000e+01 -0.000000000000000000e+00 0.000000000000000000e+00 1.000000000000000000e+00 0.000000000000000000e+00
9.529993301661752181e-01 3.029724025432370405e-01 0.000000000000000000e+00 6.893095092773437500e+02 -3.029724025432370405e-01 9.529993301661752181e-01 -0.000000000000000000e+00 -6.978120422363281250e+01 -0.000000000000000000e+00 0.000000000000000000e+00 1.000000000000000000e+00 0.000000000000000000e+00
9.515241248095765991e-01 3.075741209942237098e-01 0.000000000000000000e+00 6.922413330078125000e+02 -3.075741209942237098e-01 9.515241248095765991e-01 -0.000000000000000000e+00 -7.069641876220703125e+01 -0.000000000000000000e+00 0.000000000000000000e+00 1.000000000000000000e+00 0.000000000000000000e+00
9.500523323582381607e-01 3.120906371243323818e-01 0.000000000000000000e+00 6.951439208984375000e+02 -3.120906371243323818e-01 9.500523323582381607e-01 -0.000000000000000000e+00 -7.164627838134765625e+01 -0.000000000000000000e+00 0.000000000000000000e+00 1.000000000000000000e+00 0.000000000000000000e+00
9.487217250521491341e-01 3.161124616557760003e-01 0.000000000000000000e+00 6.981093750000000000e+02 -3.161124616557760003e-01 9.487217250521491341e-01 -0.000000000000000000e+00 -7.265742492675781250e+01 -0.000000000000000000e+00 0.000000000000000000e+00 1.000000000000000000e+00 0.000000000000000000e+00
9.473896678243405312e-01 3.200825163917668803e-01 0.000000000000000000e+00 7.011634521484375000e+02 -3.200825163917668803e-01 9.473896678243405312e-01 -0.000000000000000000e+00 -7.371828460693359375e+01 -0.000000000000000000e+00 0.000000000000000000e+00 1.000000000000000000e+00 0.000000000000000000e+00
9.460792565623061812e-01 3.239352409086020956e-01 0.000000000000000000e+00 7.040972290039062500e+02 -3.239352409086020956e-01 9.460792565623061812e-01 -0.000000000000000000e+00 -7.474044036865234375e+01 -0.000000000000000000e+00 0.000000000000000000e+00 1.000000000000000000e+00 0.000000000000000000e+00
9.449820810726170528e-01 3.271220971620013573e-01 0.000000000000000000e+00 7.069783935546875000e+02 -3.271220971620013573e-01 9.449820810726170528e-01 -0.000000000000000000e+00 -7.576791381835937500e+01 -0.000000000000000000e+00 0.000000000000000000e+00 1.000000000000000000e+00 0.000000000000000000e+00
9.437031211317599144e-01 3.307936202017427441e-01 0.000000000000000000e+00 7.099571533203125000e+02 -3.307936202017427441e-01 9.437031211317599144e-01 -0.000000000000000000e+00 -7.678813171386718750e+01 -0.000000000000000000e+00 0.000000000000000000e+00 1.000000000000000000e+00 0.000000000000000000e+00
9.424900927395358785e-01 3.342340872619383174e-01 0.000000000000000000e+00 7.128531494140625000e+02 -3.342340872619383174e-01 9.424900927395358785e-01 -0.000000000000000000e+00 -7.780921936035156250e+01 -0.000000000000000000e+00 0.000000000000000000e+00 1.000000000000000000e+00 0.000000000000000000e+00
9.413171043201200572e-01 3.375234941665307686e-01 0.000000000000000000e+00 7.157989501953125000e+02 -3.375234941665307686e-01 9.413171043201200572e-01 -0.000000000000000000e+00 -7.885445404052734375e+01 -0.000000000000000000e+00 0.000000000000000000e+00 1.000000000000000000e+00 0.000000000000000000e+00
9.415037909751676759e-01 3.370023910588584859e-01 0.000000000000000000e+00 7.160988769531250000e+02 -3.370023910588584859e-01 9.415037909751676759e-01 -0.000000000000000000e+00 -7.904906463623046875e+01 -0.000000000000000000e+00 0.000000000000000000e+00 1.000000000000000000e+00 0.000000000000000000e+00
9.408422701809708855e-01 3.388448356412076534e-01 0.000000000000000000e+00 7.194909057617187500e+02 -3.388448356412076534e-01 9.408422701809708855e-01 -0.000000000000000000e+00 -8.046348571777343750e+01 -0.000000000000000000e+00 0.000000000000000000e+00 1.000000000000000000e+00 0.000000000000000000e+00
9.395047907208798899e-01 3.425357619468597514e-01 0.000000000000000000e+00 7.229595947265625000e+02 -3.425357619468597514e-01 9.395047907208798899e-01 -0.000000000000000000e+00 -8.171025085449218750e+01 -0.000000000000000000e+00 0.000000000000000000e+00 1.000000000000000000e+00 0.000000000000000000e+00
9.380762193456286813e-01 3.464289345568754563e-01 0.000000000000000000e+00 7.264287109375000000e+02 -3.464289345568754563e-01 9.380762193456286813e-01 -0.000000000000000000e+00 -8.293542480468750000e+01 -0.000000000000000000e+00 0.000000000000000000e+00 1.000000000000000000e+00 0.000000000000000000e+00
9.365534785355134062e-01 3.505247235831299712e-01 0.000000000000000000e+00 7.298677978515625000e+02 -3.505247235831299712e-01 9.365534785355134062e-01 -0.000000000000000000e+00 -8.415403747558593750e+01 -0.000000000000000000e+00 0.000000000000000000e+00 1.000000000000000000e+00 0.000000000000000000e+00
9.354540816284370175e-01 3.534482439688978461e-01 0.000000000000000000e+00 7.328541259765625000e+02 -3.534482439688978461e-01 9.354540816284370175e-01 -0.000000000000000000e+00 -8.527232360839843750e+01 -0.000000000000000000e+00 0.000000000000000000e+00 1.000000000000000000e+00 0.000000000000000000e+00
9.346919524845668237e-01 3.554587936183155605e-01 0.000000000000000000e+00 7.357327880859375000e+02 -3.554587936183155605e-01 9.346919524845668237e-01 -0.000000000000000000e+00 -8.642819976806640625e+01 -0.000000000000000000e+00 0.000000000000000000e+00 1.000000000000000000e+00 0.000000000000000000e+00
9.336769425907999187e-01 3.581164152538893752e-01 0.000000000000000000e+00 7.386134643554687500e+02 -3.581164152538893752e-01 9.336769425907999187e-01 -0.000000000000000000e+00 -8.755002593994140625e+01 -0.000000000000000000e+00 0.000000000000000000e+00 1.000000000000000000e+00 0.000000000000000000e+00
9.326545204703704517e-01 3.607707657865079631e-01 0.000000000000000000e+00 7.415072021484375000e+02 -3.607707657865079631e-01 9.326545204703704517e-01 -0.000000000000000000e+00 -8.867515563964843750e+01 -0.000000000000000000e+00 0.000000000000000000e+00 1.000000000000000000e+00 0.000000000000000000e+00
9.315353883712166327e-01 3.636506843278128343e-01 0.000000000000000000e+00 7.444270629882812500e+02 -3.636506843278128343e-01 9.315353883712166327e-01 -0.000000000000000000e+00 -8.980741882324218750e+01 -0.000000000000000000e+00 0.000000000000000000e+00 1.000000000000000000e+00 0.000000000000000000e+00
9.306593485534206955e-01 3.658868362624195791e-01 0.000000000000000000e+00 7.472498168945312500e+02 -3.658868362624195791e-01 9.306593485534206955e-01 -0.000000000000000000e+00 -9.096356201171875000e+01 -0.000000000000000000e+00 0.000000000000000000e+00 1.000000000000000000e+00 0.000000000000000000e+00
9.301496376992746118e-01 3.671806796223190394e-01 0.000000000000000000e+00 7.499000244140625000e+02 -3.671806796223190394e-01 9.301496376992746118e-01 -0.000000000000000000e+00 -9.212069702148437500e+01 -0.000000000000000000e+00 0.000000000000000000e+00 1.000000000000000000e+00 0.000000000000000000e+00
9.292322796892291681e-01 3.694961033401545913e-01 0.000000000000000000e+00 7.527836914062500000e+02 -3.694961033401545913e-01 9.292322796892291681e-01 -0.000000000000000000e+00 -9.330783843994140625e+01 -0.000000000000000000e+00 0.000000000000000000e+00 1.000000000000000000e+00 0.000000000000000000e+00
9.281441350779700006e-01 3.722209888229933150e-01 0.000000000000000000e+00 7.557932128906250000e+02 -3.722209888229933150e-01 9.281441350779700006e-01 -0.000000000000000000e+00 -9.452458953857421875e+01 -0.000000000000000000e+00 0.000000000000000000e+00 1.000000000000000000e+00 0.000000000000000000e+00
9.271914940369785363e-01 3.745876845085482354e-01 0.000000000000000000e+00 7.587630615234375000e+02 -3.745876845085482354e-01 9.271914940369785363e-01 -0.000000000000000000e+00 -9.578137969970703125e+01 -0.000000000000000000e+00 0.000000000000000000e+00 1.000000000000000000e+00 0.000000000000000000e+00
9.265617397059883187e-01 3.761427156187027721e-01 0.000000000000000000e+00 7.616014404296875000e+02 -3.761427156187027721e-01 9.265617397059883187e-01 -0.000000000000000000e+00 -9.703049468994140625e+01 -0.000000000000000000e+00 0.000000000000000000e+00 1.000000000000000000e+00 0.000000000000000000e+00
9.255413594733867821e-01 3.786465263331423858e-01 0.000000000000000000e+00 7.644559326171875000e+02 -3.786465263331423858e-01 9.255413594733867821e-01 -0.000000000000000000e+00 -9.822339630126953125e+01 -0.000000000000000000e+00 0.000000000000000000e+00 1.000000000000000000e+00 0.000000000000000000e+00
9.246475077288049960e-01 3.808240885906633566e-01 0.000000000000000000e+00 7.672610473632812500e+02 -3.808240885906633566e-01 9.246475077288049960e-01 -0.000000000000000000e+00 -9.942641448974609375e+01 -0.000000000000000000e+00 0.000000000000000000e+00 1.000000000000000000e+00 0.000000000000000000e+00
9.237352115579362533e-01 3.830316683095728592e-01 0.000000000000000000e+00 7.701081542968750000e+02 -3.830316683095728592e-01 9.237352115579362533e-01 -0.000000000000000000e+00 -1.006299819946289062e+02 -0.000000000000000000e+00 0.000000000000000000e+00 1.000000000000000000e+00 0.000000000000000000e+00
9.237352115579362533e-01 3.830316683095728592e-01 0.000000000000000000e+00 7.701081542968750000e+02 -3.830316683095728592e-01 9.237352115579362533e-01 -0.000000000000000000e+00 -1.006299819946289062e+02 -0.000000000000000000e+00 0.000000000000000000e+00 1.000000000000000000e+00 0.000000000000000000e+00
9.234745257994169121e-01 3.836597453467618379e-01 0.000000000000000000e+00 7.734129028320312500e+02 -3.836597453467618379e-01 9.234745257994169121e-01 -0.000000000000000000e+00 -1.022217559814453125e+02 -0.000000000000000000e+00 0.000000000000000000e+00 1.000000000000000000e+00 0.000000000000000000e+00
9.224379208474272618e-01 3.861454158509142753e-01 0.000000000000000000e+00 7.768125000000000000e+02 -3.861454158509142753e-01 9.224379208474272618e-01 -0.000000000000000000e+00 -1.035892181396484375e+02 -0.000000000000000000e+00 0.000000000000000000e+00 1.000000000000000000e+00 0.000000000000000000e+00
9.235682441489880823e-01 3.834340861211417151e-01 0.000000000000000000e+00 7.775046386718750000e+02 -3.834340861211417151e-01 9.235682441489880823e-01 -0.000000000000000000e+00 -1.041477203369140625e+02 -0.000000000000000000e+00 0.000000000000000000e+00 1.000000000000000000e+00 0.000000000000000000e+00
9.235682441489880823e-01 3.834340861211417151e-01 0.000000000000000000e+00 7.775046386718750000e+02 -3.834340861211417151e-01 9.235682441489880823e-01 -0.000000000000000000e+00 -1.041477203369140625e+02 -0.000000000000000000e+00 0.000000000000000000e+00 1.000000000000000000e+00 0.000000000000000000e+00
9.222939139108380369e-01 3.864892448219325316e-01 0.000000000000000000e+00 7.809072265625000000e+02 -3.864892448219325316e-01 9.222939139108380369e-01 -0.000000000000000000e+00 -1.055500335693359375e+02 -0.000000000000000000e+00 0.000000000000000000e+00 1.000000000000000000e+00 0.000000000000000000e+00
9.222176745464700787e-01 3.866711273861819231e-01 0.000000000000000000e+00 7.842238769531250000e+02 -3.866711273861819231e-01 9.222176745464700787e-01 -0.000000000000000000e+00 -1.070269012451171875e+02 -0.000000000000000000e+00 0.000000000000000000e+00 1.000000000000000000e+00 0.000000000000000000e+00
9.223298520693758995e-01 3.864034730455759292e-01 0.000000000000000000e+00 7.875232543945312500e+02 -3.864034730455759292e-01 9.223298520693758995e-01 -0.000000000000000000e+00 -1.086543731689453125e+02 -0.000000000000000000e+00 0.000000000000000000e+00 1.000000000000000000e+00 0.000000000000000000e+00
9.218948088158056553e-01 3.874402682717286717e-01 0.000000000000000000e+00 7.908782348632812500e+02 -3.874402682717286717e-01 9.218948088158056553e-01 -0.000000000000000000e+00 -1.101151657104492188e+02 -0.000000000000000000e+00 0.000000000000000000e+00 1.000000000000000000e+00 0.000000000000000000e+00
9.219979414238694826e-01 3.871947778704497023e-01 0.000000000000000000e+00 7.942024536132812500e+02 -3.871947778704497023e-01 9.219979414238694826e-01 -0.000000000000000000e+00 -1.116842346191406250e+02 -0.000000000000000000e+00 0.000000000000000000e+00 1.000000000000000000e+00 0.000000000000000000e+00
9.219979414238694826e-01 3.871947778704497023e-01 0.000000000000000000e+00 7.942024536132812500e+02 -3.871947778704497023e-01 9.219979414238694826e-01 -0.000000000000000000e+00 -1.116842346191406250e+02 -0.000000000000000000e+00 0.000000000000000000e+00 1.000000000000000000e+00 0.000000000000000000e+00
9.217385855493402946e-01 3.878117841292364476e-01 0.000000000000000000e+00 7.975336303710937500e+02 -3.878117841292364476e-01 9.217385855493402946e-01 -0.000000000000000000e+00 -1.132139968872070312e+02 -0.000000000000000000e+00 0.000000000000000000e+00 1.000000000000000000e+00 0.000000000000000000e+00
9.215904591143444513e-01 3.881636583574146204e-01 0.000000000000000000e+00 8.008747558593750000e+02 -3.881636583574146204e-01 9.215904591143444513e-01 -0.000000000000000000e+00 -1.147693557739257812e+02 -0.000000000000000000e+00 0.000000000000000000e+00 1.000000000000000000e+00 0.000000000000000000e+00
9.209179759792222031e-01 3.897564387131183805e-01 0.000000000000000000e+00 8.035553588867187500e+02 -3.897564387131183805e-01 9.209179759792222031e-01 -0.000000000000000000e+00 -1.158212738037109375e+02 -0.000000000000000000e+00 0.000000000000000000e+00 1.000000000000000000e+00 0.000000000000000000e+00
9.225061360573165725e-01 3.859824205020220833e-01 0.000000000000000000e+00 8.066539916992187500e+02 -3.859824205020220833e-01 9.225061360573165725e-01 -0.000000000000000000e+00 -1.176909408569335938e+02 -0.000000000000000000e+00 0.000000000000000000e+00 1.000000000000000000e+00 0.000000000000000000e+00
9.222101137223358558e-01 3.866891595949339400e-01 0.000000000000000000e+00 8.100170898437500000e+02 -3.866891595949339400e-01 9.222101137223358558e-01 -0.000000000000000000e+00 -1.192091217041015625e+02 -0.000000000000000000e+00 0.000000000000000000e+00 1.000000000000000000e+00 0.000000000000000000e+00
9.220400707338821666e-01 3.870944432061219631e-01 0.000000000000000000e+00 8.133671875000000000e+02 -3.870944432061219631e-01 9.220400707338821666e-01 -0.000000000000000000e+00 -1.207604141235351562e+02 -0.000000000000000000e+00 0.000000000000000000e+00 1.000000000000000000e+00 0.000000000000000000e+00
9.218686581172391703e-01 3.875024866773384424e-01 0.000000000000000000e+00 8.167135620117187500e+02 -3.875024866773384424e-01 9.218686581172391703e-01 -0.000000000000000000e+00 -1.222986145019531250e+02 -0.000000000000000000e+00 0.000000000000000000e+00 1.000000000000000000e+00 0.000000000000000000e+00
9.213851254703600002e-01 3.886508080037516244e-01 0.000000000000000000e+00 8.200730590820312500e+02 -3.886508080037516244e-01 9.213851254703600002e-01 -0.000000000000000000e+00 -1.237990036010742188e+02 -0.000000000000000000e+00 0.000000000000000000e+00 1.000000000000000000e+00 0.000000000000000000e+00
9.212429521548872735e-01 3.889876901714860447e-01 0.000000000000000000e+00 8.234162597656250000e+02 -3.889876901714860447e-01 9.212429521548872735e-01 -0.000000000000000000e+00 -1.253384552001953125e+02 -0.000000000000000000e+00 0.000000000000000000e+00 1.000000000000000000e+00 0.000000000000000000e+00
9.210650925822942980e-01 3.894086481145092593e-01 0.000000000000000000e+00 8.267652587890625000e+02 -3.894086481145092593e-01 9.210650925822942980e-01 -0.000000000000000000e+00 -1.268604431152343750e+02 -0.000000000000000000e+00 0.000000000000000000e+00 1.000000000000000000e+00 0.000000000000000000e+00
9.204880659283798394e-01 3.907706750556272368e-01 0.000000000000000000e+00 8.300922241210937500e+02 -3.907706750556272368e-01 9.204880659283798394e-01 -0.000000000000000000e+00 -1.283662872314453125e+02 -0.000000000000000000e+00 0.000000000000000000e+00 1.000000000000000000e+00 0.000000000000000000e+00
9.201381523214829938e-01 3.915938976061900667e-01 0.000000000000000000e+00 8.322777709960937500e+02 -3.915938976061900667e-01 9.201381523214829938e-01 -0.000000000000000000e+00 -1.294242095947265625e+02 -0.000000000000000000e+00 0.000000000000000000e+00 1.000000000000000000e+00 0.000000000000000000e+00
9.198705058139462487e-01 3.922221979103103773e-01 0.000000000000000000e+00 8.351127319335937500e+02 -3.922221979103103773e-01 9.198705058139462487e-01 -0.000000000000000000e+00 -1.306927185058593750e+02 -0.000000000000000000e+00 0.000000000000000000e+00 1.000000000000000000e+00 0.000000000000000000e+00
9.200561896452387201e-01 3.917864314846604135e-01 0.000000000000000000e+00 8.378998413085937500e+02 -3.917864314846604135e-01 9.200561896452387201e-01 -0.000000000000000000e+00 -1.320541534423828125e+02 -0.000000000000000000e+00 0.000000000000000000e+00 1.000000000000000000e+00 0.000000000000000000e+00
9.198850662367233921e-01 3.921880478987839758e-01 0.000000000000000000e+00 8.407526855468750000e+02 -3.921880478987839758e-01 9.198850662367233921e-01 -0.000000000000000000e+00 -1.334125518798828125e+02 -0.000000000000000000e+00 0.000000000000000000e+00 1.000000000000000000e+00 0.000000000000000000e+00
9.202421674841934074e-01 3.913494003879317007e-01 0.000000000000000000e+00 8.434717407226562500e+02 -3.913494003879317007e-01 9.202421674841934074e-01 -0.000000000000000000e+00 -1.347268066406250000e+02 -0.000000000000000000e+00 0.000000000000000000e+00 1.000000000000000000e+00 0.000000000000000000e+00
9.204421702032390407e-01 3.908787680490608540e-01 0.000000000000000000e+00 8.461384277343750000e+02 -3.908787680490608540e-01 9.204421702032390407e-01 -0.000000000000000000e+00 -1.360676422119140625e+02 -0.000000000000000000e+00 0.000000000000000000e+00 1.000000000000000000e+00 0.000000000000000000e+00
9.213218169984127570e-01 3.888008610108048546e-01 0.000000000000000000e+00 8.488436279296875000e+02 -3.888008610108048546e-01 9.213218169984127570e-01 -0.000000000000000000e+00 -1.374447937011718750e+02 -0.000000000000000000e+00 0.000000000000000000e+00 1.000000000000000000e+00 0.000000000000000000e+00
9.210033166486656375e-01 3.895547339234342599e-01 0.000000000000000000e+00 8.516370239257812500e+02 -3.895547339234342599e-01 9.210033166486656375e-01 -0.000000000000000000e+00 -1.387140960693359375e+02 -0.000000000000000000e+00 0.000000000000000000e+00 1.000000000000000000e+00 0.000000000000000000e+00
9.217125788200171144e-01 3.878735902906433330e-01 0.000000000000000000e+00 8.542316894531250000e+02 -3.878735902906433330e-01 9.217125788200171144e-01 -0.000000000000000000e+00 -1.400227203369140625e+02 -0.000000000000000000e+00 0.000000000000000000e+00 1.000000000000000000e+00 0.000000000000000000e+00
9.218688060128368278e-01 3.875021348334309335e-01 0.000000000000000000e+00 8.568258056640625000e+02 -3.875021348334309335e-01 9.218688060128368278e-01 -0.000000000000000000e+00 -1.412590026855468750e+02 -0.000000000000000000e+00 0.000000000000000000e+00 1.000000000000000000e+00 0.000000000000000000e+00
9.199879125288514814e-01 3.919467320960928758e-01 0.000000000000000000e+00 8.596021728515625000e+02 -3.919467320960928758e-01 9.199879125288514814e-01 -0.000000000000000000e+00 -1.424451599121093750e+02 -0.000000000000000000e+00 0.000000000000000000e+00 1.000000000000000000e+00 0.000000000000000000e+00
9.203510820262259529e-01 3.910931932585314241e-01 0.000000000000000000e+00 8.625878906250000000e+02 -3.910931932585314241e-01 9.203510820262259529e-01 -0.000000000000000000e+00 -1.438317108154296875e+02 -0.000000000000000000e+00 0.000000000000000000e+00 1.000000000000000000e+00 0.000000000000000000e+00
9.202317200231069361e-01 3.913739662564618138e-01 0.000000000000000000e+00 8.654022216796875000e+02 -3.913739662564618138e-01 9.202317200231069361e-01 -0.000000000000000000e+00 -1.451788024902343750e+02 -0.000000000000000000e+00 0.000000000000000000e+00 1.000000000000000000e+00 0.000000000000000000e+00
9.199364687732418666e-01 3.920674602935291797e-01 0.000000000000000000e+00 8.681380004882812500e+02 -3.920674602935291797e-01 9.199364687732418666e-01 -0.000000000000000000e+00 -1.464241180419921875e+02 -0.000000000000000000e+00 0.000000000000000000e+00 1.000000000000000000e+00 0.000000000000000000e+00
9.197059503528401958e-01 3.926079022199872037e-01 0.000000000000000000e+00 8.709009399414062500e+02 -3.926079022199872037e-01 9.197059503528401958e-01 -0.000000000000000000e+00 -1.477318878173828125e+02 -0.000000000000000000e+00 0.000000000000000000e+00 1.000000000000000000e+00 0.000000000000000000e+00
9.196956328383391055e-01 3.926320706948006056e-01 0.000000000000000000e+00 8.737102661132812500e+02 -3.926320706948006056e-01 9.196956328383391055e-01 -0.000000000000000000e+00 -1.490921173095703125e+02 -0.000000000000000000e+00 0.000000000000000000e+00 1.000000000000000000e+00 0.000000000000000000e+00
9.193833986386010793e-01 3.933626396948940451e-01 0.000000000000000000e+00 8.764286499023437500e+02 -3.933626396948940451e-01 9.193833986386010793e-01 -0.000000000000000000e+00 -1.503372344970703125e+02 -0.000000000000000000e+00 0.000000000000000000e+00 1.000000000000000000e+00 0.000000000000000000e+00
9.191983995432475574e-01 3.937947463808172399e-01 0.000000000000000000e+00 8.791657104492187500e+02 -3.937947463808172399e-01 9.191983995432475574e-01 -0.000000000000000000e+00 -1.516432495117187500e+02 -0.000000000000000000e+00 0.000000000000000000e+00 1.000000000000000000e+00 0.000000000000000000e+00
9.191983995432475574e-01 3.937947463808172399e-01 0.000000000000000000e+00 8.791657104492187500e+02 -3.937947463808172399e-01 9.191983995432475574e-01 -0.000000000000000000e+00 -1.516432495117187500e+02 -0.000000000000000000e+00 0.000000000000000000e+00 1.000000000000000000e+00 0.000000000000000000e+00
9.192529846545656191e-01 3.936673090360346960e-01 0.000000000000000000e+00 8.785004882812500000e+02 -3.936673090360346960e-01 9.192529846545656191e-01 -0.000000000000000000e+00 -1.515234375000000000e+02 -0.000000000000000000e+00 0.000000000000000000e+00 1.000000000000000000e+00 0.000000000000000000e+00
9.186210571296551386e-01 3.951396631546809646e-01 0.000000000000000000e+00 8.786384277343750000e+02 -3.951396631546809646e-01 9.186210571296551386e-01 -0.000000000000000000e+00 -1.515489196777343750e+02 -0.000000000000000000e+00 0.000000000000000000e+00 1.000000000000000000e+00 0.000000000000000000e+00
