9.925461519124016974e-01 1.218693411973812007e-01 0.000000000000000000e+00 5.361295776367187500e+02 -1.218693411973812007e-01 9.925461519124016974e-01 -0.000000000000000000e+00 -3.609626388549804688e+01 -0.000000000000000000e+00 0.000000000000000000e+00 1.000000000000000000e+00 0.000000000000000000e+00
9.879021713251522341e-01 1.550783669344293902e-01 0.000000000000000000e+00 5.355876464843750000e+02 -1.550783669344293902e-01 9.879021713251522341e-01 -0.000000000000000000e+00 -3.941824340820312500e+01 -0.000000000000000000e+00 0.000000000000000000e+00 1.000000000000000000e+00 0.000000000000000000e+00
9.870627939574765364e-01 1.603341535196419754e-01 0.000000000000000000e+00 5.388581542968750000e+02 -1.603341535196419754e-01 9.870627939574765364e-01 -0.000000000000000000e+00 -3.912641525268554688e+01 -0.000000000000000000e+00 0.000000000000000000e+00 1.000000000000000000e+00 0.000000000000000000e+00
9.864259549209573041e-01 1.642066851814431849e-01 0.000000000000000000e+00 5.418793945312500000e+02 -1.642066851814431849e-01 9.864259549209573041e-01 -0.000000000000000000e+00 -3.946488952636718750e+01 -0.000000000000000000e+00 0.000000000000000000e+00 1.000000000000000000e+00 0.000000000000000000e+00
9.860492057595727777e-01 1.664540892285790441e-01 0.000000000000000000e+00 5.448790283203125000e+02 -1.664540892285790441e-01 9.860492057595727777e-01 -0.000000000000000000e+00 -4.004325866699218750e+01 -0.000000000000000000e+00 0.000000000000000000e+00 1.000000000000000000e+00 0.000000000000000000e+00
9.856883096442762282e-01 1.685780419586415113e-01 0.000000000000000000e+00 5.478393554687500000e+02 -1.685780419586415113e-01 9.856883096442762282e-01 -0.000000000000000000e+00 -4.065496063232421875e+01 -0.000000000000000000e+00 0.000000000000000000e+00 1.000000000000000000e+00 0.000000000000000000e+00
9.855438450289812913e-01 1.694205699597640113e-01 0.000000000000000000e+00 5.508772583007812500e+02 -1.694205699597640113e-01 9.855438450289812913e-01 -0.000000000000000000e+00 -4.140377044677734375e+01 -0.000000000000000000e+00 0.000000000000000000e+00 1.000000000000000000e+00 0.000000000000000000e+00
9.850907194098752484e-01 1.720356780802589081e-01 0.000000000000000000e+00 5.538630371093750000e+02 -1.720356780802589081e-01 9.850907194098752484e-01 -0.000000000000000000e+00 -4.198455429077148438e+01 -0.000000000000000000e+00 0.000000000000000000e+00 1.000000000000000000e+00 0.000000000000000000e+00
9.844021536404724548e-01 1.759329415089727622e-01 0.000000000000000000e+00 5.597807617187500000e+02 -1.759329415089727622e-01 9.844021536404724548e-01 -0.000000000000000000e+00 -4.332522201538085938e+01 -0.000000000000000000e+00 0.000000000000000000e+00 1.000000000000000000e+00 0.000000000000000000e+00
9.844021536404724548e-01 1.759329415089727622e-01 0.000000000000000000e+00 5.597807617187500000e+02 -1.759329415089727622e-01 9.844021536404724548e-01 -0.000000000000000000e+00 -4.332522201538085938e+01 -0.000000000000000000e+00 0.000000000000000000e+00 1.000000000000000000e+00 0.000000000000000000e+00
9.840786415778673968e-01 1.777335848686431852e-01 0.000000000000000000e+00 5.627669677734375000e+02 -1.777335848686431852e-01 9.840786415778673968e-01 -0.000000000000000000e+00 -4.401895904541015625e+01 -0.000000000000000000e+00 0.000000000000000000e+00 1.000000000000000000e+00 0.000000000000000000e+00
9.836284337121663501e-01 1.802085025545422936e-01 0.000000000000000000e+00 5.658038940429687500e+02 -1.802085025545422936e-01 9.836284337121663501e-01 -0.000000000000000000e+00 -4.466732788085937500e+01 -0.000000000000000000e+00 0.000000000000000000e+00 1.000000000000000000e+00 0.000000000000000000e+00
9.832068811159669908e-01 1.824944627275381370e-01 0.000000000000000000e+00 5.681824951171875000e+02 -1.824944627275381370e-01 9.832068811159669908e-01 -0.000000000000000000e+00 -4.510391998291015625e+01 -0.000000000000000000e+00 0.000000000000000000e+00 1.000000000000000000e+00 0.000000000000000000e+00
9.828160771552829633e-01 1.845875361044206631e-01 0.000000000000000000e+00 5.711928100585937500e+02 -1.845875361044206631e-01 9.828160771552829633e-01 -0.000000000000000000e+00 -4.578258895874023438e+01 -0.000000000000000000e+00 0.000000000000000000e+00 1.000000000000000000e+00 0.000000000000000000e+00
9.823508564352145811e-01 1.870475737907348890e-01 0.000000000000000000e+00 5.742072143554687500e+02 -1.870475737907348890e-01 9.823508564352145811e-01 -0.000000000000000000e+00 -4.645413970947265625e+01 -0.000000000000000000e+00 0.000000000000000000e+00 1.000000000000000000e+00 0.000000000000000000e+00
9.821517404666901818e-01 1.880902940033089554e-01 0.000000000000000000e+00 5.771022338867187500e+02 -1.880902940033089554e-01 9.821517404666901818e-01 -0.000000000000000000e+00 -4.720679855346679688e+01 -0.000000000000000000e+00 0.000000000000000000e+00 1.000000000000000000e+00 0.000000000000000000e+00
9.816531410781422773e-01 1.906754064147155592e-01 0.000000000000000000e+00 5.800964965820312500e+02 -1.906754064147155592e-01 9.816531410781422773e-01 -0.000000000000000000e+00 -4.787749862670898438e+01 -0.000000000000000000e+00 0.000000000000000000e+00 1.000000000000000000e+00 0.000000000000000000e+00
9.811949947729272647e-01 1.930191240073252934e-01 0.000000000000000000e+00 5.831215820312500000e+02 -1.930191240073252934e-01 9.811949947729272647e-01 -0.000000000000000000e+00 -4.858480453491210938e+01 -0.000000000000000000e+00 0.000000000000000000e+00 1.000000000000000000e+00 0.000000000000000000e+00
9.806395191917783860e-01 1.958216877654712640e-01 0.000000000000000000e+00 5.861152343750000000e+02 -1.958216877654712640e-01 9.806395191917783860e-01 -0.000000000000000000e+00 -4.927144622802734375e+01 -0.000000000000000000e+00 0.000000000000000000e+00 1.000000000000000000e+00 0.000000000000000000e+00
9.800613888508032945e-01 1.986949271718692622e-01 0.000000000000000000e+00 5.891106567382812500e+02 -1.986949271718692622e-01 9.800613888508032945e-01 -0.000000000000000000e+00 -4.995926666259765625e+01 -0.000000000000000000e+00 0.000000000000000000e+00 1.000000000000000000e+00 0.000000000000000000e+00
9.794628025735460097e-01 2.016249448227447061e-01 0.000000000000000000e+00 5.920813598632812500e+02 -2.016249448227447061e-01 9.794628025735460097e-01 -0.000000000000000000e+00 -5.064198684692382812e+01 -0.000000000000000000e+00 0.000000000000000000e+00 1.000000000000000000e+00 0.000000000000000000e+00
9.786820384148242624e-01 2.053812739375341090e-01 0.000000000000000000e+00 5.951441650390625000e+02 -2.053812739375341090e-01 9.786820384148242624e-01 -0.000000000000000000e+00 -5.133103179931640625e+01 -0.000000000000000000e+00 0.000000000000000000e+00 1.000000000000000000e+00 0.000000000000000000e+00
9.779630743696042794e-01 2.087779326690248072e-01 0.000000000000000000e+00 5.981129760742187500e+02 -2.087779326690248072e-01 9.779630743696042794e-01 -0.000000000000000000e+00 -5.200430679321289062e+01 -0.000000000000000000e+00 0.000000000000000000e+00 1.000000000000000000e+00 0.000000000000000000e+00
9.779623137503906660e-01 2.087814955497312719e-01 0.000000000000000000e+00 5.973102416992187500e+02 -2.087814955497312719e-01 9.779623137503906660e-01 -0.000000000000000000e+00 -5.155320739746093750e+01 -0.000000000000000000e+00 0.000000000000000000e+00 1.000000000000000000e+00 0.000000000000000000e+00
9.776530402692916732e-01 2.102249577291211979e-01 0.000000000000000000e+00 6.008569946289062500e+02 -2.102249577291211979e-01 9.776530402692916732e-01 -0.000000000000000000e+00 -5.259679031372070312e+01 -0.000000000000000000e+00 0.000000000000000000e+00 1.000000000000000000e+00 0.000000000000000000e+00
9.766810700563209879e-01 2.146953362177198288e-01 0.000000000000000000e+00 6.044452514648437500e+02 -2.146953362177198288e-01 9.766810700563209879e-01 -0.000000000000000000e+00 -5.349419021606445312e+01 -0.000000000000000000e+00 0.000000000000000000e+00 1.000000000000000000e+00 0.000000000000000000e+00
9.758120740820626082e-01 2.186110611923906821e-01 0.000000000000000000e+00 6.078649291992187500e+02 -2.186110611923906821e-01 9.758120740820626082e-01 -0.000000000000000000e+00 -5.438011932373046875e+01 -0.000000000000000000e+00 0.000000000000000000e+00 1.000000000000000000e+00 0.000000000000000000e+00
9.749577202697637945e-01 2.223902958458057189e-01 0.000000000000000000e+00 6.107953491210937500e+02 -2.223902958458057189e-01 9.749577202697637945e-01 -0.000000000000000000e+00 -5.509600830078125000e+01 -0.000000000000000000e+00 0.000000000000000000e+00 1.000000000000000000e+00 0.000000000000000000e+00
9.739631247121351976e-01 2.267064879992932991e-01 0.000000000000000000e+00 6.137914428710937500e+02 -2.267064879992932991e-01 9.739631247121351976e-01 -0.000000000000000000e+00 -5.581511688232421875e+01 -0.000000000000000000e+00 0.000000000000000000e+00 1.000000000000000000e+00 0.000000000000000000e+00
9.729781960097307891e-01 2.308970118681701045e-01 0.000000000000000000e+00 6.168430175781250000e+02 -2.308970118681701045e-01 9.729781960097307891e-01 -0.000000000000000000e+00 -5.657479858398437500e+01 -0.000000000000000000e+00 0.000000000000000000e+00 1.000000000000000000e+00 0.000000000000000000e+00
9.719443290206797315e-01 2.352110143776023066e-01 0.000000000000000000e+00 6.197056884765625000e+02 -2.352110143776023066e-01 9.719443290206797315e-01 -0.000000000000000000e+00 -5.728621673583984375e+01 -0.000000000000000000e+00 0.000000000000000000e+00 1.000000000000000000e+00 0.000000000000000000e+00
9.709095809960253121e-01 2.394464147364135931e-01 0.000000000000000000e+00 6.227177734375000000e+02 -2.394464147364135931e-01 9.709095809960253121e-01 -0.000000000000000000e+00 -5.804212951660156250e+01 -0.000000000000000000e+00 0.000000000000000000e+00 1.000000000000000000e+00 0.000000000000000000e+00
9.699931084225408284e-01 2.431324116870823560e-01 0.000000000000000000e+00 6.250416259765625000e+02 -2.431324116870823560e-01 9.699931084225408284e-01 -0.000000000000000000e+00 -5.863236236572265625e+01 -0.000000000000000000e+00 0.000000000000000000e+00 1.000000000000000000e+00 0.000000000000000000e+00
9.689954846641823938e-01 2.470784302613771022e-01 0.000000000000000000e+00 6.280606079101562500e+02 -2.470784302613771022e-01 9.689954846641823938e-01 -0.000000000000000000e+00 -5.946335220336914062e+01 -0.000000000000000000e+00 0.000000000000000000e+00 1.000000000000000000e+00 0.000000000000000000e+00
9.678268230327218280e-01 2.516172502400988997e-01 0.000000000000000000e+00 6.310621337890625000e+02 -2.516172502400988997e-01 9.678268230327218280e-01 -0.000000000000000000e+00 -6.025165557861328125e+01 -0.000000000000000000e+00 0.000000000000000000e+00 1.000000000000000000e+00 0.000000000000000000e+00
9.668474335633906458e-01 2.553547340698522072e-01 0.000000000000000000e+00 6.339924316406250000e+02 -2.553547340698522072e-01 9.668474335633906458e-01 -0.000000000000000000e+00 -6.109606933593750000e+01 -0.000000000000000000e+00 0.000000000000000000e+00 1.000000000000000000e+00 0.000000000000000000e+00
9.656957165087154404e-01 2.596763044960372357e-01 0.000000000000000000e+00 6.370456542968750000e+02 -2.596763044960372357e-01 9.656957165087154404e-01 -0.000000000000000000e+00 -6.195278930664062500e+01 -0.000000000000000000e+00 0.000000000000000000e+00 1.000000000000000000e+00 0.000000000000000000e+00
9.645408594840636507e-01 2.639335719186625129e-01 0.000000000000000000e+00 6.399060058593750000e+02 -2.639335719186625129e-01 9.645408594840636507e-01 -0.000000000000000000e+00 -6.275076293945312500e+01 -0.000000000000000000e+00 0.000000000000000000e+00 1.000000000000000000e+00 0.000000000000000000e+00
9.637744179180350867e-01 2.667187120671375977e-01 0.000000000000000000e+00 6.396772460937500000e+02 -2.667187120671375977e-01 9.637744179180350867e-01 -0.000000000000000000e+00 -6.233587646484375000e+01 -0.000000000000000000e+00 0.000000000000000000e+00 1.000000000000000000e+00 0.000000000000000000e+00
9.636231206255679860e-01 2.672648151101114644e-01 0.000000000000000000e+00 6.430965576171875000e+02 -2.672648151101114644e-01 9.636231206255679860e-01 -0.000000000000000000e+00 -6.370425796508789062e+01 -0.000000000000000000e+00 0.000000000000000000e+00 1.000000000000000000e+00 0.000000000000000000e+00
9.624331863172502777e-01 2.715186215993756758e-01 0.000000000000000000e+00 6.464955444335937500e+02 -2.715186215993756758e-01 9.624331863172502777e-01 -0.000000000000000000e+00 -6.478682708740234375e+01 -0.000000000000000000e+00 0.000000000000000000e+00 1.000000000000000000e+00 0.000000000000000000e+00
9.613383683670772006e-01 2.753698267881317663e-01 0.000000000000000000e+00 6.499471435546875000e+02 -2.753698267881317663e-01 9.613383683670772006e-01 -0.000000000000000000e+00 -6.594041442871093750e+01 -0.000000000000000000e+00 0.000000000000000000e+00 1.000000000000000000e+00 0.000000000000000000e+00
9.596367265171339422e-01 2.812425165572933206e-01 0.000000000000000000e+00 6.534838256835937500e+02 -2.812425165572933206e-01 9.596367265171339422e-01 -0.000000000000000000e+00 -6.697916412353515625e+01 -0.000000000000000000e+00 0.000000000000000000e+00 1.000000000000000000e+00 0.000000000000000000e+00
9.577902839346226216e-01 2.874678625523813813e-01 0.000000000000000000e+00 6.570202026367187500e+02 -2.874678625523813813e-01 9.577902839346226216e-01 -0.000000000000000000e+00 -6.799314117431640625e+01 -0.000000000000000000e+00 0.000000000000000000e+00 1.000000000000000000e+00 0.000000000000000000e+00
9.557546371015948061e-01 2.941650449302208314e-01 0.000000000000000000e+00 6.604908447265625000e+02 -2.941650449302208314e-01 9.557546371015948061e-01 -0.000000000000000000e+00 -6.890391540527343750e+01 -0.000000000000000000e+00 0.000000000000000000e+00 1.000000000000000000e+00 0.000000000000000000e+00
9.540464080814443637e-01 2.996588914530889936e-01 0.000000000000000000e+00 6.640000610351562500e+02 -2.996588914530889936e-01 9.540464080814443637e-01 -0.000000000000000000e+00 -7.000255584716796875e+01 -0.000000000000000000e+00 0.000000000000000000e+00 1.000000000000000000e+00 0.000000000000000000e+00
9.528139987388325460e-01 3.035547459805496562e-01 0.000000000000000000e+00 6.669981079101562500e+02 -3.035547459805496562e-01 9.528139987388325460e-01 -0.000000000000000000e+00 -7.098415374755859375e+01 -0.000000000000000000e+00 0.000000000000000000e+00 1.000000000000000000e+00 0.000000000000000000e+00
9.513753857339593001e-01 3.080338868039684819e-01 0.000000000000000000e+00 6.699242553710937500e+02 -3.080338868039684819e-01 9.513753857339593001e-01 -0.000000000000000000e+00 -7.192755126953125000e+01 -0.000000000000000000e+00 0.000000000000000000e+00 1.000000000000000000e+00 0.000000000000000000e+00
9.497702654451085635e-01 3.129479874936537120e-01 0.000000000000000000e+00 6.729533081054687500e+02 -3.129479874936537120e-01 9.497702654451085635e-01 -0.000000000000000000e+00 -7.288500976562500000e+01 -0.000000000000000000e+00 0.000000000000000000e+00 1.000000000000000000e+00 0.000000000000000000e+00
9.492625754213560585e-01 3.144845988350052912e-01 0.000000000000000000e+00 6.751902465820312500e+02 -3.144845988350052912e-01 9.492625754213560585e-01 -0.000000000000000000e+00 -7.375047302246093750e+01 -0.000000000000000000e+00 0.000000000000000000e+00 1.000000000000000000e+00 0.000000000000000000e+00
9.481185713772699586e-01 3.179169303599992946e-01 0.000000000000000000e+00 6.779108276367187500e+02 -3.179169303599992946e-01 9.481185713772699586e-01 -0.000000000000000000e+00 -7.470164489746093750e+01 -0.000000000000000000e+00 0.000000000000000000e+00 1.000000000000000000e+00 0.000000000000000000e+00
9.467446066071670829e-01 3.219854808221024323e-01 0.000000000000000000e+00 6.809019165039062500e+02 -3.219854808221024323e-01 9.467446066071670829e-01 -0.000000000000000000e+00 -7.573834991455078125e+01 -0.000000000000000000e+00 0.000000000000000000e+00 1.000000000000000000e+00 0.000000000000000000e+00
9.455522011083967726e-01 3.254704825004349766e-01 0.000000000000000000e+00 6.833251342773437500e+02 -3.254704825004349766e-01 9.455522011083967726e-01 -0.000000000000000000e+00 -7.656629943847656250e+01 -0.000000000000000000e+00 0.000000000000000000e+00 1.000000000000000000e+00 0.000000000000000000e+00
9.441816286400648295e-01 3.294253362123117923e-01 0.000000000000000000e+00 6.862995605468750000e+02 -3.294253362123117923e-01 9.441816286400648295e-01 -0.000000000000000000e+00 -7.763340759277343750e+01 -0.000000000000000000e+00 0.000000000000000000e+00 1.000000000000000000e+00 0.000000000000000000e+00
9.426928367931617370e-01 3.336618279918476260e-01 0.000000000000000000e+00 6.893632812500000000e+02 -3.336618279918476260e-01 9.426928367931617370e-01 -0.000000000000000000e+00 -7.873512268066406250e+01 -0.000000000000000000e+00 0.000000000000000000e+00 1.000000000000000000e+00 0.000000000000000000e+00
9.412891461322396847e-01 3.376014564151629815e-01 0.000000000000000000e+00 6.922698974609375000e+02 -3.376014564151629815e-01 9.412891461322396847e-01 -0.000000000000000000e+00 -7.980139923095703125e+01 -0.000000000000000000e+00 0.000000000000000000e+00 1.000000000000000000e+00 0.000000000000000000e+00
9.397186378145522268e-01 3.419486536659596121e-01 0.000000000000000000e+00 6.951640625000000000e+02 -3.419486536659596121e-01 9.397186378145522268e-01 -0.000000000000000000e+00 -8.083135986328125000e+01 -0.000000000000000000e+00 0.000000000000000000e+00 1.000000000000000000e+00 0.000000000000000000e+00
9.383403503944315327e-01 3.457128675962979902e-01 0.000000000000000000e+00 6.979846801757812500e+02 -3.457128675962979902e-01 9.383403503944315327e-01 -0.000000000000000000e+00 -8.188419342041015625e+01 -0.000000000000000000e+00 0.000000000000000000e+00 1.000000000000000000e+00 0.000000000000000000e+00
9.367123822908691722e-01 3.500998612724155468e-01 0.000000000000000000e+00 7.008919067382812500e+02 -3.500998612724155468e-01 9.367123822908691722e-01 -0.000000000000000000e+00 -8.295112609863281250e+01 -0.000000000000000000e+00 0.000000000000000000e+00 1.000000000000000000e+00 0.000000000000000000e+00
9.348749862053867821e-01 3.549771262595350918e-01 0.000000000000000000e+00 7.038519287109375000e+02 -3.549771262595350918e-01 9.348749862053867821e-01 -0.000000000000000000e+00 -8.400684356689453125e+01 -0.000000000000000000e+00 0.000000000000000000e+00 1.000000000000000000e+00 0.000000000000000000e+00
9.334550469532998385e-01 3.586944037999655333e-01 0.000000000000000000e+00 7.067000122070312500e+02 -3.586944037999655333e-01 9.334550469532998385e-01 -0.000000000000000000e+00 -8.513000488281250000e+01 -0.000000000000000000e+00 0.000000000000000000e+00 1.000000000000000000e+00 0.000000000000000000e+00
9.317037599729723896e-01 3.632190849228959517e-01 0.000000000000000000e+00 7.095510864257812500e+02 -3.632190849228959517e-01 9.317037599729723896e-01 -0.000000000000000000e+00 -8.620155334472656250e+01 -0.000000000000000000e+00 0.000000000000000000e+00 1.000000000000000000e+00 0.000000000000000000e+00
9.299844979255219579e-01 3.675987399573275027e-01 0.000000000000000000e+00 7.124486083984375000e+02 -3.675987399573275027e-01 9.299844979255219579e-01 -0.000000000000000000e+00 -8.733733367919921875e+01 -0.000000000000000000e+00 0.000000000000000000e+00 1.000000000000000000e+00 0.000000000000000000e+00
9.284265453848001837e-01 3.715160155697809219e-01 0.000000000000000000e+00 7.153321533203125000e+02 -3.715160155697809219e-01 9.284265453848001837e-01 -0.000000000000000000e+00 -8.850706481933593750e+01 -0.000000000000000000e+00 0.000000000000000000e+00 1.000000000000000000e+00 0.000000000000000000e+00
9.267662639763966093e-01 3.756385123429598627e-01 0.000000000000000000e+00 7.183245239257812500e+02 -3.756385123429598627e-01 9.267662639763966093e-01 -0.000000000000000000e+00 -8.971834564208984375e+01 -0.000000000000000000e+00 0.000000000000000000e+00 1.000000000000000000e+00 0.000000000000000000e+00
9.251804286139986289e-01 3.795275675225948109e-01 0.000000000000000000e+00 7.211971435546875000e+02 -3.795275675225948109e-01 9.251804286139986289e-01 -0.000000000000000000e+00 -9.090421295166015625e+01 -0.000000000000000000e+00 0.000000000000000000e+00 1.000000000000000000e+00 0.000000000000000000e+00
9.239256457556979107e-01 3.825720861679752227e-01 0.000000000000000000e+00 7.239947509765625000e+02 -3.825720861679752227e-01 9.239256457556979107e-01 -0.000000000000000000e+00 -9.209622192382812500e+01 -0.000000000000000000e+00 0.000000000000000000e+00 1.000000000000000000e+00 0.000000000000000000e+00
9.225522381370256930e-01 3.858722170723937195e-01 0.000000000000000000e+00 7.268516845703125000e+02 -3.858722170723937195e-01 9.225522381370256930e-01 -0.000000000000000000e+00 -9.328592681884765625e+01 -0.000000000000000000e+00 0.000000000000000000e+00 1.000000000000000000e+00 0.000000000000000000e+00
9.211218544091368532e-01 3.892743625386507755e-01 0.000000000000000000e+00 7.297101440429687500e+02 -3.892743625386507755e-01 9.211218544091368532e-01 -0.000000000000000000e+00 -9.447966003417968750e+01 -0.000000000000000000e+00 0.000000000000000000e+00 1.000000000000000000e+00 0.000000000000000000e+00
9.196957759126342946e-01 3.926317355594904357e-01 0.000000000000000000e+00 7.325734863281250000e+02 -3.926317355594904357e-01 9.196957759126342946e-01 -0.000000000000000000e+00 -9.567593383789062500e+01 -0.000000000000000000e+00 0.000000000000000000e+00 1.000000000000000000e+00 0.000000000000000000e+00
9.207069993934721142e-01 3.902545595734520090e-01 0.000000000000000000e+00 7.327666015625000000e+02 -3.902545595734520090e-01 9.207069993934721142e-01 -0.000000000000000000e+00 -9.599521636962890625e+01 -0.000000000000000000e+00 0.000000000000000000e+00 1.000000000000000000e+00 0.000000000000000000e+00
9.205218041784717364e-01 3.906911926726929218e-01 0.000000000000000000e+00 7.360401000976562500e+02 -3.906911926726929218e-01 9.205218041784717364e-01 -0.000000000000000000e+00 -9.768817901611328125e+01 -0.000000000000000000e+00 0.000000000000000000e+00 1.000000000000000000e+00 0.000000000000000000e+00
9.182701100682191253e-01 3.959545491029251019e-01 0.000000000000000000e+00 7.394439086914062500e+02 -3.959545491029251019e-01 9.182701100682191253e-01 -0.000000000000000000e+00 -9.901428985595703125e+01 -0.000000000000000000e+00 0.000000000000000000e+00 1.000000000000000000e+00 0.000000000000000000e+00
9.160447205696709005e-01 4.010761397994569433e-01 0.000000000000000000e+00 7.428515625000000000e+02 -4.010761397994569433e-01 9.160447205696709005e-01 -0.000000000000000000e+00 -1.003492431640625000e+02 -0.000000000000000000e+00 0.000000000000000000e+00 1.000000000000000000e+00 0.000000000000000000e+00
9.139475494085028684e-01 4.058323261276659544e-01 0.000000000000000000e+00 7.462631835937500000e+02 -4.058323261276659544e-01 9.139475494085028684e-01 -0.000000000000000000e+00 -1.017304458618164062e+02 -0.000000000000000000e+00 0.000000000000000000e+00 1.000000000000000000e+00 0.000000000000000000e+00
9.129650317328845688e-01 4.080378056417973132e-01 0.000000000000000000e+00 7.491309204101562500e+02 -4.080378056417973132e-01 9.129650317328845688e-01 -0.000000000000000000e+00 -1.030529403686523438e+02 -0.000000000000000000e+00 0.000000000000000000e+00 1.000000000000000000e+00 0.000000000000000000e+00
9.117264742413833112e-01 4.107978044821762320e-01 0.000000000000000000e+00 7.519600830078125000e+02 -4.107978044821762320e-01 9.117264742413833112e-01 -0.000000000000000000e+00 -1.043406372070312500e+02 -0.000000000000000000e+00 0.000000000000000000e+00 1.000000000000000000e+00 0.000000000000000000e+00
9.107680300274534346e-01 4.129183884012816996e-01 0.000000000000000000e+00 7.546760864257812500e+02 -4.129183884012816996e-01 9.107680300274534346e-01 -0.000000000000000000e+00 -1.056232528686523438e+02 -0.000000000000000000e+00 0.000000000000000000e+00 1.000000000000000000e+00 0.000000000000000000e+00
9.094104542279379810e-01 4.158997784814695287e-01 0.000000000000000000e+00 7.575699462890625000e+02 -4.158997784814695287e-01 9.094104542279379810e-01 -0.000000000000000000e+00 -1.069210662841796875e+02 -0.000000000000000000e+00 0.000000000000000000e+00 1.000000000000000000e+00 0.000000000000000000e+00
9.082117801704733262e-01 4.185108867874048344e-01 0.000000000000000000e+00 7.603351440429687500e+02 -4.185108867874048344e-01 9.082117801704733262e-01 -0.000000000000000000e+00 -1.082063522338867188e+02 -0.000000000000000000e+00 0.000000000000000000e+00 1.000000000000000000e+00 0.000000000000000000e+00
9.069822174373370904e-01 4.211689177188303601e-01 0.000000000000000000e+00 7.631238403320312500e+02 -4.211689177188303601e-01 9.069822174373370904e-01 -0.000000000000000000e+00 -1.095072326660156250e+02 -0.000000000000000000e+00 0.000000000000000000e+00 1.000000000000000000e+00 0.000000000000000000e+00
9.065098047661415137e-01 4.221847627080492771e-01 0.000000000000000000e+00 7.656883544921875000e+02 -4.221847627080492771e-01 9.065098047661415137e-01 -0.000000000000000000e+00 -1.107762527465820312e+02 -0.000000000000000000e+00 0.000000000000000000e+00 1.000000000000000000e+00 0.000000000000000000e+00
9.054988781024687627e-01 4.243486558894353222e-01 0.000000000000000000e+00 7.685353393554687500e+02 -4.243486558894353222e-01 9.054988781024687627e-01 -0.000000000000000000e+00 -1.121722412109375000e+02 -0.000000000000000000e+00 0.000000000000000000e+00 1.000000000000000000e+00 0.000000000000000000e+00
9.054988781024687627e-01 4.243486558894353222e-01 0.000000000000000000e+00 7.685353393554687500e+02 -4.243486558894353222e-01 9.054988781024687627e-01 -0.000000000000000000e+00 -1.121722412109375000e+02 -0.000000000000000000e+00 0.000000000000000000e+00 1.000000000000000000e+00 0.000000000000000000e+00
9.059169427391805529e-01 4.234554201543490604e-01 0.000000000000000000e+00 7.717029418945312500e+02 -4.234554201543490604e-01 9.059169427391805529e-01 -0.000000000000000000e+00 -1.140755691528320312e+02 -0.000000000000000000e+00 0.000000000000000000e+00 1.000000000000000000e+00 0.000000000000000000e+00
9.041853608516667862e-01 4.271402968832853086e-01 0.000000000000000000e+00 7.750473632812500000e+02 -4.271402968832853086e-01 9.041853608516667862e-01 -0.000000000000000000e+00 -1.156124267578125000e+02 -0.000000000000000000e+00 0.000000000000000000e+00 1.000000000000000000e+00 0.000000000000000000e+00
9.026322346269850527e-01 4.304126496889878473e-01 0.000000000000000000e+00 7.783811035156250000e+02 -4.304126496889878473e-01 9.026322346269850527e-01 -0.000000000000000000e+00 -1.171827392578125000e+02 -0.000000000000000000e+00 0.000000000000000000e+00 1.000000000000000000e+00 0.000000000000000000e+00
9.014086539401376941e-01 4.329693275531525387e-01 0.000000000000000000e+00 7.813352661132812500e+02 -4.329693275531525387e-01 9.014086539401376941e-01 -0.000000000000000000e+00 -1.186105270385742188e+02 -0.000000000000000000e+00 0.000000000000000000e+00 1.000000000000000000e+00 0.000000000000000000e+00
9.005337369707824280e-01 4.347861411975290635e-01 0.000000000000000000e+00 7.841219482421875000e+02 -4.347861411975290635e-01 9.005337369707824280e-01 -0.000000000000000000e+00 -1.199943695068359375e+02 -0.000000000000000000e+00 0.000000000000000000e+00 1.000000000000000000e+00 0.000000000000000000e+00
9.000081962611812259e-01 4.358729707870114822e-01 0.000000000000000000e+00 7.868472900390625000e+02 -4.358729707870114822e-01 9.000081962611812259e-01 -0.000000000000000000e+00 -1.214082794189453125e+02 -0.000000000000000000e+00 0.000000000000000000e+00 1.000000000000000000e+00 0.000000000000000000e+00
8.995328821781839457e-01 4.368530575378972713e-01 0.000000000000000000e+00 7.895504760742187500e+02 -4.368530575378972713e-01 8.995328821781839457e-01 -0.000000000000000000e+00 -1.227876739501953125e+02 -0.000000000000000000e+00 0.000000000000000000e+00 1.000000000000000000e+00 0.000000000000000000e+00
8.990712308400913289e-01 4.378023776496458574e-01 0.000000000000000000e+00 7.922348022460937500e+02 -4.378023776496458574e-01 8.990712308400913289e-01 -0.000000000000000000e+00 -1.241610107421875000e+02 -0.000000000000000000e+00 0.000000000000000000e+00 1.000000000000000000e+00 0.000000000000000000e+00
9.003878417226738318e-01 4.350881916094543889e-01 0.000000000000000000e+00 7.927466430664062500e+02 -4.350881916094543889e-01 9.003878417226738318e-01 -0.000000000000000000e+00 -1.246840744018554688e+02 -0.000000000000000000e+00 0.000000000000000000e+00 1.000000000000000000e+00 0.000000000000000000e+00
8.998451364621314896e-01 4.362095028600912472e-01 0.000000000000000000e+00 7.960184936523437500e+02 -4.362095028600912472e-01 8.998451364621314896e-01 -0.000000000000000000e+00 -1.263496551513671875e+02 -0.000000000000000000e+00 0.000000000000000000e+00 1.000000000000000000e+00 0.000000000000000000e+00
8.991304614218549318e-01 4.376807207809390032e-01 0.000000000000000000e+00 7.993068847656250000e+02 -4.376807207809390032e-01 8.991304614218549318e-01 -0.000000000000000000e+00 -1.279893722534179688e+02 -0.000000000000000000e+00 0.000000000000000000e+00 1.000000000000000000e+00 0.000000000000000000e+00
8.990729770101268947e-01 4.377987916956233572e-01 0.000000000000000000e+00 8.025263671875000000e+02 -4.377987916956233572e-01 8.990729770101268947e-01 -0.000000000000000000e+00 -1.297449188232421875e+02 -0.000000000000000000e+00 0.000000000000000000e+00 1.000000000000000000e+00 0.000000000000000000e+00
8.983663883538479666e-01 4.392468921643762347e-01 0.000000000000000000e+00 8.055078125000000000e+02 -4.392468921643762347e-01 8.983663883538479666e-01 -0.000000000000000000e+00 -1.311875762939453125e+02 -0.000000000000000000e+00 0.000000000000000000e+00 1.000000000000000000e+00 0.000000000000000000e+00
8.983663883538479666e-01 4.392468921643762347e-01 0.000000000000000000e+00 8.055078125000000000e+02 -4.392468921643762347e-01 8.983663883538479666e-01 -0.000000000000000000e+00 -1.311875762939453125e+02 -0.000000000000000000e+00 0.000000000000000000e+00 1.000000000000000000e+00 0.000000000000000000e+00
8.993650584207326659e-01 4.371984580163476575e-01 0.000000000000000000e+00 8.086589355468750000e+02 -4.371984580163476575e-01 8.993650584207326659e-01 -0.000000000000000000e+00 -1.330446624755859375e+02 -0.000000000000000000e+00 0.000000000000000000e+00 1.000000000000000000e+00 0.000000000000000000e+00
8.990552656539974041e-01 4.378351622469580651e-01 0.000000000000000000e+00 8.119171752929687500e+02 -4.378351622469580651e-01 8.990552656539974041e-01 -0.000000000000000000e+00 -1.347202148437500000e+02 -0.000000000000000000e+00 0.000000000000000000e+00 1.000000000000000000e+00 0.000000000000000000e+00
8.989784610296633893e-01 4.379928385313372474e-01 0.000000000000000000e+00 8.150783081054687500e+02 -4.379928385313372474e-01 8.989784610296633893e-01 -0.000000000000000000e+00 -1.364007568359375000e+02 -0.000000000000000000e+00 0.000000000000000000e+00 1.000000000000000000e+00 0.000000000000000000e+00
8.989784610296633893e-01 4.379928385313372474e-01 0.000000000000000000e+00 8.150783081054687500e+02 -4.379928385313372474e-01 8.989784610296633893e-01 -0.000000000000000000e+00 -1.364007568359375000e+02 -0.000000000000000000e+00 0.000000000000000000e+00 1.000000000000000000e+00 0.000000000000000000e+00
8.989977526646826256e-01 4.379532403166461751e-01 0.000000000000000000e+00 8.181271362304687500e+02 -4.379532403166461751e-01 8.989977526646826256e-01 -0.000000000000000000e+00 -1.381136627197265625e+02 -0.000000000000000000e+00 0.000000000000000000e+00 1.000000000000000000e+00 0.000000000000000000e+00
8.996722071875886684e-01 4.365660541249315463e-01 0.000000000000000000e+00 8.213106079101562500e+02 -4.365660541249315463e-01 8.996722071875886684e-01 -0.000000000000000000e+00 -1.399343261718750000e+02 -0.000000000000000000e+00 0.000000000000000000e+00 1.000000000000000000e+00 0.000000000000000000e+00
8.994975538771200485e-01 4.369257952662871092e-01 0.000000000000000000e+00 8.244006958007812500e+02 -4.369257952662871092e-01 8.994975538771200485e-01 -0.000000000000000000e+00 -1.415264282226562500e+02 -0.000000000000000000e+00 0.000000000000000000e+00 1.000000000000000000e+00 0.000000000000000000e+00
8.988474676077689018e-01 4.382615999321647360e-01 0.000000000000000000e+00 8.276567993164062500e+02 -4.382615999321647360e-01 8.988474676077689018e-01 -0.000000000000000000e+00 -1.431373138427734375e+02 -0.000000000000000000e+00 0.000000000000000000e+00 1.000000000000000000e+00 0.000000000000000000e+00
8.990755450622935907e-01 4.377935178493848056e-01 0.000000000000000000e+00 8.307362670898437500e+02 -4.377935178493848056e-01 8.990755450622935907e-01 -0.000000000000000000e+00 -1.447563781738281250e+02 -0.000000000000000000e+00 0.000000000000000000e+00 1.000000000000000000e+00 0.000000000000000000e+00
8.987706712502042672e-01 4.384190694991005333e-01 0.000000000000000000e+00 8.338265991210937500e+02 -4.384190694991005333e-01 8.987706712502042672e-01 -0.000000000000000000e+00 -1.463657989501953125e+02 -0.000000000000000000e+00 0.000000000000000000e+00 1.000000000000000000e+00 0.000000000000000000e+00
8.982660906951661639e-01 4.394519658702455422e-01 0.000000000000000000e+00 8.368764648437500000e+02 -4.394519658702455422e-01 8.982660906951661639e-01 -0.000000000000000000e+00 -1.480094451904296875e+02 -0.000000000000000000e+00 0.000000000000000000e+00 1.000000000000000000e+00 0.000000000000000000e+00
8.986843105525929021e-01 4.385960669757661967e-01 0.000000000000000000e+00 8.394136962890625000e+02 -4.385960669757661967e-01 8.986843105525929021e-01 -0.000000000000000000e+00 -1.494127807617187500e+02 -0.000000000000000000e+00 0.000000000000000000e+00 1.000000000000000000e+00 0.000000000000000000e+00
8.960069609278262792e-01 4.440400049194676013e-01 0.000000000000000000e+00 8.372349243164062500e+02 -4.440400049194676013e-01 8.960069609278262792e-01 -0.000000000000000000e+00 -1.482873229980468750e+02 -0.000000000000000000e+00 0.000000000000000000e+00 1.000000000000000000e+00 0.000000000000000000e+00
9.006128288259560577e-01 4.346222872266322090e-01 0.000000000000000000e+00 8.398994140625000000e+02 -4.346222872266322090e-01 9.006128288259560577e-01 -0.000000000000000000e+00 -1.503298797607421875e+02 -0.000000000000000000e+00 0.000000000000000000e+00 1.000000000000000000e+00 0.000000000000000000e+00
9.017307142302524170e-01 4.322981829869272374e-01 0.000000000000000000e+00 8.428713989257812500e+02 -4.322981829869272374e-01 9.017307142302524170e-01 -0.000000000000000000e+00 -1.521102294921875000e+02 -0.000000000000000000e+00 0.000000000000000000e+00 1.000000000000000000e+00 0.000000000000000000e+00
9.028589288895412235e-01 4.299369192386604532e-01 0.000000000000000000e+00 8.458032836914062500e+02 -4.299369192386604532e-01 9.028589288895412235e-01 -0.000000000000000000e+00 -1.537859802246093750e+02 -0.000000000000000000e+00 0.000000000000000000e+00 1.000000000000000000e+00 0.000000000000000000e+00
9.034917542316909245e-01 4.286054713082205758e-01 0.000000000000000000e+00 8.486322631835937500e+02 -4.286054713082205758e-01 9.034917542316909245e-01 -0.000000000000000000e+00 -1.553479309082031250e+02 -0.000000000000000000e+00 0.000000000000000000e+00 1.000000000000000000e+00 0.000000000000000000e+00
9.034917542316909245e-01 4.286054713082205758e-01 0.000000000000000000e+00 8.486322631835937500e+02 -4.286054713082205758e-01 9.034917542316909245e-01 -0.000000000000000000e+00 -1.553479309082031250e+02 -0.000000000000000000e+00 0.000000000000000000e+00 1.000000000000000000e+00 0.000000000000000000e+00
8.977644577925151248e-01 4.404758544171421542e-01 0.000000000000000000e+00 8.500155029296875000e+02 -4.404758544171421542e-01 8.977644577925151248e-01 -0.000000000000000000e+00 -1.556264038085937500e+02 -0.000000000000000000e+00 0.000000000000000000e+00 1.000000000000000000e+00 0.000000000000000000e+00
8.978340482529207911e-01 4.403339889195153067e-01 0.000000000000000000e+00 8.529105834960937500e+02 -4.403339889195153067e-01 8.978340482529207911e-01 -0.000000000000000000e+00 -1.572523803710937500e+02 -0.000000000000000000e+00 0.000000000000000000e+00 1.000000000000000000e+00 0.000000000000000000e+00
8.978340482529207911e-01 4.403339889195153067e-01 0.000000000000000000e+00 8.529105834960937500e+02 -4.403339889195153067e-01 8.978340482529207911e-01 -0.000000000000000000e+00 -1.572523803710937500e+02 -0.000000000000000000e+00 0.000000000000000000e+00 1.000000000000000000e+00 0.000000000000000000e+00
8.983070730425009032e-01 4.393681856049830858e-01 0.000000000000000000e+00 8.528114624023437500e+02 -4.393681856049830858e-01 8.983070730425009032e-01 -0.000000000000000000e+00 -1.572734375000000000e+02 -0.000000000000000000e+00 0.000000000000000000e+00 1.000000000000000000e+00 0.000000000000000000e+00
9.002746729170334472e-01 4.353223096788498281e-01 0.000000000000000000e+00 8.526262817382812500e+02 -4.353223096788498281e-01 9.002746729170334472e-01 -0.000000000000000000e+00 -1.574220886230468750e+02 -0.000000000000000000e+00 0.000000000000000000e+00 1.000000000000000000e+00 0.000000000000000000e+00
9.002746729170334472e-01 4.353223096788498281e-01 0.000000000000000000e+00 8.526262817382812500e+02 -4.353223096788498281e-01 9.002746729170334472e-01 -0.000000000000000000e+00 -1.574220886230468750e+02 -0.000000000000000000e+00 0.000000000000000000e+00 1.000000000000000000e+00 0.000000000000000000e+00
9.003404742704329555e-01 4.351862019762252620e-01 0.000000000000000000e+00 8.525259399414062500e+02 -4.351862019762252620e-01 9.003404742704329555e-01 -0.000000000000000000e+00 -1.574432220458984375e+02 -0.000000000000000000e+00 0.000000000000000000e+00 1.000000000000000000e+00 0.000000000000000000e+00
8.972463870027808097e-01 4.415302039616951224e-01 0.000000000000000000e+00 8.513539428710937500e+02 -4.415302039616951224e-01 8.972463870027808097e-01 -0.000000000000000000e+00 -1.568106536865234375e+02 -0.000000000000000000e+00 0.000000000000000000e+00 1.000000000000000000e+00 0.000000000000000000e+00
8.973686005142248456e-01 4.412817635152642692e-01 0.000000000000000000e+00 8.545584716796875000e+02 -4.412817635152642692e-01 8.973686005142248456e-01 -0.000000000000000000e+00 -1.583461151123046875e+02 -0.000000000000000000e+00 0.000000000000000000e+00 1.000000000000000000e+00 0.000000000000000000e+00
8.973686005142248456e-01 4.412817635152642692e-01 0.000000000000000000e+00 8.545584716796875000e+02 -4.412817635152642692e-01 8.973686005142248456e-01 -0.000000000000000000e+00 -1.583461151123046875e+02 -0.000000000000000000e+00 0.000000000000000000e+00 1.000000000000000000e+00 0.000000000000000000e+00
8.945067948931251234e-01 4.470543522772468248e-01 0.000000000000000000e+00 8.579877929687500000e+02 -4.470543522772468248e-01 8.945067948931251234e-01 -0.000000000000000000e+00 -1.596987457275390625e+02 -0.000000000000000000e+00 0.000000000000000000e+00 1.000000000000000000e+00 0.000000000000000000e+00
8.952374037937114171e-01 4.455894869144640946e-01 0.000000000000000000e+00 8.611362915039062500e+02 -4.455894869144640946e-01 8.952374037937114171e-01 -0.000000000000000000e+00 -1.615739288330078125e+02 -0.000000000000000000e+00 0.000000000000000000e+00 1.000000000000000000e+00 0.000000000000000000e+00
8.958200638891434808e-01 4.444169361462846357e-01 0.000000000000000000e+00 8.641686401367187500e+02 -4.444169361462846357e-01 8.958200638891434808e-01 -0.000000000000000000e+00 -1.633829956054687500e+02 -0.000000000000000000e+00 0.000000000000000000e+00 1.000000000000000000e+00 0.000000000000000000e+00
8.959801378957746865e-01 4.440941257169120915e-01 0.000000000000000000e+00 8.645772705078125000e+02 -4.440941257169120915e-01 8.959801378957746865e-01 -0.000000000000000000e+00 -1.637936248779296875e+02 -0.000000000000000000e+00 0.000000000000000000e+00 1.000000000000000000e+00 0.000000000000000000e+00
8.940270665868351729e-01 4.480129509401917232e-01 0.000000000000000000e+00 8.679404296875000000e+02 -4.480129509401917232e-01 8.940270665868351729e-01 -0.000000000000000000e+00 -1.651796875000000000e+02 -0.000000000000000000e+00 0.000000000000000000e+00 1.000000000000000000e+00 0.000000000000000000e+00
