-7.841269092655716033e-01 -6.206005077065458453e-01 0.000000000000000000e+00 0.000000000000000000e+00 6.206005077065458453e-01 -7.841269092655716033e-01 0.000000000000000000e+00 0.000000000000000000e+00 0.000000000000000000e+00 0.000000000000000000e+00 1.000000000000000000e+00 0.000000000000000000e+00
-7.841269067365004286e-01 -6.206005109020197308e-01 0.000000000000000000e+00 0.000000000000000000e+00 6.206005109020197308e-01 -7.841269067365004286e-01 0.000000000000000000e+00 0.000000000000000000e+00 0.000000000000000000e+00 0.000000000000000000e+00 1.000000000000000000e+00 0.000000000000000000e+00
-7.841269067365004286e-01 -6.206005109020197308e-01 0.000000000000000000e+00 -2.041557550430297852e+00 6.206005109020197308e-01 -7.841269067365004286e-01 0.000000000000000000e+00 1.713635921478271484e+00 0.000000000000000000e+00 0.000000000000000000e+00 1.000000000000000000e+00 0.000000000000000000e+00
-7.840185686408280841e-01 -6.207373712178014813e-01 0.000000000000000000e+00 -4.082604885101318359e+00 6.207373712178014813e-01 -7.840185686408280841e-01 0.000000000000000000e+00 3.248016595840454102e+00 0.000000000000000000e+00 0.000000000000000000e+00 1.000000000000000000e+00 0.000000000000000000e+00
-7.838018380525237916e-01 -6.210110133206051541e-01 0.000000000000000000e+00 -6.003623485565185547e+00 6.210110133206051541e-01 -7.838018380525237916e-01 0.000000000000000000e+00 4.785950183868408203e+00 0.000000000000000000e+00 0.000000000000000000e+00 1.000000000000000000e+00 0.000000000000000000e+00
-7.836934697066206823e-01 -6.211477646576523126e-01 0.000000000000000000e+00 -8.040601730346679688e+00 6.211477646576523126e-01 -7.836934697066206823e-01 0.000000000000000000e+00 6.505671501159667969e+00 0.000000000000000000e+00 0.000000000000000000e+00 1.000000000000000000e+00 0.000000000000000000e+00
-7.834766046221923741e-01 -6.214212822310483109e-01 0.000000000000000000e+00 -9.961610794067382812e+00 6.214212822310483109e-01 -7.834766046221923741e-01 0.000000000000000000e+00 8.043601989746093750e+00 0.000000000000000000e+00 0.000000000000000000e+00 1.000000000000000000e+00 0.000000000000000000e+00
-7.830425425700440201e-01 -6.219681475167685436e-01 0.000000000000000000e+00 -1.198484039306640625e+01 6.219681475167685436e-01 -7.830425425700440201e-01 0.000000000000000000e+00 9.781560897827148438e+00 0.000000000000000000e+00 0.000000000000000000e+00 1.000000000000000000e+00 0.000000000000000000e+00
-7.820645991682477760e-01 -6.231973706040552230e-01 0.000000000000000000e+00 -1.387371540069580078e+01 6.231973706040552230e-01 -7.820645991682477760e-01 0.000000000000000000e+00 1.136199855804443359e+01 0.000000000000000000e+00 0.000000000000000000e+00 1.000000000000000000e+00 0.000000000000000000e+00
-7.816293488324042027e-01 -6.237431851682487816e-01 0.000000000000000000e+00 -1.589688682556152344e+01 6.237431851682487816e-01 -7.816293488324042027e-01 0.000000000000000000e+00 1.309991741180419922e+01 0.000000000000000000e+00 0.000000000000000000e+00 1.000000000000000000e+00 0.000000000000000000e+00
-7.804304173042371229e-01 -6.252426438962199740e-01 0.000000000000000000e+00 -1.789187431335449219e+01 6.252426438962199740e-01 -7.804304173042371229e-01 0.000000000000000000e+00 1.469491386413574219e+01 0.000000000000000000e+00 0.000000000000000000e+00 1.000000000000000000e+00 0.000000000000000000e+00
-7.799937332885460428e-01 -6.257873249200538446e-01 0.000000000000000000e+00 -1.980359077453613281e+01 6.257873249200538446e-01 -7.799937332885460428e-01 0.000000000000000000e+00 1.624491310119628906e+01 0.000000000000000000e+00 0.000000000000000000e+00 1.000000000000000000e+00 0.000000000000000000e+00
-7.795566323757920912e-01 -6.263317466957220025e-01 0.000000000000000000e+00 -2.182667732238769531e+01 6.263317466957220025e-01 -7.795566323757920912e-01 0.000000000000000000e+00 1.798277282714843750e+01 0.000000000000000000e+00 0.000000000000000000e+00 1.000000000000000000e+00 0.000000000000000000e+00
-7.789003266891361132e-01 -6.271477346555249799e-01 0.000000000000000000e+00 -2.384456825256347656e+01 6.271477346555249799e-01 -7.789003266891361132e-01 0.000000000000000000e+00 1.954737663269042969e+01 0.000000000000000000e+00 0.000000000000000000e+00 1.000000000000000000e+00 0.000000000000000000e+00
-7.786813533344540961e-01 -6.274195964179181129e-01 0.000000000000000000e+00 -2.576140975952148438e+01 6.274195964179181129e-01 -7.786813533344540961e-01 0.000000000000000000e+00 2.127058410644531250e+01 0.000000000000000000e+00 0.000000000000000000e+00 1.000000000000000000e+00 0.000000000000000000e+00
-7.786813533344540961e-01 -6.274195964179181129e-01 0.000000000000000000e+00 -2.768750000000000000e+01 6.274195964179181129e-01 -7.786813533344540961e-01 0.000000000000000000e+00 2.298169898986816406e+01 0.000000000000000000e+00 0.000000000000000000e+00 1.000000000000000000e+00 0.000000000000000000e+00
-7.785718396616156944e-01 -6.275554879737140768e-01 0.000000000000000000e+00 -2.972847747802734375e+01 6.275554879737140768e-01 -7.785718396616156944e-01 0.000000000000000000e+00 2.451605033874511719e+01 0.000000000000000000e+00 0.000000000000000000e+00 1.000000000000000000e+00 0.000000000000000000e+00
-7.792285989861571505e-01 -6.267398108641824006e-01 0.000000000000000000e+00 -3.168230056762695312e+01 6.267398108641824006e-01 -7.792285989861571505e-01 0.000000000000000000e+00 2.619088172912597656e+01 0.000000000000000000e+00 0.000000000000000000e+00 1.000000000000000000e+00 0.000000000000000000e+00
-7.796659444893234703e-01 -6.261956683047006367e-01 0.000000000000000000e+00 -3.362685775756835938e+01 6.261956683047006367e-01 -7.796659444893234703e-01 0.000000000000000000e+00 2.787779235839843750e+01 0.000000000000000000e+00 0.000000000000000000e+00 1.000000000000000000e+00 0.000000000000000000e+00
-7.802121054866797412e-01 -6.255150441452568266e-01 0.000000000000000000e+00 -3.569552230834960938e+01 6.255150441452568266e-01 -7.802121054866797412e-01 0.000000000000000000e+00 2.937582397460937500e+01 0.000000000000000000e+00 0.000000000000000000e+00 1.000000000000000000e+00 0.000000000000000000e+00
-7.802121054866797412e-01 -6.255150441452568266e-01 0.000000000000000000e+00 -3.762160491943359375e+01 6.255150441452568266e-01 -7.802121054866797412e-01 0.000000000000000000e+00 3.108694267272949219e+01 0.000000000000000000e+00 0.000000000000000000e+00 1.000000000000000000e+00 0.000000000000000000e+00
-7.805395078916532725e-01 -6.251064522305427307e-01 0.000000000000000000e+00 -3.967695999145507812e+01 6.251064522305427307e-01 -7.805395078916532725e-01 0.000000000000000000e+00 3.278242111206054688e+01 0.000000000000000000e+00 0.000000000000000000e+00 1.000000000000000000e+00 0.000000000000000000e+00
-7.804304173042371229e-01 -6.252426438962199740e-01 0.000000000000000000e+00 -4.159843444824218750e+01 6.252426438962199740e-01 -7.804304173042371229e-01 0.000000000000000000e+00 3.449959945678710938e+01 0.000000000000000000e+00 0.000000000000000000e+00 1.000000000000000000e+00 0.000000000000000000e+00
-7.806486052829986200e-01 -6.249702033454951344e-01 0.000000000000000000e+00 -4.353779220581054688e+01 6.249702033454951344e-01 -7.806486052829986200e-01 0.000000000000000000e+00 3.601325988769531250e+01 0.000000000000000000e+00 0.000000000000000000e+00 1.000000000000000000e+00 0.000000000000000000e+00
-7.813026497483199773e-01 -6.241523608032367720e-01 0.000000000000000000e+00 -4.560693669413581119e+01 6.241523608032367720e-01 -7.813026497483199773e-01 0.000000000000000000e+00 3.769053627981651289e+01 0.000000000000000000e+00 0.000000000000000000e+00 1.000000000000000000e+00 0.000000000000000000e+00
-7.813026446632105326e-01 -6.241523671686854957e-01 0.000000000000000000e+00 -4.753301239013671875e+01 6.241523671686854957e-01 -7.813026446632105326e-01 0.000000000000000000e+00 3.940166091918945312e+01 0.000000000000000000e+00 0.000000000000000000e+00 1.000000000000000000e+00 0.000000000000000000e+00
-7.819558320555901609e-01 -6.233338405014201555e-01 0.000000000000000000e+00 -4.960618211676842293e+01 6.233338405014201555e-01 -7.819558320555901609e-01 0.000000000000000000e+00 4.089356684511648155e+01 0.000000000000000000e+00 0.000000000000000000e+00 1.000000000000000000e+00 0.000000000000000000e+00
-7.826081379399649762e-01 -6.225146604138255269e-01 0.000000000000000000e+00 -5.155979537963867188e+01 6.225146604138255269e-01 -7.826081379399649762e-01 0.000000000000000000e+00 4.256825637817382812e+01 0.000000000000000000e+00 0.000000000000000000e+00 1.000000000000000000e+00 0.000000000000000000e+00
-7.833681320028478279e-01 -6.215580180179237635e-01 0.000000000000000000e+00 -5.351795196533203125e+01 6.215580180179237635e-01 -7.833681320028478279e-01 0.000000000000000000e+00 4.423683929443359375e+01 0.000000000000000000e+00 0.000000000000000000e+00 1.000000000000000000e+00 0.000000000000000000e+00
-7.841269067365004286e-01 -6.206005109020197308e-01 0.000000000000000000e+00 -5.547605133056640625e+01 6.206005109020197308e-01 -7.841269067365004286e-01 0.000000000000000000e+00 4.590538024902343750e+01 0.000000000000000000e+00 0.000000000000000000e+00 1.000000000000000000e+00 0.000000000000000000e+00
-7.845599753977909874e-01 -6.200529372592455957e-01 0.000000000000000000e+00 -5.753991699218750000e+01 6.200529372592455957e-01 -7.845599753977909874e-01 0.000000000000000000e+00 4.740934753417968750e+01 0.000000000000000000e+00 0.000000000000000000e+00 1.000000000000000000e+00 0.000000000000000000e+00
-7.806607843745296815e-01 -6.249549901710880206e-01 0.000000000000000000e+00 -5.921640396118164062e+01 6.249549901710880206e-01 -7.806607843745296815e-01 0.000000000000000000e+00 4.914688110351562500e+01 0.000000000000000000e+00 0.000000000000000000e+00 1.000000000000000000e+00 0.000000000000000000e+00
-7.825959455226561001e-01 -6.225299880740678971e-01 0.000000000000000000e+00 -6.112958145141601562e+01 6.225299880740678971e-01 -7.825959455226561001e-01 0.000000000000000000e+00 5.094458770751953125e+01 0.000000000000000000e+00 0.000000000000000000e+00 1.000000000000000000e+00 0.000000000000000000e+00
-7.839955803548535052e-01 -6.207664053281694017e-01 0.000000000000000000e+00 -6.311106109619140625e+01 6.207664053281694017e-01 -7.839955803548535052e-01 0.000000000000000000e+00 5.272309875488281250e+01 0.000000000000000000e+00 0.000000000000000000e+00 1.000000000000000000e+00 0.000000000000000000e+00
-7.850920510289929322e-01 -6.193791015291754132e-01 0.000000000000000000e+00 -6.511281585693359375e+01 6.193791015291754132e-01 -7.850920510289929322e-01 0.000000000000000000e+00 5.450148010253906250e+01 0.000000000000000000e+00 0.000000000000000000e+00 1.000000000000000000e+00 0.000000000000000000e+00
-7.859440403204838166e-01 -6.182976350308273528e-01 0.000000000000000000e+00 -6.713415527343750000e+01 6.182976350308273528e-01 -7.859440403204838166e-01 0.000000000000000000e+00 5.627505111694335938e+01 0.000000000000000000e+00 0.000000000000000000e+00 1.000000000000000000e+00 0.000000000000000000e+00
-7.865815008242407202e-01 -6.174864715611871890e-01 0.000000000000000000e+00 -6.913667297363281250e+01 6.174864715611871890e-01 -7.865815008242407202e-01 0.000000000000000000e+00 5.800594329833984375e+01 0.000000000000000000e+00 0.000000000000000000e+00 1.000000000000000000e+00 0.000000000000000000e+00
-7.870433909643388404e-01 -6.168976420277150208e-01 0.000000000000000000e+00 -7.113651275634765625e+01 6.168976420277150208e-01 -7.870433909643388404e-01 0.000000000000000000e+00 5.971989440917968750e+01 0.000000000000000000e+00 0.000000000000000000e+00 1.000000000000000000e+00 0.000000000000000000e+00
-7.882789383803794347e-01 -6.153180602793172360e-01 0.000000000000000000e+00 -7.445057678222656250e+01 6.153180602793172360e-01 -7.882789383803794347e-01 0.000000000000000000e+00 6.263715362548828125e+01 0.000000000000000000e+00 0.000000000000000000e+00 1.000000000000000000e+00 0.000000000000000000e+00
-7.882938292377446032e-01 -6.152989832477325782e-01 0.000000000000000000e+00 -7.658258056640625000e+01 6.152989832477325782e-01 -7.882938292377446032e-01 0.000000000000000000e+00 6.442208099365234375e+01 0.000000000000000000e+00 0.000000000000000000e+00 1.000000000000000000e+00 0.000000000000000000e+00
-7.884434056904989774e-01 -6.151073044787932487e-01 0.000000000000000000e+00 -7.863270568847656250e+01 6.151073044787932487e-01 -7.884434056904989774e-01 0.000000000000000000e+00 6.617502593994140625e+01 0.000000000000000000e+00 0.000000000000000000e+00 1.000000000000000000e+00 0.000000000000000000e+00
-7.884434056904989774e-01 -6.151073044787932487e-01 0.000000000000000000e+00 -7.863270568847656250e+01 6.151073044787932487e-01 -7.884434056904989774e-01 0.000000000000000000e+00 6.617502593994140625e+01 0.000000000000000000e+00 0.000000000000000000e+00 1.000000000000000000e+00 0.000000000000000000e+00
-7.895636971278570115e-01 -6.136686143007391570e-01 0.000000000000000000e+00 -8.180570983886718750e+01 6.136686143007391570e-01 -7.895636971278570115e-01 0.000000000000000000e+00 6.906659698486328125e+01 0.000000000000000000e+00 0.000000000000000000e+00 1.000000000000000000e+00 0.000000000000000000e+00
-7.897254692258346420e-01 -6.134604170246327204e-01 0.000000000000000000e+00 -8.400354766845703125e+01 6.134604170246327204e-01 -7.897254692258346420e-01 0.000000000000000000e+00 7.094494628906250000e+01 0.000000000000000000e+00 0.000000000000000000e+00 1.000000000000000000e+00 0.000000000000000000e+00
-7.897431956396003816e-01 -6.134375966151343063e-01 0.000000000000000000e+00 -8.498326110839843750e+01 6.134375966151343063e-01 -7.897431956396003816e-01 0.000000000000000000e+00 7.168937683105468750e+01 0.000000000000000000e+00 0.000000000000000000e+00 1.000000000000000000e+00 0.000000000000000000e+00
-7.902655922878443207e-01 -6.127644683285278226e-01 0.000000000000000000e+00 -8.708100128173828125e+01 6.127644683285278226e-01 -7.902655922878443207e-01 0.000000000000000000e+00 7.358385467529296875e+01 0.000000000000000000e+00 0.000000000000000000e+00 1.000000000000000000e+00 0.000000000000000000e+00
-7.905102952629956548e-01 -6.124487513932993510e-01 0.000000000000000000e+00 -8.928614807128906250e+01 6.124487513932993510e-01 -7.905102952629956548e-01 0.000000000000000000e+00 7.550510406494140625e+01 0.000000000000000000e+00 0.000000000000000000e+00 1.000000000000000000e+00 0.000000000000000000e+00
-7.913635527689952820e-01 -6.113458328547214382e-01 0.000000000000000000e+00 -9.235155487060546875e+01 6.113458328547214382e-01 -7.913635527689952820e-01 0.000000000000000000e+00 7.827664947509765625e+01 0.000000000000000000e+00 0.000000000000000000e+00 1.000000000000000000e+00 0.000000000000000000e+00
-7.917358813513930560e-01 -6.108635642929878262e-01 0.000000000000000000e+00 -9.525982666015625000e+01 6.108635642929878262e-01 -7.917358813513930560e-01 0.000000000000000000e+00 8.076391601562500000e+01 0.000000000000000000e+00 0.000000000000000000e+00 1.000000000000000000e+00 0.000000000000000000e+00
-7.918199817823354802e-01 -6.107545468109275566e-01 0.000000000000000000e+00 -9.741827392578125000e+01 6.107545468109275566e-01 -7.918199817823354802e-01 0.000000000000000000e+00 8.261469268798828125e+01 0.000000000000000000e+00 0.000000000000000000e+00 1.000000000000000000e+00 0.000000000000000000e+00
-7.918343175341215900e-01 -6.107359606043121225e-01 0.000000000000000000e+00 -9.959882354736328125e+01 6.107359606043121225e-01 -7.918343175341215900e-01 0.000000000000000000e+00 8.449178314208984375e+01 0.000000000000000000e+00 0.000000000000000000e+00 1.000000000000000000e+00 0.000000000000000000e+00
-7.917660953477643204e-01 -6.108244021466028295e-01 0.000000000000000000e+00 -1.018392333984375000e+02 6.108244021466028295e-01 -7.917660953477643204e-01 0.000000000000000000e+00 8.642002868652343750e+01 0.000000000000000000e+00 0.000000000000000000e+00 1.000000000000000000e+00 0.000000000000000000e+00
-7.915776384919637199e-01 -6.110686068188141418e-01 0.000000000000000000e+00 -1.041769409179687500e+02 6.110686068188141418e-01 -7.915776384919637199e-01 0.000000000000000000e+00 8.839480590820312500e+01 0.000000000000000000e+00 0.000000000000000000e+00 1.000000000000000000e+00 0.000000000000000000e+00
-7.912866007027266058e-01 -6.114454313741533031e-01 0.000000000000000000e+00 -1.066030120849609375e+02 6.114454313741533031e-01 -7.912866007027266058e-01 0.000000000000000000e+00 9.040862274169921875e+01 0.000000000000000000e+00 0.000000000000000000e+00 1.000000000000000000e+00 0.000000000000000000e+00
-7.912866007027266058e-01 -6.114454313741533031e-01 0.000000000000000000e+00 -1.066030120849609375e+02 6.114454313741533031e-01 -7.912866007027266058e-01 0.000000000000000000e+00 9.040862274169921875e+01 0.000000000000000000e+00 0.000000000000000000e+00 1.000000000000000000e+00 0.000000000000000000e+00
-7.909429543509922667e-01 -6.118898944765504000e-01 0.000000000000000000e+00 -1.099767379760742188e+02 6.118898944765504000e-01 -7.909429543509922667e-01 0.000000000000000000e+00 9.323051452636718750e+01 0.000000000000000000e+00 0.000000000000000000e+00 1.000000000000000000e+00 0.000000000000000000e+00
-7.909708012691807344e-01 -6.118538972169668133e-01 0.000000000000000000e+00 -1.120591506958007812e+02 6.118538972169668133e-01 -7.909708012691807344e-01 0.000000000000000000e+00 9.498509979248046875e+01 0.000000000000000000e+00 0.000000000000000000e+00 1.000000000000000000e+00 0.000000000000000000e+00
-7.910238258561061997e-01 -6.117853438322693460e-01 0.000000000000000000e+00 -1.141274642944335938e+02 6.117853438322693460e-01 -7.910238258561061997e-01 0.000000000000000000e+00 9.673899841308593750e+01 0.000000000000000000e+00 0.000000000000000000e+00 1.000000000000000000e+00 0.000000000000000000e+00
-7.911859921081751956e-01 -6.115756093009280248e-01 0.000000000000000000e+00 -1.161497802734375000e+02 6.115756093009280248e-01 -7.911859921081751956e-01 0.000000000000000000e+00 9.847348785400390625e+01 0.000000000000000000e+00 0.000000000000000000e+00 1.000000000000000000e+00 0.000000000000000000e+00
-7.911859921081751956e-01 -6.115756093009280248e-01 0.000000000000000000e+00 -1.161497802734375000e+02 6.115756093009280248e-01 -7.911859921081751956e-01 0.000000000000000000e+00 9.847348785400390625e+01 0.000000000000000000e+00 0.000000000000000000e+00 1.000000000000000000e+00 0.000000000000000000e+00
-7.918566614428126371e-01 -6.107069900767818638e-01 0.000000000000000000e+00 -1.194318237304687500e+02 6.107069900767818638e-01 -7.918566614428126371e-01 0.000000000000000000e+00 1.014064712524414062e+02 0.000000000000000000e+00 0.000000000000000000e+00 1.000000000000000000e+00 0.000000000000000000e+00
-7.920990054561216631e-01 -6.103926322912358593e-01 0.000000000000000000e+00 -1.216386108398437500e+02 6.103926322912358593e-01 -7.920990054561216631e-01 0.000000000000000000e+00 1.032911453247070312e+02 0.000000000000000000e+00 0.000000000000000000e+00 1.000000000000000000e+00 0.000000000000000000e+00
-7.923396453491526881e-01 -6.100802294845971696e-01 0.000000000000000000e+00 -1.237642288208007812e+02 6.100802294845971696e-01 -7.923396453491526881e-01 0.000000000000000000e+00 1.051067428588867188e+02 0.000000000000000000e+00 0.000000000000000000e+00 1.000000000000000000e+00 0.000000000000000000e+00
-7.926316102745674108e-01 -6.097008532006059633e-01 0.000000000000000000e+00 -1.258422622680664062e+02 6.097008532006059633e-01 -7.926316102745674108e-01 0.000000000000000000e+00 1.068955154418945312e+02 0.000000000000000000e+00 0.000000000000000000e+00 1.000000000000000000e+00 0.000000000000000000e+00
-7.929297018578638223e-01 -6.093131279659087518e-01 0.000000000000000000e+00 -1.277048187255859375e+02 6.093131279659087518e-01 -7.929297018578638223e-01 0.000000000000000000e+00 1.085037460327148438e+02 0.000000000000000000e+00 0.000000000000000000e+00 1.000000000000000000e+00 0.000000000000000000e+00
-7.932505541055534515e-01 -6.088953591638164298e-01 0.000000000000000000e+00 -1.296367340087890625e+02 6.088953591638164298e-01 -7.932505541055534515e-01 0.000000000000000000e+00 1.101601562500000000e+02 0.000000000000000000e+00 0.000000000000000000e+00 1.000000000000000000e+00 0.000000000000000000e+00
-7.935506709118043123e-01 -6.085041763993289665e-01 0.000000000000000000e+00 -1.315963287353515625e+02 6.085041763993289665e-01 -7.935506709118043123e-01 0.000000000000000000e+00 1.118278274536132812e+02 0.000000000000000000e+00 0.000000000000000000e+00 1.000000000000000000e+00 0.000000000000000000e+00
-7.938827192338258065e-01 -6.080709071332927040e-01 0.000000000000000000e+00 -1.335884552001953125e+02 6.080709071332927040e-01 -7.938827192338258065e-01 0.000000000000000000e+00 1.135134735107421875e+02 0.000000000000000000e+00 0.000000000000000000e+00 1.000000000000000000e+00 0.000000000000000000e+00
-7.943124528690475028e-01 -6.075094461958243652e-01 0.000000000000000000e+00 -1.356050720214843750e+02 6.075094461958243652e-01 -7.943124528690475028e-01 0.000000000000000000e+00 1.152319412231445312e+02 0.000000000000000000e+00 0.000000000000000000e+00 1.000000000000000000e+00 0.000000000000000000e+00
-7.947987068538826527e-01 -6.068731462038802205e-01 0.000000000000000000e+00 -1.376056823730468750e+02 6.068731462038802205e-01 -7.947987068538826527e-01 0.000000000000000000e+00 1.169581680297851562e+02 0.000000000000000000e+00 0.000000000000000000e+00 1.000000000000000000e+00 0.000000000000000000e+00
-7.953631819150197568e-01 -6.061331609918851893e-01 0.000000000000000000e+00 -1.396357269287109375e+02 6.061331609918851893e-01 -7.953631819150197568e-01 0.000000000000000000e+00 1.187162475585937500e+02 0.000000000000000000e+00 0.000000000000000000e+00 1.000000000000000000e+00 0.000000000000000000e+00
-7.959300075503381589e-01 -6.053886545690448928e-01 0.000000000000000000e+00 -1.417061614990234375e+02 6.053886545690448928e-01 -7.959300075503381589e-01 0.000000000000000000e+00 1.204850997924804688e+02 0.000000000000000000e+00 0.000000000000000000e+00 1.000000000000000000e+00 0.000000000000000000e+00
-7.965200528412430536e-01 -6.046121115407649960e-01 0.000000000000000000e+00 -1.437824249267578125e+02 6.046121115407649960e-01 -7.965200528412430536e-01 0.000000000000000000e+00 1.222845535278320312e+02 0.000000000000000000e+00 0.000000000000000000e+00 1.000000000000000000e+00 0.000000000000000000e+00
-7.971344993013558256e-01 -6.038017804077566719e-01 0.000000000000000000e+00 -1.458506622314453125e+02 6.038017804077566719e-01 -7.971344993013558256e-01 0.000000000000000000e+00 1.240988082885742188e+02 0.000000000000000000e+00 0.000000000000000000e+00 1.000000000000000000e+00 0.000000000000000000e+00
-7.976160087128487675e-01 -6.031655681858710816e-01 0.000000000000000000e+00 -1.478991088867187500e+02 6.031655681858710816e-01 -7.976160087128487675e-01 0.000000000000000000e+00 1.258810272216796875e+02 0.000000000000000000e+00 0.000000000000000000e+00 1.000000000000000000e+00 0.000000000000000000e+00
-7.980066789971318464e-01 -6.026486043093174372e-01 0.000000000000000000e+00 -1.499430389404296875e+02 6.026486043093174372e-01 -7.980066789971318464e-01 0.000000000000000000e+00 1.276590423583984375e+02 0.000000000000000000e+00 0.000000000000000000e+00 1.000000000000000000e+00 0.000000000000000000e+00
-7.983242037793378820e-01 -6.022279183665321112e-01 0.000000000000000000e+00 -1.519967498779296875e+02 6.022279183665321112e-01 -7.983242037793378820e-01 0.000000000000000000e+00 1.294386596679687500e+02 0.000000000000000000e+00 0.000000000000000000e+00 1.000000000000000000e+00 0.000000000000000000e+00
-7.985996513150830367e-01 -6.018626063475183141e-01 0.000000000000000000e+00 -1.540478515625000000e+02 6.018626063475183141e-01 -7.985996513150830367e-01 0.000000000000000000e+00 1.312162475585937500e+02 0.000000000000000000e+00 0.000000000000000000e+00 1.000000000000000000e+00 0.000000000000000000e+00
-7.989046281115639303e-01 -6.014577251826802584e-01 0.000000000000000000e+00 -1.560934295654296875e+02 6.014577251826802584e-01 -7.989046281115639303e-01 0.000000000000000000e+00 1.329890136718750000e+02 0.000000000000000000e+00 0.000000000000000000e+00 1.000000000000000000e+00 0.000000000000000000e+00
-7.992793988890094514e-01 -6.009596013973186324e-01 0.000000000000000000e+00 -1.581499176025390625e+02 6.009596013973186324e-01 -7.992793988890094514e-01 0.000000000000000000e+00 1.347789764404296875e+02 0.000000000000000000e+00 0.000000000000000000e+00 1.000000000000000000e+00 0.000000000000000000e+00
-7.997035833618459932e-01 -6.003950189318900676e-01 0.000000000000000000e+00 -1.602535552978515625e+02 6.003950189318900676e-01 -7.997035833618459932e-01 0.000000000000000000e+00 1.365874328613281250e+02 0.000000000000000000e+00 0.000000000000000000e+00 1.000000000000000000e+00 0.000000000000000000e+00
-8.002366360714083804e-01 -5.996843555480796395e-01 0.000000000000000000e+00 -1.623875732421875000e+02 5.996843555480796395e-01 -8.002366360714083804e-01 0.000000000000000000e+00 1.384230194091796875e+02 0.000000000000000000e+00 0.000000000000000000e+00 1.000000000000000000e+00 0.000000000000000000e+00
-8.008975262403441597e-01 -5.988014299098627369e-01 0.000000000000000000e+00 -1.645185852050781250e+02 5.988014299098627369e-01 -8.008975262403441597e-01 0.000000000000000000e+00 1.402834930419921875e+02 0.000000000000000000e+00 0.000000000000000000e+00 1.000000000000000000e+00 0.000000000000000000e+00
-8.024350452836928049e-01 -5.967394725510946074e-01 0.000000000000000000e+00 -1.685699768066406250e+02 5.967394725510946074e-01 -8.024350452836928049e-01 0.000000000000000000e+00 1.438642883300781250e+02 0.000000000000000000e+00 0.000000000000000000e+00 1.000000000000000000e+00 0.000000000000000000e+00
-8.024350452836928049e-01 -5.967394725510946074e-01 0.000000000000000000e+00 -1.685699768066406250e+02 5.967394725510946074e-01 -8.024350452836928049e-01 0.000000000000000000e+00 1.438642883300781250e+02 0.000000000000000000e+00 0.000000000000000000e+00 1.000000000000000000e+00 0.000000000000000000e+00
-8.032462864760094856e-01 -5.956470458774232313e-01 0.000000000000000000e+00 -1.705749206542968750e+02 5.956470458774232313e-01 -8.032462864760094856e-01 0.000000000000000000e+00 1.456099853515625000e+02 0.000000000000000000e+00 0.000000000000000000e+00 1.000000000000000000e+00 0.000000000000000000e+00
-8.040972363452760785e-01 -5.944978002498317871e-01 0.000000000000000000e+00 -1.726167449951171875e+02 5.944978002498317871e-01 -8.040972363452760785e-01 0.000000000000000000e+00 1.473660125732421875e+02 0.000000000000000000e+00 0.000000000000000000e+00 1.000000000000000000e+00 0.000000000000000000e+00
-8.048494821274201350e-01 -5.934789896190285630e-01 0.000000000000000000e+00 -1.747100372314453125e+02 5.934789896190285630e-01 -8.048494821274201350e-01 0.000000000000000000e+00 1.491382598876953125e+02 0.000000000000000000e+00 0.000000000000000000e+00 1.000000000000000000e+00 0.000000000000000000e+00
-8.055240785664410375e-01 -5.925630420889292926e-01 0.000000000000000000e+00 -1.768372802734375000e+02 5.925630420889292926e-01 -8.055240785664410375e-01 0.000000000000000000e+00 1.509074707031250000e+02 0.000000000000000000e+00 0.000000000000000000e+00 1.000000000000000000e+00 0.000000000000000000e+00
-8.061087033845644179e-01 -5.917674867104946168e-01 0.000000000000000000e+00 -1.789890136718750000e+02 5.917674867104946168e-01 -8.061087033845644179e-01 0.000000000000000000e+00 1.526594390869140625e+02 0.000000000000000000e+00 0.000000000000000000e+00 1.000000000000000000e+00 0.000000000000000000e+00
-8.066096510914348983e-01 -5.910844869950091507e-01 0.000000000000000000e+00 -1.811855468750000000e+02 5.910844869950091507e-01 -8.066096510914348983e-01 0.000000000000000000e+00 1.544095001220703125e+02 0.000000000000000000e+00 0.000000000000000000e+00 1.000000000000000000e+00 0.000000000000000000e+00
-8.070539572506150172e-01 -5.904776965187785720e-01 0.000000000000000000e+00 -1.834254913330078125e+02 5.904776965187785720e-01 -8.070539572506150172e-01 0.000000000000000000e+00 1.561774749755859375e+02 0.000000000000000000e+00 0.000000000000000000e+00 1.000000000000000000e+00 0.000000000000000000e+00
-8.075070841690712431e-01 -5.898578718782725439e-01 0.000000000000000000e+00 -1.856527862548828125e+02 5.898578718782725439e-01 -8.075070841690712431e-01 0.000000000000000000e+00 1.579465026855468750e+02 0.000000000000000000e+00 0.000000000000000000e+00 1.000000000000000000e+00 0.000000000000000000e+00
-8.078137868528159071e-01 -5.894377709058974402e-01 0.000000000000000000e+00 -1.878752593994140625e+02 5.894377709058974402e-01 -8.078137868528159071e-01 0.000000000000000000e+00 1.596944274902343750e+02 0.000000000000000000e+00 0.000000000000000000e+00 1.000000000000000000e+00 0.000000000000000000e+00
-8.080073410532038203e-01 -5.891724168731358180e-01 0.000000000000000000e+00 -1.900887756347656250e+02 5.891724168731358180e-01 -8.080073410532038203e-01 0.000000000000000000e+00 1.614313049316406250e+02 0.000000000000000000e+00 0.000000000000000000e+00 1.000000000000000000e+00 0.000000000000000000e+00
-8.079234065199547565e-01 -5.892875097922846139e-01 0.000000000000000000e+00 -1.919344787597656250e+02 5.892875097922846139e-01 -8.079234065199547565e-01 0.000000000000000000e+00 1.627478485107421875e+02 0.000000000000000000e+00 0.000000000000000000e+00 1.000000000000000000e+00 0.000000000000000000e+00
-8.076936695841590019e-01 -5.896023542300987685e-01 0.000000000000000000e+00 -1.942250671386718750e+02 5.896023542300987685e-01 -8.076936695841590019e-01 0.000000000000000000e+00 1.645244140625000000e+02 0.000000000000000000e+00 0.000000000000000000e+00 1.000000000000000000e+00 0.000000000000000000e+00
-8.072916947652450936e-01 -5.901526239567672638e-01 0.000000000000000000e+00 -1.964764251708984375e+02 5.901526239567672638e-01 -8.072916947652450936e-01 0.000000000000000000e+00 1.662734069824218750e+02 0.000000000000000000e+00 0.000000000000000000e+00 1.000000000000000000e+00 0.000000000000000000e+00
-8.066552478046407071e-01 -5.910222594701780574e-01 0.000000000000000000e+00 -1.987069854736328125e+02 5.910222594701780574e-01 -8.066552478046407071e-01 0.000000000000000000e+00 1.680027465820312500e+02 0.000000000000000000e+00 0.000000000000000000e+00 1.000000000000000000e+00 0.000000000000000000e+00
-8.057455059265383746e-01 -5.922619181402658528e-01 0.000000000000000000e+00 -2.009248962402343750e+02 5.922619181402658528e-01 -8.057455059265383746e-01 0.000000000000000000e+00 1.697078704833984375e+02 0.000000000000000000e+00 0.000000000000000000e+00 1.000000000000000000e+00 0.000000000000000000e+00
-8.045659076071773885e-01 -5.938633683906082705e-01 0.000000000000000000e+00 -2.031680297851562500e+02 5.938633683906082705e-01 -8.045659076071773885e-01 0.000000000000000000e+00 1.714119567871093750e+02 0.000000000000000000e+00 0.000000000000000000e+00 1.000000000000000000e+00 0.000000000000000000e+00
-8.045659076071773885e-01 -5.938633683906082705e-01 0.000000000000000000e+00 -2.031680297851562500e+02 5.938633683906082705e-01 -8.045659076071773885e-01 0.000000000000000000e+00 1.714119567871093750e+02 0.000000000000000000e+00 0.000000000000000000e+00 1.000000000000000000e+00 0.000000000000000000e+00
-8.045659076071773885e-01 -5.938633683906082705e-01 0.000000000000000000e+00 -2.031680297851562500e+02 5.938633683906082705e-01 -8.045659076071773885e-01 0.000000000000000000e+00 1.714119567871093750e+02 0.000000000000000000e+00 0.000000000000000000e+00 1.000000000000000000e+00 0.000000000000000000e+00
-8.037905303017027769e-01 -5.949124165768502337e-01 0.000000000000000000e+00 -2.071308441162109375e+02 5.949124165768502337e-01 -8.037905303017027769e-01 0.000000000000000000e+00 1.748181457519531250e+02 0.000000000000000000e+00 0.000000000000000000e+00 1.000000000000000000e+00 0.000000000000000000e+00
-8.042218400821856683e-01 -5.943292285718609902e-01 0.000000000000000000e+00 -2.092020416259765625e+02 5.943292285718609902e-01 -8.042218400821856683e-01 0.000000000000000000e+00 1.767601470947265625e+02 0.000000000000000000e+00 0.000000000000000000e+00 1.000000000000000000e+00 0.000000000000000000e+00
-8.047587545746035520e-01 -5.936020105555005477e-01 0.000000000000000000e+00 -2.112900695800781250e+02 5.936020105555005477e-01 -8.047587545746035520e-01 0.000000000000000000e+00 1.786942749023437500e+02 0.000000000000000000e+00 0.000000000000000000e+00 1.000000000000000000e+00 0.000000000000000000e+00
-8.053012551365754668e-01 -5.928658267057201892e-01 0.000000000000000000e+00 -2.134383697509765625e+02 5.928658267057201892e-01 -8.053012551365754668e-01 0.000000000000000000e+00 1.806664886474609375e+02 0.000000000000000000e+00 0.000000000000000000e+00 1.000000000000000000e+00 0.000000000000000000e+00
-8.056833311567821454e-01 -5.923464947951583293e-01 0.000000000000000000e+00 -2.156935729980468750e+02 5.923464947951583293e-01 -8.056833311567821454e-01 0.000000000000000000e+00 1.826545104980468750e+02 0.000000000000000000e+00 0.000000000000000000e+00 1.000000000000000000e+00 0.000000000000000000e+00
-8.051281873927162991e-01 -5.931008361701390896e-01 0.000000000000000000e+00 -2.178535919189453125e+02 5.931008361701390896e-01 -8.051281873927162991e-01 0.000000000000000000e+00 1.842076568603515625e+02 0.000000000000000000e+00 0.000000000000000000e+00 1.000000000000000000e+00 0.000000000000000000e+00
-8.047859728721604711e-01 -5.935651083648787463e-01 0.000000000000000000e+00 -2.199846496582031250e+02 5.935651083648787463e-01 -8.047859728721604711e-01 0.000000000000000000e+00 1.858238220214843750e+02 0.000000000000000000e+00 0.000000000000000000e+00 1.000000000000000000e+00 0.000000000000000000e+00
-8.043922082872168033e-01 -5.940986241751570196e-01 0.000000000000000000e+00 -2.221464080810546875e+02 5.940986241751570196e-01 -8.043922082872168033e-01 0.000000000000000000e+00 1.874709472656250000e+02 0.000000000000000000e+00 0.000000000000000000e+00 1.000000000000000000e+00 0.000000000000000000e+00
-8.040503055616510242e-01 -5.945612719696898862e-01 0.000000000000000000e+00 -2.243049011230468750e+02 5.945612719696898862e-01 -8.040503055616510242e-01 0.000000000000000000e+00 1.891526184082031250e+02 0.000000000000000000e+00 0.000000000000000000e+00 1.000000000000000000e+00 0.000000000000000000e+00
-8.039368305724303720e-01 -5.947146983631350636e-01 0.000000000000000000e+00 -2.264188690185546875e+02 5.947146983631350636e-01 -8.039368305724303720e-01 0.000000000000000000e+00 1.908732757568359375e+02 0.000000000000000000e+00 0.000000000000000000e+00 1.000000000000000000e+00 0.000000000000000000e+00
-8.038948075384608760e-01 -5.947715010091700893e-01 0.000000000000000000e+00 -2.285050964355468750e+02 5.947715010091700893e-01 -8.038948075384608760e-01 0.000000000000000000e+00 1.925997009277343750e+02 0.000000000000000000e+00 0.000000000000000000e+00 1.000000000000000000e+00 0.000000000000000000e+00
-8.037004393121380819e-01 -5.950341199036208728e-01 0.000000000000000000e+00 -2.306557617187500000e+02 5.950341199036208728e-01 -8.037004393121380819e-01 0.000000000000000000e+00 1.943525085449218750e+02 0.000000000000000000e+00 0.000000000000000000e+00 1.000000000000000000e+00 0.000000000000000000e+00
-8.034803712224325434e-01 -5.953312465008545606e-01 0.000000000000000000e+00 -2.328110961914062500e+02 5.953312465008545606e-01 -8.034803712224325434e-01 0.000000000000000000e+00 1.961115417480468750e+02 0.000000000000000000e+00 0.000000000000000000e+00 1.000000000000000000e+00 0.000000000000000000e+00
-8.031604056070802411e-01 -5.957628411247797295e-01 0.000000000000000000e+00 -2.349571990966796875e+02 5.957628411247797295e-01 -8.031604056070802411e-01 0.000000000000000000e+00 1.978600921630859375e+02 0.000000000000000000e+00 0.000000000000000000e+00 1.000000000000000000e+00 0.000000000000000000e+00
-8.026696168292117850e-01 -5.964239148619426834e-01 0.000000000000000000e+00 -2.371131591796875000e+02 5.964239148619426834e-01 -8.026696168292117850e-01 0.000000000000000000e+00 1.995975036621093750e+02 0.000000000000000000e+00 0.000000000000000000e+00 1.000000000000000000e+00 0.000000000000000000e+00
-8.019675135624739770e-01 -5.973676482622936046e-01 0.000000000000000000e+00 -2.392708740234375000e+02 5.973676482622936046e-01 -8.019675135624739770e-01 0.000000000000000000e+00 2.012993316650390625e+02 0.000000000000000000e+00 0.000000000000000000e+00 1.000000000000000000e+00 0.000000000000000000e+00
-8.011220330590698158e-01 -5.985010343744633365e-01 0.000000000000000000e+00 -2.406777343750000000e+02 5.985010343744633365e-01 -8.011220330590698158e-01 0.000000000000000000e+00 2.023506317138671875e+02 0.000000000000000000e+00 0.000000000000000000e+00 1.000000000000000000e+00 0.000000000000000000e+00
-8.003797553024709632e-01 -5.994933254857446325e-01 0.000000000000000000e+00 -2.429450225830078125e+02 5.994933254857446325e-01 -8.003797553024709632e-01 0.000000000000000000e+00 2.041957244873046875e+02 0.000000000000000000e+00 0.000000000000000000e+00 1.000000000000000000e+00 0.000000000000000000e+00
-7.994848503636602377e-01 -6.006862525803269293e-01 0.000000000000000000e+00 -2.451530761718750000e+02 6.006862525803269293e-01 -7.994848503636602377e-01 0.000000000000000000e+00 2.059841766357421875e+02 0.000000000000000000e+00 0.000000000000000000e+00 1.000000000000000000e+00 0.000000000000000000e+00
-7.985036371855471771e-01 -6.019899844693863411e-01 0.000000000000000000e+00 -2.473455200195312500e+02 6.019899844693863411e-01 -7.985036371855471771e-01 0.000000000000000000e+00 2.077646484375000000e+02 0.000000000000000000e+00 0.000000000000000000e+00 1.000000000000000000e+00 0.000000000000000000e+00
-7.974511184394250662e-01 -6.033835543828736103e-01 0.000000000000000000e+00 -2.495318450927734375e+02 6.033835543828736103e-01 -7.974511184394250662e-01 0.000000000000000000e+00 2.095353088378906250e+02 0.000000000000000000e+00 0.000000000000000000e+00 1.000000000000000000e+00 0.000000000000000000e+00
-7.964475170266194226e-01 -6.047076588088932114e-01 0.000000000000000000e+00 -2.515135040283203125e+02 6.047076588088932114e-01 -7.964475170266194226e-01 0.000000000000000000e+00 2.111436157226562500e+02 0.000000000000000000e+00 0.000000000000000000e+00 1.000000000000000000e+00 0.000000000000000000e+00
-7.953836227801041048e-01 -6.061063377107988037e-01 0.000000000000000000e+00 -2.535520477294921875e+02 6.061063377107988037e-01 -7.953836227801041048e-01 0.000000000000000000e+00 2.128112640380859375e+02 0.000000000000000000e+00 0.000000000000000000e+00 1.000000000000000000e+00 0.000000000000000000e+00
-7.942773118888841744e-01 -6.075553899181285189e-01 0.000000000000000000e+00 -2.556103973388671875e+02 6.075553899181285189e-01 -7.942773118888841744e-01 0.000000000000000000e+00 2.145008239746093750e+02 0.000000000000000000e+00 0.000000000000000000e+00 1.000000000000000000e+00 0.000000000000000000e+00
-7.931150551105108359e-01 -6.090718425252081847e-01 0.000000000000000000e+00 -2.576301574707031250e+02 6.090718425252081847e-01 -7.931150551105108359e-01 0.000000000000000000e+00 2.161681671142578125e+02 0.000000000000000000e+00 0.000000000000000000e+00 1.000000000000000000e+00 0.000000000000000000e+00
-7.918926550791167696e-01 -6.106603170599400610e-01 0.000000000000000000e+00 -2.597015075683593750e+02 6.106603170599400610e-01 -7.918926550791167696e-01 0.000000000000000000e+00 2.178849639892578125e+02 0.000000000000000000e+00 0.000000000000000000e+00 1.000000000000000000e+00 0.000000000000000000e+00
-7.906074418503099555e-01 -6.123233401487382377e-01 0.000000000000000000e+00 -2.617609558105468750e+02 6.123233401487382377e-01 -7.906074418503099555e-01 0.000000000000000000e+00 2.196008453369140625e+02 0.000000000000000000e+00 0.000000000000000000e+00 1.000000000000000000e+00 0.000000000000000000e+00
-7.892121017385631543e-01 -6.141207197851245025e-01 0.000000000000000000e+00 -2.638446960449218750e+02 6.141207197851245025e-01 -7.892121017385631543e-01 0.000000000000000000e+00 2.213170471191406250e+02 0.000000000000000000e+00 0.000000000000000000e+00 1.000000000000000000e+00 0.000000000000000000e+00
