-7.841269092655716033e-01 -6.206005077065458453e-01 0.000000000000000000e+00 0.000000000000000000e+00 6.206005077065458453e-01 -7.841269092655716033e-01 0.000000000000000000e+00 0.000000000000000000e+00 0.000000000000000000e+00 0.000000000000000000e+00 1.000000000000000000e+00 0.000000000000000000e+00
-7.841269092655716033e-01 -6.206005077065458453e-01 0.000000000000000000e+00 -2.041557614807970822e+00 6.206005077065458453e-01 -7.841269092655716033e-01 0.000000000000000000e+00 1.713635948486626148e+00 0.000000000000000000e+00 0.000000000000000000e+00 1.000000000000000000e+00 0.000000000000000000e+00
-7.840185821011955714e-01 -6.207373542167662350e-01 0.000000000000000000e+00 -4.082604675361039881e+00 6.207373542167662350e-01 -7.840185821011955714e-01 0.000000000000000000e+00 3.248016497087519383e+00 0.000000000000000000e+00 0.000000000000000000e+00 1.000000000000000000e+00 0.000000000000000000e+00
-7.838018561280295504e-01 -6.210109905068161851e-01 0.000000000000000000e+00 -6.003623383252829626e+00 6.210109905068161851e-01 -7.838018561280295504e-01 0.000000000000000000e+00 4.785950006613006735e+00 0.000000000000000000e+00 0.000000000000000000e+00 1.000000000000000000e+00 0.000000000000000000e+00
-7.836934573258398373e-01 -6.211477802783107460e-01 0.000000000000000000e+00 -8.040601318875815195e+00 6.211477802783107460e-01 -7.836934573258398373e-01 0.000000000000000000e+00 6.505671720038435524e+00 0.000000000000000000e+00 0.000000000000000000e+00 1.000000000000000000e+00 0.000000000000000000e+00
-7.834765881067615734e-01 -6.214213030534021520e-01 0.000000000000000000e+00 -9.961611224521561780e+00 6.214213030534021520e-01 -7.834765881067615734e-01 0.000000000000000000e+00 8.043601992259596045e+00 0.000000000000000000e+00 0.000000000000000000e+00 1.000000000000000000e+00 0.000000000000000000e+00
-7.830425633023039289e-01 -6.219681214153643944e-01 0.000000000000000000e+00 -1.198484024554670668e+01 6.219681214153643944e-01 -7.830425633023039289e-01 0.000000000000000000e+00 9.781560784616260662e+00 0.000000000000000000e+00 0.000000000000000000e+00 1.000000000000000000e+00 0.000000000000000000e+00
-7.820646124237280450e-01 -6.231973539694504183e-01 0.000000000000000000e+00 -1.387371584119250656e+01 6.231973539694504183e-01 -7.820646124237280450e-01 0.000000000000000000e+00 1.136199874740441373e+01 0.000000000000000000e+00 0.000000000000000000e+00 1.000000000000000000e+00 0.000000000000000000e+00
-7.816293480460143606e-01 -6.237431861536949507e-01 0.000000000000000000e+00 -1.589688707863194850e+01 6.237431861536949507e-01 -7.816293480460143606e-01 0.000000000000000000e+00 1.309991755159012428e+01 0.000000000000000000e+00 0.000000000000000000e+00 1.000000000000000000e+00 0.000000000000000000e+00
-7.804304073383301343e-01 -6.252426563357048606e-01 0.000000000000000000e+00 -1.789187353456441087e+01 6.252426563357048606e-01 -7.804304073383301343e-01 0.000000000000000000e+00 1.469491394882922464e+01 0.000000000000000000e+00 0.000000000000000000e+00 1.000000000000000000e+00 0.000000000000000000e+00
-7.799937154685594454e-01 -6.257873471312388469e-01 0.000000000000000000e+00 -1.980359139967481497e+01 6.257873471312388469e-01 -7.799937154685594454e-01 0.000000000000000000e+00 1.624491285855566503e+01 0.000000000000000000e+00 0.000000000000000000e+00 1.000000000000000000e+00 0.000000000000000000e+00
-7.795566434393261801e-01 -6.263317329256216093e-01 0.000000000000000000e+00 -2.182667827185525766e+01 6.263317329256216093e-01 -7.795566434393261801e-01 0.000000000000000000e+00 1.798277307984795925e+01 0.000000000000000000e+00 0.000000000000000000e+00 1.000000000000000000e+00 0.000000000000000000e+00
-7.789003230625266561e-01 -6.271477391596754769e-01 0.000000000000000000e+00 -2.384456743008286139e+01 6.271477391596754769e-01 -7.789003230625266561e-01 0.000000000000000000e+00 1.954737605881140894e+01 0.000000000000000000e+00 0.000000000000000000e+00 1.000000000000000000e+00 0.000000000000000000e+00
-7.786813597547557197e-01 -6.274195884497748565e-01 0.000000000000000000e+00 -2.576141032051373259e+01 6.274195884497748565e-01 -7.786813597547557197e-01 0.000000000000000000e+00 2.127058384325658835e+01 0.000000000000000000e+00 0.000000000000000000e+00 1.000000000000000000e+00 0.000000000000000000e+00
-7.786813597547557197e-01 -6.274195884497748565e-01 0.000000000000000000e+00 -2.768749966890163705e+01 6.274195884497748565e-01 -7.786813597547557197e-01 0.000000000000000000e+00 2.298169889338618077e+01 0.000000000000000000e+00 0.000000000000000000e+00 1.000000000000000000e+00 0.000000000000000000e+00
-7.785718425192174053e-01 -6.275554844284539913e-01 0.000000000000000000e+00 -2.972847754687632005e+01 6.275554844284539913e-01 -7.785718425192174053e-01 0.000000000000000000e+00 2.451605002648165055e+01 0.000000000000000000e+00 0.000000000000000000e+00 1.000000000000000000e+00 0.000000000000000000e+00
-7.792285900658950659e-01 -6.267398219547865024e-01 0.000000000000000000e+00 -3.168230127899994386e+01 6.267398219547865024e-01 -7.792285900658950659e-01 0.000000000000000000e+00 2.619088132297272864e+01 0.000000000000000000e+00 0.000000000000000000e+00 1.000000000000000000e+00 0.000000000000000000e+00
-7.796659470749365273e-01 -6.261956650853963691e-01 0.000000000000000000e+00 -3.362685693390017150e+01 6.261956650853963691e-01 -7.796659470749365273e-01 0.000000000000000000e+00 2.787779234777298143e+01 0.000000000000000000e+00 0.000000000000000000e+00 1.000000000000000000e+00 0.000000000000000000e+00
-7.802121089366833573e-01 -6.255150398420273872e-01 0.000000000000000000e+00 -3.569552046990258987e+01 6.255150398420273872e-01 -7.802121089366833573e-01 0.000000000000000000e+00 2.937582435423323091e+01 0.000000000000000000e+00 0.000000000000000000e+00 1.000000000000000000e+00 0.000000000000000000e+00
-7.802121089366833573e-01 -6.255150398420273872e-01 0.000000000000000000e+00 -3.762160335042983661e+01 6.255150398420273872e-01 -7.802121089366833573e-01 0.000000000000000000e+00 3.108694326562621768e+01 0.000000000000000000e+00 0.000000000000000000e+00 1.000000000000000000e+00 0.000000000000000000e+00
-7.805395208809111640e-01 -6.251064360114992891e-01 0.000000000000000000e+00 -3.967696140059899790e+01 6.251064360114992891e-01 -7.805395208809111640e-01 0.000000000000000000e+00 3.278241958390768218e+01 0.000000000000000000e+00 0.000000000000000000e+00 1.000000000000000000e+00 0.000000000000000000e+00
-7.804304073383301343e-01 -6.252426563357048606e-01 0.000000000000000000e+00 -4.159843412009581698e+01 6.252426563357048606e-01 -7.804304073383301343e-01 0.000000000000000000e+00 3.449959927977894836e+01 0.000000000000000000e+00 0.000000000000000000e+00 1.000000000000000000e+00 0.000000000000000000e+00
-7.806486106468983888e-01 -6.249701966454622726e-01 0.000000000000000000e+00 -4.353779185352641434e+01 6.249701966454622726e-01 -7.806486106468983888e-01 0.000000000000000000e+00 3.601325932239618055e+01 0.000000000000000000e+00 0.000000000000000000e+00 1.000000000000000000e+00 0.000000000000000000e+00
-7.813026497483199773e-01 -6.241523608032367720e-01 0.000000000000000000e+00 -4.560693669413581119e+01 6.241523608032367720e-01 -7.813026497483199773e-01 0.000000000000000000e+00 3.769053627981651289e+01 0.000000000000000000e+00 0.000000000000000000e+00 1.000000000000000000e+00 0.000000000000000000e+00
-7.813026497483199773e-01 -6.241523608032367720e-01 0.000000000000000000e+00 -4.753301303404282407e+01 6.241523608032367720e-01 -7.813026497483199773e-01 0.000000000000000000e+00 3.940165905247289402e+01 0.000000000000000000e+00 0.000000000000000000e+00 1.000000000000000000e+00 0.000000000000000000e+00
-7.819558320555901609e-01 -6.233338405014201555e-01 0.000000000000000000e+00 -4.960618211676842293e+01 6.233338405014201555e-01 -7.819558320555901609e-01 0.000000000000000000e+00 4.089356684511648155e+01 0.000000000000000000e+00 0.000000000000000000e+00 1.000000000000000000e+00 0.000000000000000000e+00
-7.826081568524141385e-01 -6.225146366376196339e-01 0.000000000000000000e+00 -5.155979611252269024e+01 6.225146366376196339e-01 -7.826081568524141385e-01 0.000000000000000000e+00 4.256825632548071781e+01 0.000000000000000000e+00 0.000000000000000000e+00 1.000000000000000000e+00 0.000000000000000000e+00
-7.833681176964784054e-01 -6.215580360486675504e-01 0.000000000000000000e+00 -5.351795059689345635e+01 6.215580360486675504e-01 -7.833681176964784054e-01 0.000000000000000000e+00 4.423683766334767142e+01 0.000000000000000000e+00 0.000000000000000000e+00 1.000000000000000000e+00 0.000000000000000000e+00
-7.841269092655716033e-01 -6.206005077065458453e-01 0.000000000000000000e+00 -5.547605177294462919e+01 6.206005077065458453e-01 -7.841269092655716033e-01 0.000000000000000000e+00 4.590538059081882238e+01 0.000000000000000000e+00 0.000000000000000000e+00 1.000000000000000000e+00 0.000000000000000000e+00
-7.845599790313739774e-01 -6.200529326616324166e-01 0.000000000000000000e+00 -5.753991693907198623e+01 6.200529326616324166e-01 -7.845599790313739774e-01 0.000000000000000000e+00 4.740934696518689861e+01 0.000000000000000000e+00 0.000000000000000000e+00 1.000000000000000000e+00 0.000000000000000000e+00
-7.854249711970819892e-01 -6.189568762200344798e-01 0.000000000000000000e+00 -5.950249349958960465e+01 6.189568762200344798e-01 -7.854249711970819892e-01 0.000000000000000000e+00 4.907173479937938509e+01 0.000000000000000000e+00 0.000000000000000000e+00 1.000000000000000000e+00 0.000000000000000000e+00
-7.866118348760258172e-01 -6.174478287539532095e-01 0.000000000000000000e+00 -6.147864806084601241e+01 6.174478287539532095e-01 -7.866118348760258172e-01 0.000000000000000000e+00 5.071576292247374340e+01 0.000000000000000000e+00 0.000000000000000000e+00 1.000000000000000000e+00 0.000000000000000000e+00
-7.861805833156736423e-01 -6.179968368992090344e-01 0.000000000000000000e+00 -6.350196568297315025e+01 6.179968368992090344e-01 -7.861805833156736423e-01 0.000000000000000000e+00 5.245383542977882030e+01 0.000000000000000000e+00 0.000000000000000000e+00 1.000000000000000000e+00 0.000000000000000000e+00
-7.863962570058486978e-01 -6.177223704603799215e-01 0.000000000000000000e+00 -6.543713174645301933e+01 6.177223704603799215e-01 -7.863962570058486978e-01 0.000000000000000000e+00 5.415276114716377265e+01 0.000000000000000000e+00 0.000000000000000000e+00 1.000000000000000000e+00 0.000000000000000000e+00
-7.868273168999371237e-01 -6.171732118133822498e-01 0.000000000000000000e+00 -6.750090118335276657e+01 6.171732118133822498e-01 -7.868273168999371237e-01 0.000000000000000000e+00 5.565666477677726220e+01 0.000000000000000000e+00 0.000000000000000000e+00 1.000000000000000000e+00 0.000000000000000000e+00
-7.867195878704060785e-01 -6.173105296858447666e-01 0.000000000000000000e+00 -6.953786749193886862e+01 6.173105296858447666e-01 -7.867195878704060785e-01 0.000000000000000000e+00 5.737643420282992679e+01 0.000000000000000000e+00 0.000000000000000000e+00 1.000000000000000000e+00 0.000000000000000000e+00
-7.868273168999371237e-01 -6.171732118133822498e-01 0.000000000000000000e+00 -7.146847410518159904e+01 6.171732118133822498e-01 -7.868273168999371237e-01 0.000000000000000000e+00 5.908146069028728675e+01 0.000000000000000000e+00 0.000000000000000000e+00 1.000000000000000000e+00 0.000000000000000000e+00
-7.871503601666232086e-01 -6.167611454117019054e-01 0.000000000000000000e+00 -7.556918921472220063e+01 6.167611454117019054e-01 -7.871503601666232086e-01 0.000000000000000000e+00 6.230512920847468195e+01 0.000000000000000000e+00 0.000000000000000000e+00 1.000000000000000000e+00 0.000000000000000000e+00
-7.881181948023077144e-01 -6.155239321273804354e-01 0.000000000000000000e+00 -7.753608262174100219e+01 6.155239321273804354e-01 -7.881181948023077144e-01 0.000000000000000000e+00 6.396125649046638273e+01 0.000000000000000000e+00 0.000000000000000000e+00 1.000000000000000000e+00 0.000000000000000000e+00
-7.885477194774022092e-01 -6.149735718768638559e-01 0.000000000000000000e+00 -7.959977617955939877e+01 6.149735718768638559e-01 -7.885477194774022092e-01 0.000000000000000000e+00 6.546511440148313454e+01 0.000000000000000000e+00 0.000000000000000000e+00 1.000000000000000000e+00 0.000000000000000000e+00
-7.884403743312582424e-01 -6.151111900497225893e-01 0.000000000000000000e+00 -8.163675148087554589e+01 6.151111900497225893e-01 -7.884403743312582424e-01 0.000000000000000000e+00 6.718490148186842248e+01 0.000000000000000000e+00 0.000000000000000000e+00 1.000000000000000000e+00 0.000000000000000000e+00
-7.886550406030088389e-01 -6.148359349708399924e-01 0.000000000000000000e+00 -8.368731093560609224e+01 6.148359349708399924e-01 -7.886550406030088389e-01 0.000000000000000000e+00 6.888633392155901447e+01 0.000000000000000000e+00 0.000000000000000000e+00 1.000000000000000000e+00 0.000000000000000000e+00
-7.886550406030088389e-01 -6.148359349708399924e-01 0.000000000000000000e+00 -8.573287876872609559e+01 6.148359349708399924e-01 -7.886550406030088389e-01 0.000000000000000000e+00 7.041466255263225094e+01 0.000000000000000000e+00 0.000000000000000000e+00 1.000000000000000000e+00 0.000000000000000000e+00
-7.885477194774022092e-01 -6.149735718768638559e-01 0.000000000000000000e+00 -8.776985106236008960e+01 6.149735718768638559e-01 -7.885477194774022092e-01 0.000000000000000000e+00 7.213445296214629820e+01 0.000000000000000000e+00 0.000000000000000000e+00 1.000000000000000000e+00 0.000000000000000000e+00
-7.886550406030088389e-01 -6.148359349708399924e-01 0.000000000000000000e+00 -8.970449430480630326e+01 6.148359349708399924e-01 -7.886550406030088389e-01 0.000000000000000000e+00 7.365413118303553119e+01 0.000000000000000000e+00 0.000000000000000000e+00 1.000000000000000000e+00 0.000000000000000000e+00
-7.889768598239166320e-01 -6.144229118956998636e-01 0.000000000000000000e+00 -9.175956873892960175e+01 6.144229118956998636e-01 -7.889768598239166320e-01 0.000000000000000000e+00 7.534944240677401694e+01 0.000000000000000000e+00 0.000000000000000000e+00 1.000000000000000000e+00 0.000000000000000000e+00
-7.891912858085887716e-01 -6.141474695899890035e-01 0.000000000000000000e+00 -9.585567226668229068e+01 6.141474695899890035e-01 -7.891912858085887716e-01 0.000000000000000000e+00 7.857920394762857086e+01 0.000000000000000000e+00 0.000000000000000000e+00 1.000000000000000000e+00 0.000000000000000000e+00
-7.895127444763760938e-01 -6.137341658319023230e-01 0.000000000000000000e+00 -9.995221857678586730e+01 6.137341658319023230e-01 -7.895127444763760938e-01 0.000000000000000000e+00 8.198818228157418275e+01 0.000000000000000000e+00 0.000000000000000000e+00 1.000000000000000000e+00 0.000000000000000000e+00
-7.901550123756901911e-01 -6.129070536529764857e-01 0.000000000000000000e+00 -1.020248692734771794e+02 6.129070536529764857e-01 -7.901550123756901911e-01 0.000000000000000000e+00 8.347974905203730600e+01 0.000000000000000000e+00 0.000000000000000000e+00 1.000000000000000000e+00 0.000000000000000000e+00
-7.902619728013478007e-01 -6.127691362528976393e-01 0.000000000000000000e+00 -1.040708703290856647e+02 6.127691362528976393e-01 -7.902619728013478007e-01 0.000000000000000000e+00 8.518729630265994501e+01 0.000000000000000000e+00 0.000000000000000000e+00 1.000000000000000000e+00 0.000000000000000000e+00
-7.905827096287534328e-01 -6.123552720733761445e-01 0.000000000000000000e+00 -1.062454038648141932e+02 6.123552720733761445e-01 -7.905827096287534328e-01 0.000000000000000000e+00 8.669976952418790006e+01 0.000000000000000000e+00 0.000000000000000000e+00 1.000000000000000000e+00 0.000000000000000000e+00
-7.892984627423451638e-01 -6.140097203730343622e-01 0.000000000000000000e+00 -1.082327171535396246e+02 6.140097203730343622e-01 -7.892984627423451638e-01 0.000000000000000000e+00 8.848699598707287350e+01 0.000000000000000000e+00 0.000000000000000000e+00 1.000000000000000000e+00 0.000000000000000000e+00
-7.888696107795343249e-01 -6.145606049760645728e-01 0.000000000000000000e+00 -1.102601777108264969e+02 6.145606049760645728e-01 -7.888696107795343249e-01 0.000000000000000000e+00 9.003982508100133941e+01 0.000000000000000000e+00 0.000000000000000000e+00 1.000000000000000000e+00 0.000000000000000000e+00
-7.879032884069567810e-01 -6.157989997698147810e-01 0.000000000000000000e+00 -1.122608921580343804e+02 6.157989997698147810e-01 -7.879032884069567810e-01 0.000000000000000000e+00 9.180856358720799903e+01 0.000000000000000000e+00 0.000000000000000000e+00 1.000000000000000000e+00 0.000000000000000000e+00
-7.879032884069567810e-01 -6.157989997698147810e-01 0.000000000000000000e+00 -1.143023746428174263e+02 6.157989997698147810e-01 -7.879032884069567810e-01 0.000000000000000000e+00 9.352224596957555036e+01 0.000000000000000000e+00 0.000000000000000000e+00 1.000000000000000000e+00 0.000000000000000000e+00
-7.885477194774022092e-01 -6.149735718768638559e-01 0.000000000000000000e+00 -1.163751125513523448e+02 6.149735718768638559e-01 -7.885477194774022092e-01 0.000000000000000000e+00 9.501388976705928258e+01 0.000000000000000000e+00 0.000000000000000000e+00 1.000000000000000000e+00 0.000000000000000000e+00
-7.887623377048087470e-01 -6.146982793358423125e-01 0.000000000000000000e+00 -1.184256468768344348e+02 6.146982793358423125e-01 -7.887623377048087470e-01 0.000000000000000000e+00 9.671533500866391364e+01 0.000000000000000000e+00 0.000000000000000000e+00 1.000000000000000000e+00 0.000000000000000000e+00
-7.887623377048087470e-01 -6.146982793358423125e-01 0.000000000000000000e+00 -1.204671252855096100e+02 6.146982793358423125e-01 -7.887623377048087470e-01 0.000000000000000000e+00 9.842901993074812594e+01 0.000000000000000000e+00 0.000000000000000000e+00 1.000000000000000000e+00 0.000000000000000000e+00
-7.888696107795343249e-01 -6.145606049760645728e-01 0.000000000000000000e+00 -1.225131279738033072e+02 6.145606049760645728e-01 -7.888696107795343249e-01 0.000000000000000000e+00 1.001365850969360451e+02 0.000000000000000000e+00 0.000000000000000000e+00 1.000000000000000000e+00 0.000000000000000000e+00
-7.891912858085887716e-01 -6.141474695899890035e-01 0.000000000000000000e+00 -1.245681741959402871e+02 6.141474695899890035e-01 -7.891912858085887716e-01 0.000000000000000000e+00 1.018319051640058888e+02 0.000000000000000000e+00 0.000000000000000000e+00 1.000000000000000000e+00 0.000000000000000000e+00
-7.892984627423451638e-01 -6.140097203730334741e-01 0.000000000000000000e+00 -1.266182378115879601e+02 6.140097203730334741e-01 -7.892984627423451638e-01 0.000000000000000000e+00 1.033541269613805014e+02 0.000000000000000000e+00 0.000000000000000000e+00 1.000000000000000000e+00 0.000000000000000000e+00
-7.897269300106732892e-01 -6.134585365091245190e-01 0.000000000000000000e+00 -1.286777856312079393e+02 6.134585365091245190e-01 -7.897269300106732892e-01 0.000000000000000000e+00 1.050433123374293700e+02 0.000000000000000000e+00 0.000000000000000000e+00 1.000000000000000000e+00 0.000000000000000000e+00
-7.897269300106732892e-01 -6.134585365091245190e-01 0.000000000000000000e+00 -1.308347063050574661e+02 6.134585365091245190e-01 -7.897269300106732892e-01 0.000000000000000000e+00 1.067595355158607617e+02 0.000000000000000000e+00 0.000000000000000000e+00 1.000000000000000000e+00 0.000000000000000000e+00
-7.903689091542489553e-01 -6.126312001868036150e-01 0.000000000000000000e+00 -1.329032566677277600e+02 6.126312001868036150e-01 -7.903689091542489553e-01 0.000000000000000000e+00 1.084364475223019610e+02 0.000000000000000000e+00 0.000000000000000000e+00 1.000000000000000000e+00 0.000000000000000000e+00
-7.902619728013478007e-01 -6.127691362528976393e-01 0.000000000000000000e+00 -1.349402147293858434e+02 6.127691362528976393e-01 -7.902619728013478007e-01 0.000000000000000000e+00 1.101562700538398190e+02 0.000000000000000000e+00 0.000000000000000000e+00 1.000000000000000000e+00 0.000000000000000000e+00
-7.904758214311358167e-01 -6.124932454588957187e-01 0.000000000000000000e+00 -1.369947707820065261e+02 6.124932454588957187e-01 -7.904758214311358167e-01 0.000000000000000000e+00 1.116723558180855207e+02 0.000000000000000000e+00 0.000000000000000000e+00 1.000000000000000000e+00 0.000000000000000000e+00
-7.906895737438437433e-01 -6.122172800344490851e-01 0.000000000000000000e+00 -1.390452528866725288e+02 6.122172800344490851e-01 -7.906895737438437433e-01 0.000000000000000000e+00 1.133737811811793676e+02 0.000000000000000000e+00 0.000000000000000000e+00 1.000000000000000000e+00 0.000000000000000000e+00
-7.915436193031371026e-01 -6.111126727048715734e-01 0.000000000000000000e+00 -1.411227388863831038e+02 6.111126727048715734e-01 -7.915436193031371026e-01 0.000000000000000000e+00 1.150383742793478348e+02 0.000000000000000000e+00 0.000000000000000000e+00 1.000000000000000000e+00 0.000000000000000000e+00
-7.922896433551913642e-01 -6.101451639012677175e-01 0.000000000000000000e+00 -1.431956645721709265e+02 6.101451639012677175e-01 -7.922896433551913642e-01 0.000000000000000000e+00 1.167090645444102961e+02 0.000000000000000000e+00 0.000000000000000000e+00 1.000000000000000000e+00 0.000000000000000000e+00
-7.925025759223247590e-01 -6.098685654765949593e-01 0.000000000000000000e+00 -1.453615549326456176e+02 6.098685654765949593e-01 -7.925025759223247590e-01 0.000000000000000000e+00 1.184130001070306548e+02 0.000000000000000000e+00 0.000000000000000000e+00 1.000000000000000000e+00 0.000000000000000000e+00
-7.932470792953592031e-01 -6.088998860152483594e-01 0.000000000000000000e+00 -1.474344102227387339e+02 6.088998860152483594e-01 -7.932470792953592031e-01 0.000000000000000000e+00 1.200836427420103405e+02 0.000000000000000000e+00 0.000000000000000000e+00 1.000000000000000000e+00 0.000000000000000000e+00
-7.929281513385539881e-01 -6.093151457290582051e-01 0.000000000000000000e+00 -1.494624208557071370e+02 6.093151457290582051e-01 -7.929281513385539881e-01 0.000000000000000000e+00 1.218157957469932171e+02 0.000000000000000000e+00 0.000000000000000000e+00 1.000000000000000000e+00 0.000000000000000000e+00
-7.933533402912356092e-01 -6.087614290087203228e-01 0.000000000000000000e+00 -1.515218077278479996e+02 6.087614290087203228e-01 -7.933533402912356092e-01 0.000000000000000000e+00 1.235048836955564298e+02 0.000000000000000000e+00 0.000000000000000000e+00 1.000000000000000000e+00 0.000000000000000000e+00
-7.935657897789776261e-01 -6.084844593680820424e-01 0.000000000000000000e+00 -1.535722221965196468e+02 6.084844593680820424e-01 -7.935657897789776261e-01 0.000000000000000000e+00 1.252062726767782124e+02 0.000000000000000000e+00 0.000000000000000000e+00 1.000000000000000000e+00 0.000000000000000000e+00
-7.934595771201868875e-01 -6.086229534582590084e-01 0.000000000000000000e+00 -1.557246472745857773e+02 6.086229534582590084e-01 -7.934595771201868875e-01 0.000000000000000000e+00 1.269286618497089876e+02 0.000000000000000000e+00 0.000000000000000000e+00 1.000000000000000000e+00 0.000000000000000000e+00
-7.935657897789776261e-01 -6.084844593680820424e-01 0.000000000000000000e+00 -1.577705793345456868e+02 6.084844593680820424e-01 -7.935657897789776261e-01 0.000000000000000000e+00 1.286362069651532920e+02 0.000000000000000000e+00 0.000000000000000000e+00 1.000000000000000000e+00 0.000000000000000000e+00
-7.936719782643726351e-01 -6.083459467424090494e-01 0.000000000000000000e+00 -1.599360267294497362e+02 6.083459467424090494e-01 -7.936719782643726351e-01 0.000000000000000000e+00 1.301609449357113704e+02 0.000000000000000000e+00 0.000000000000000000e+00 1.000000000000000000e+00 0.000000000000000000e+00
-7.935657897789776261e-01 -6.084844593680820424e-01 0.000000000000000000e+00 -1.619730000760981738e+02 6.084844593680820424e-01 -7.935657897789776261e-01 0.000000000000000000e+00 1.318808029258672150e+02 0.000000000000000000e+00 0.000000000000000000e+00 1.000000000000000000e+00 0.000000000000000000e+00
-7.936719782643726351e-01 -6.083459467424090494e-01 0.000000000000000000e+00 -1.640148575749873316e+02 6.083459467424090494e-01 -7.936719782643726351e-01 0.000000000000000000e+00 1.337736917425266370e+02 0.000000000000000000e+00 0.000000000000000000e+00 1.000000000000000000e+00 0.000000000000000000e+00
-7.944146205354178925e-01 -6.073758397232870143e-01 0.000000000000000000e+00 -1.662030660771965813e+02 6.073758397232870143e-01 -7.944146205354178925e-01 0.000000000000000000e+00 1.354468167273557810e+02 0.000000000000000000e+00 0.000000000000000000e+00 1.000000000000000000e+00 0.000000000000000000e+00
-7.945206155172561679e-01 -6.072371789655841567e-01 0.000000000000000000e+00 -1.682489814641597832e+02 6.072371789655841567e-01 -7.945206155172561679e-01 0.000000000000000000e+00 1.371543591406026508e+02 0.000000000000000000e+00 0.000000000000000000e+00 1.000000000000000000e+00 0.000000000000000000e+00
-7.950502273246646823e-01 -6.065435977990363270e-01 0.000000000000000000e+00 -1.704282031325774369e+02 6.065435977990363270e-01 -7.950502273246646823e-01 0.000000000000000000e+00 1.388397768217508883e+02 0.000000000000000000e+00 0.000000000000000000e+00 1.000000000000000000e+00 0.000000000000000000e+00
-7.951560770432055669e-01 -6.064048261196974821e-01 0.000000000000000000e+00 -1.724700395691838821e+02 6.064048261196974821e-01 -7.951560770432055669e-01 0.000000000000000000e+00 1.407326581957351550e+02 0.000000000000000000e+00 0.000000000000000000e+00 1.000000000000000000e+00 0.000000000000000000e+00
-7.954734808548957758e-01 -6.059884002657109914e-01 0.000000000000000000e+00 -1.746403108754323057e+02 6.059884002657109914e-01 -7.954734808548957758e-01 0.000000000000000000e+00 1.424303951138744537e+02 0.000000000000000000e+00 0.000000000000000000e+00 1.000000000000000000e+00 0.000000000000000000e+00
-7.957906665830205561e-01 -6.055718082765679799e-01 0.000000000000000000e+00 -1.768065011785796514e+02 6.055718082765679799e-01 -7.957906665830205561e-01 0.000000000000000000e+00 1.443134678701945290e+02 0.000000000000000000e+00 0.000000000000000000e+00 1.000000000000000000e+00 0.000000000000000000e+00
-7.958963466810158316e-01 -6.054329073810010842e-01 0.000000000000000000e+00 -1.788523953817722258e+02 6.054329073810010842e-01 -7.958963466810158316e-01 0.000000000000000000e+00 1.460210045286369223e+02 0.000000000000000000e+00 0.000000000000000000e+00 1.000000000000000000e+00 0.000000000000000000e+00
-7.964243834407971345e-01 -6.047381263496999226e-01 0.000000000000000000e+00 -1.810315396671114740e+02 6.047381263496999226e-01 -7.964243834407971345e-01 0.000000000000000000e+00 1.477063762448003104e+02 0.000000000000000000e+00 0.000000000000000000e+00 1.000000000000000000e+00 0.000000000000000000e+00
-7.969518136887661086e-01 -6.040428847840080273e-01 0.000000000000000000e+00 -1.832106555411102136e+02 6.040428847840080273e-01 -7.969518136887661086e-01 0.000000000000000000e+00 1.493917294922570136e+02 0.000000000000000000e+00 0.000000000000000000e+00 1.000000000000000000e+00 0.000000000000000000e+00
-7.975839288252279946e-01 -6.032079877452825034e-01 0.000000000000000000e+00 -1.853941805936908622e+02 6.032079877452825034e-01 -7.975839288252279946e-01 0.000000000000000000e+00 1.510708795483478752e+02 0.000000000000000000e+00 0.000000000000000000e+00 1.000000000000000000e+00 0.000000000000000000e+00
-7.978996584435325001e-01 -6.027902911093488969e-01 0.000000000000000000e+00 -1.876798167658214425e+02 6.027902911093488969e-01 -7.978996584435325001e-01 0.000000000000000000e+00 1.527711038387005829e+02 0.000000000000000000e+00 0.000000000000000000e+00 1.000000000000000000e+00 0.000000000000000000e+00
-7.983202909772046940e-01 -6.022331052126507211e-01 0.000000000000000000e+00 -1.898544236987349905e+02 6.022331052126507211e-01 -7.983202909772046940e-01 0.000000000000000000e+00 1.544625966676665598e+02 0.000000000000000000e+00 0.000000000000000000e+00 1.000000000000000000e+00 0.000000000000000000e+00
-7.987405344192652912e-01 -6.016756257948523423e-01 0.000000000000000000e+00 -1.921444598740232550e+02 6.016756257948523423e-01 -7.987405344192652912e-01 0.000000000000000000e+00 1.561566135021889181e+02 0.000000000000000000e+00 0.000000000000000000e+00 1.000000000000000000e+00 0.000000000000000000e+00
-7.993701695875883306e-01 -6.008388569104955446e-01 0.000000000000000000e+00 -1.943278688204869695e+02 6.008388569104955446e-01 -7.993701695875883306e-01 0.000000000000000000e+00 1.578356885462144987e+02 0.000000000000000000e+00 0.000000000000000000e+00 1.000000000000000000e+00 0.000000000000000000e+00
-7.994750235752217105e-01 -6.006993313458893757e-01 0.000000000000000000e+00 -1.966086813170766163e+02 6.006993313458893757e-01 -7.994750235752217105e-01 0.000000000000000000e+00 1.593629352374491646e+02 0.000000000000000000e+00 0.000000000000000000e+00 1.000000000000000000e+00 0.000000000000000000e+00
-7.996846584870906938e-01 -6.004202253258845712e-01 0.000000000000000000e+00 -1.987743888011035551e+02 6.004202253258845712e-01 -7.996846584870906938e-01 0.000000000000000000e+00 1.610667883160681981e+02 0.000000000000000000e+00 0.000000000000000000e+00 1.000000000000000000e+00 0.000000000000000000e+00
-7.986355100472928292e-01 -6.018150231520481563e-01 0.000000000000000000e+00 -2.010065717620013857e+02 6.018150231520481563e-01 -7.986355100472928292e-01 0.000000000000000000e+00 1.626622029484756808e+02 0.000000000000000000e+00 0.000000000000000000e+00 1.000000000000000000e+00 0.000000000000000000e+00
-7.977944395385716536e-01 -6.029295416890244619e-01 0.000000000000000000e+00 -2.032475172462943647e+02 6.029295416890244619e-01 -7.977944395385716536e-01 0.000000000000000000e+00 1.642451695640256730e+02 0.000000000000000000e+00 0.000000000000000000e+00 1.000000000000000000e+00 0.000000000000000000e+00
-7.960020025346230543e-01 -6.052939880428943598e-01 0.000000000000000000e+00 -2.053329089264994991e+02 6.052939880428943598e-01 -7.960020025346230543e-01 0.000000000000000000e+00 1.658811448396360220e+02 0.000000000000000000e+00 0.000000000000000000e+00 1.000000000000000000e+00 0.000000000000000000e+00
-7.940964904073053443e-01 -6.077917109691445274e-01 0.000000000000000000e+00 -2.075248925727318010e+02 6.077917109691445274e-01 -7.940964904073053443e-01 0.000000000000000000e+00 1.677109339846991816e+02 0.000000000000000000e+00 0.000000000000000000e+00 1.000000000000000000e+00 0.000000000000000000e+00
-7.963188245969250456e-01 -6.048771194156479236e-01 0.000000000000000000e+00 -2.097795186228014472e+02 6.048771194156479236e-01 -7.963188245969250456e-01 0.000000000000000000e+00 1.691123288954549935e+02 0.000000000000000000e+00 0.000000000000000000e+00 1.000000000000000000e+00 0.000000000000000000e+00
-7.954734808548957758e-01 -6.059884002657109914e-01 0.000000000000000000e+00 -2.120202687466528459e+02 6.059884002657109914e-01 -7.954734808548957758e-01 0.000000000000000000e+00 1.706951631248111312e+02 0.000000000000000000e+00 0.000000000000000000e+00 1.000000000000000000e+00 0.000000000000000000e+00
-7.953677038115438691e-01 -6.061272273488070850e-01 0.000000000000000000e+00 -2.141767452749654694e+02 6.061272273488070850e-01 -7.953677038115438691e-01 0.000000000000000000e+00 1.722322499457670233e+02 0.000000000000000000e+00 0.000000000000000000e+00 1.000000000000000000e+00 0.000000000000000000e+00
-7.952619025399056962e-01 -6.062660359682120470e-01 0.000000000000000000e+00 -2.163889075600682190e+02 6.062660359682120470e-01 -7.952619025399056962e-01 0.000000000000000000e+00 1.738632758766481174e+02 0.000000000000000000e+00 0.000000000000000000e+00 1.000000000000000000e+00 0.000000000000000000e+00
-7.951560770432055669e-01 -6.064048261196974821e-01 0.000000000000000000e+00 -2.186010673523928745e+02 6.064048261196974821e-01 -7.951560770432055669e-01 0.000000000000000000e+00 1.754943020226966723e+02 0.000000000000000000e+00 0.000000000000000000e+00 1.000000000000000000e+00 0.000000000000000000e+00
-7.939903986478358267e-01 -6.079302976946051595e-01 0.000000000000000000e+00 -2.207128534794921961e+02 6.079302976946051595e-01 -7.939903986478358267e-01 0.000000000000000000e+00 1.770930153127694666e+02 0.000000000000000000e+00 0.000000000000000000e+00 1.000000000000000000e+00 0.000000000000000000e+00
-7.950502273246646823e-01 -6.065435977990363270e-01 0.000000000000000000e+00 -2.229143954430974190e+02 6.065435977990363270e-01 -7.950502273246646823e-01 0.000000000000000000e+00 1.787476527070065231e+02 0.000000000000000000e+00 0.000000000000000000e+00 1.000000000000000000e+00 0.000000000000000000e+00
-7.955792336667404374e-01 -6.058495547231527167e-01 0.000000000000000000e+00 -2.249781065621630205e+02 6.058495547231527167e-01 -7.955792336667404374e-01 0.000000000000000000e+00 1.804305385912494444e+02 0.000000000000000000e+00 0.000000000000000000e+00 1.000000000000000000e+00 0.000000000000000000e+00
-7.960020025346230543e-01 -6.052939880428943598e-01 0.000000000000000000e+00 -2.271568558231489305e+02 6.052939880428943598e-01 -7.960020025346230543e-01 0.000000000000000000e+00 1.819367741041993440e+02 0.000000000000000000e+00 0.000000000000000000e+00 1.000000000000000000e+00 0.000000000000000000e+00
-7.960020025346230543e-01 -6.052939880428943598e-01 0.000000000000000000e+00 -2.293137103619197887e+02 6.052939880428943598e-01 -7.960020025346230543e-01 0.000000000000000000e+00 1.836530402026315869e+02 0.000000000000000000e+00 0.000000000000000000e+00 1.000000000000000000e+00 0.000000000000000000e+00
-7.954734808548957758e-01 -6.059884002657109914e-01 0.000000000000000000e+00 -2.313328364074707224e+02 6.059884002657109914e-01 -7.954734808548957758e-01 0.000000000000000000e+00 1.853976286534334008e+02 0.000000000000000000e+00 0.000000000000000000e+00 1.000000000000000000e+00 0.000000000000000000e+00
-7.950502273246646823e-01 -6.065435977990363270e-01 0.000000000000000000e+00 -2.334759169078233754e+02 6.065435977990363270e-01 -7.950502273246646823e-01 0.000000000000000000e+00 1.869532268888686986e+02 0.000000000000000000e+00 0.000000000000000000e+00 1.000000000000000000e+00 0.000000000000000000e+00
-7.950502273246646823e-01 -6.065435977990363270e-01 0.000000000000000000e+00 -2.356327671834069406e+02 6.065435977990363270e-01 -7.950502273246646823e-01 0.000000000000000000e+00 1.886694957663675041e+02 0.000000000000000000e+00 0.000000000000000000e+00 1.000000000000000000e+00 0.000000000000000000e+00
-7.953677038115438691e-01 -6.061272273488070850e-01 0.000000000000000000e+00 -2.378029999653690538e+02 6.061272273488070850e-01 -7.953677038115438691e-01 0.000000000000000000e+00 1.903672626133931658e+02 0.000000000000000000e+00 0.000000000000000000e+00 1.000000000000000000e+00 0.000000000000000000e+00
-7.951560770432055669e-01 -6.064048261196974821e-01 0.000000000000000000e+00 -2.399549979753141997e+02 6.064048261196974821e-01 -7.951560770432055669e-01 0.000000000000000000e+00 1.919105275817748293e+02 0.000000000000000000e+00 0.000000000000000000e+00 1.000000000000000000e+00 0.000000000000000000e+00
-7.948384552349656573e-01 -6.068210857243622192e-01 0.000000000000000000e+00 -2.419830063661418080e+02 6.068210857243622192e-01 -7.948384552349656573e-01 0.000000000000000000e+00 1.936427610039669389e+02 0.000000000000000000e+00 0.000000000000000000e+00 1.000000000000000000e+00 0.000000000000000000e+00
-7.942025579772129529e-01 -6.076531057292898774e-01 0.000000000000000000e+00 -2.441130410183365029e+02 6.076531057292898774e-01 -7.942025579772129529e-01 0.000000000000000000e+00 1.953960091631604428e+02 0.000000000000000000e+00 0.000000000000000000e+00 1.000000000000000000e+00 0.000000000000000000e+00
-7.925025759223247590e-01 -6.098685654765949593e-01 0.000000000000000000e+00 -2.462022743596859300e+02 6.098685654765949593e-01 -7.925025759223247590e-01 0.000000000000000000e+00 1.970254048418582329e+02 0.000000000000000000e+00 0.000000000000000000e+00 1.000000000000000000e+00 0.000000000000000000e+00
-7.907964137731522403e-01 -6.120792693463174006e-01 0.000000000000000000e+00 -2.482912317191373859e+02 6.120792693463174006e-01 -7.907964137731522403e-01 0.000000000000000000e+00 1.986546009030329287e+02 0.000000000000000000e+00 0.000000000000000000e+00 1.000000000000000000e+00 0.000000000000000000e+00
-7.891912858085887716e-01 -6.141474695899890035e-01 0.000000000000000000e+00 -2.503803634901984196e+02 6.141474695899890035e-01 -7.891912858085887716e-01 0.000000000000000000e+00 2.004628155047024620e+02 0.000000000000000000e+00 0.000000000000000000e+00 1.000000000000000000e+00 0.000000000000000000e+00
-7.877957992062842862e-01 -6.159365054556621422e-01 0.000000000000000000e+00 -2.525978467672314309e+02 6.159365054556621422e-01 -7.877957992062842862e-01 0.000000000000000000e+00 2.020758238198075105e+02 0.000000000000000000e+00 0.000000000000000000e+00 1.000000000000000000e+00 0.000000000000000000e+00
-7.866118348760258172e-01 -6.174478287539532095e-01 0.000000000000000000e+00 -2.547047258289827596e+02 6.174478287539532095e-01 -7.866118348760258172e-01 0.000000000000000000e+00 2.038592972400863914e+02 0.000000000000000000e+00 0.000000000000000000e+00 1.000000000000000000e+00 0.000000000000000000e+00
-7.851007784849974858e-01 -6.193680389092179883e-01 0.000000000000000000e+00 -2.568018648637546448e+02 6.193680389092179883e-01 -7.851007784849974858e-01 0.000000000000000000e+00 2.054756169829872761e+02 0.000000000000000000e+00 0.000000000000000000e+00 1.000000000000000000e+00 0.000000000000000000e+00
-7.839102310542485075e-01 -6.208741818182456074e-01 0.000000000000000000e+00 -2.589125213166108779e+02 6.208741818182456074e-01 -7.839102310542485075e-01 0.000000000000000000e+00 2.070735317775256590e+02 0.000000000000000000e+00 0.000000000000000000e+00 1.000000000000000000e+00 0.000000000000000000e+00
-7.826081568524141385e-01 -6.225146366376196339e-01 0.000000000000000000e+00 -2.611298354433297391e+02 6.225146366376196339e-01 -7.826081568524141385e-01 0.000000000000000000e+00 2.088653051167923991e+02 0.000000000000000000e+00 0.000000000000000000e+00 1.000000000000000000e+00 0.000000000000000000e+00
-7.809757372520726992e-01 -6.245613643378700175e-01 0.000000000000000000e+00 -2.632218182000941624e+02 6.245613643378700175e-01 -7.809757372520726992e-01 0.000000000000000000e+00 2.104872774038342982e+02 0.000000000000000000e+00 0.000000000000000000e+00 1.000000000000000000e+00 0.000000000000000000e+00
-7.793379649314742252e-01 -6.266038113644606389e-01 0.000000000000000000e+00 -2.654249351279702296e+02 6.266038113644606389e-01 -7.793379649314742252e-01 0.000000000000000000e+00 2.122969489117941180e+02 0.000000000000000000e+00 0.000000000000000000e+00 1.000000000000000000e+00 0.000000000000000000e+00
-7.774753662986406688e-01 -6.289133921286734763e-01 0.000000000000000000e+00 -2.675071685042291847e+02 6.289133921286734763e-01 -7.774753662986406688e-01 0.000000000000000000e+00 2.139306367218548530e+02 0.000000000000000000e+00 0.000000000000000000e+00 1.000000000000000000e+00 0.000000000000000000e+00
-7.760464070665458181e-01 -6.306758074312864837e-01 0.000000000000000000e+00 -2.697190786954587338e+02 6.306758074312864837e-01 -7.760464070665458181e-01 0.000000000000000000e+00 2.157278711890543264e+02 0.000000000000000000e+00 0.000000000000000000e+00 1.000000000000000000e+00 0.000000000000000000e+00
-7.749444887041800900e-01 -6.320293026648506896e-01 0.000000000000000000e+00 -2.718334233239598916e+02 6.320293026648506896e-01 -7.749444887041800900e-01 0.000000000000000000e+00 2.173190388616262112e+02 0.000000000000000000e+00 0.000000000000000000e+00 1.000000000000000000e+00 0.000000000000000000e+00
-7.740612542099052362e-01 -6.331107128543858042e-01 0.000000000000000000e+00 -2.740683750570054826e+02 6.331107128543858042e-01 -7.740612542099052362e-01 0.000000000000000000e+00 2.190859832454864318e+02 0.000000000000000000e+00 0.000000000000000000e+00 1.000000000000000000e+00 0.000000000000000000e+00
-7.727335734973508341e-01 -6.347305132022678098e-01 0.000000000000000000e+00 -2.762886132495386846e+02 6.347305132022678098e-01 -7.727335734973508341e-01 0.000000000000000000e+00 2.206915494888585272e+02 0.000000000000000000e+00 0.000000000000000000e+00 1.000000000000000000e+00 0.000000000000000000e+00
