9.921320852087154307e-01 1.251955490399165039e-01 0.000000000000000000e+00 5.390263061523437500e+02 -1.251955490399165039e-01 9.921320852087154307e-01 -0.000000000000000000e+00 -3.731803131103515625e+01 -0.000000000000000000e+00 0.000000000000000000e+00 1.000000000000000000e+00 0.000000000000000000e+00
9.921320852087154307e-01 1.251955490399165039e-01 0.000000000000000000e+00 5.390263061523437500e+02 -1.251955490399165039e-01 9.921320852087154307e-01 -0.000000000000000000e+00 -3.731803131103515625e+01 -0.000000000000000000e+00 0.000000000000000000e+00 1.000000000000000000e+00 0.000000000000000000e+00
9.929260556030197193e-01 1.187343594105302463e-01 0.000000000000000000e+00 5.465734863281250000e+02 -1.187343594105302463e-01 9.929260556030197193e-01 -0.000000000000000000e+00 -3.992083740234375000e+01 -0.000000000000000000e+00 0.000000000000000000e+00 1.000000000000000000e+00 0.000000000000000000e+00
9.929260556030197193e-01 1.187343594105302463e-01 0.000000000000000000e+00 5.465734863281250000e+02 -1.187343594105302463e-01 9.929260556030197193e-01 -0.000000000000000000e+00 -3.992083740234375000e+01 -0.000000000000000000e+00 0.000000000000000000e+00 1.000000000000000000e+00 0.000000000000000000e+00
9.928276874502838245e-01 1.195541008586553239e-01 0.000000000000000000e+00 5.493820190429687500e+02 -1.195541008586553239e-01 9.928276874502838245e-01 -0.000000000000000000e+00 -4.053501129150390625e+01 -0.000000000000000000e+00 0.000000000000000000e+00 1.000000000000000000e+00 0.000000000000000000e+00
9.926833822306234678e-01 1.207464394637366711e-01 0.000000000000000000e+00 5.522664794921875000e+02 -1.207464394637366711e-01 9.926833822306234678e-01 -0.000000000000000000e+00 -4.108866500854492188e+01 -0.000000000000000000e+00 0.000000000000000000e+00 1.000000000000000000e+00 0.000000000000000000e+00
9.925084866335875944e-01 1.221757093709942427e-01 0.000000000000000000e+00 5.552003173828125000e+02 -1.221757093709942427e-01 9.925084866335875944e-01 -0.000000000000000000e+00 -4.160143280029296875e+01 -0.000000000000000000e+00 0.000000000000000000e+00 1.000000000000000000e+00 0.000000000000000000e+00
9.923103026392743331e-01 1.237750511046216556e-01 0.000000000000000000e+00 5.581504516601562500e+02 -1.237750511046216556e-01 9.923103026392743331e-01 -0.000000000000000000e+00 -4.208689498901367188e+01 -0.000000000000000000e+00 0.000000000000000000e+00 1.000000000000000000e+00 0.000000000000000000e+00
9.921060169050884836e-01 1.254019586000165720e-01 0.000000000000000000e+00 5.611582031250000000e+02 -1.254019586000165720e-01 9.921060169050884836e-01 -0.000000000000000000e+00 -4.257930374145507812e+01 -0.000000000000000000e+00 0.000000000000000000e+00 1.000000000000000000e+00 0.000000000000000000e+00
9.918854903069713735e-01 1.271344725811962562e-01 0.000000000000000000e+00 5.642360839843750000e+02 -1.271344725811962562e-01 9.918854903069713735e-01 -0.000000000000000000e+00 -4.309009552001953125e+01 -0.000000000000000000e+00 0.000000000000000000e+00 1.000000000000000000e+00 0.000000000000000000e+00
9.916648987208841470e-01 1.288438149268278099e-01 0.000000000000000000e+00 5.669995727539062500e+02 -1.288438149268278099e-01 9.916648987208841470e-01 -0.000000000000000000e+00 -4.352906036376953125e+01 -0.000000000000000000e+00 0.000000000000000000e+00 1.000000000000000000e+00 0.000000000000000000e+00
9.914318919723327239e-01 1.306246668135876143e-01 0.000000000000000000e+00 5.699151000976562500e+02 -1.306246668135876143e-01 9.914318919723327239e-01 -0.000000000000000000e+00 -4.400166702270507812e+01 -0.000000000000000000e+00 0.000000000000000000e+00 1.000000000000000000e+00 0.000000000000000000e+00
9.911707954541921772e-01 1.325913052907468082e-01 0.000000000000000000e+00 5.729396362304687500e+02 -1.325913052907468082e-01 9.911707954541921772e-01 -0.000000000000000000e+00 -4.448704528808593750e+01 -0.000000000000000000e+00 0.000000000000000000e+00 1.000000000000000000e+00 0.000000000000000000e+00
9.909396704748782980e-01 1.343077416947346669e-01 0.000000000000000000e+00 5.759310913085937500e+02 -1.343077416947346669e-01 9.909396704748782980e-01 -0.000000000000000000e+00 -4.500532913208007812e+01 -0.000000000000000000e+00 0.000000000000000000e+00 1.000000000000000000e+00 0.000000000000000000e+00
9.906846313485589972e-01 1.361762138178681802e-01 0.000000000000000000e+00 5.789488525390625000e+02 -1.361762138178681802e-01 9.906846313485589972e-01 -0.000000000000000000e+00 -4.552905654907226562e+01 -0.000000000000000000e+00 0.000000000000000000e+00 1.000000000000000000e+00 0.000000000000000000e+00
9.904148578970253247e-01 1.381246149562601888e-01 0.000000000000000000e+00 5.820286865234375000e+02 -1.381246149562601888e-01 9.904148578970253247e-01 -0.000000000000000000e+00 -4.606433868408203125e+01 -0.000000000000000000e+00 0.000000000000000000e+00 1.000000000000000000e+00 0.000000000000000000e+00
9.901038665946233497e-01 1.403365004351194989e-01 0.000000000000000000e+00 5.850686035156250000e+02 -1.403365004351194989e-01 9.901038665946233497e-01 -0.000000000000000000e+00 -4.657279586791992188e+01 -0.000000000000000000e+00 0.000000000000000000e+00 1.000000000000000000e+00 0.000000000000000000e+00
9.897729039899587633e-01 1.426520190087891826e-01 0.000000000000000000e+00 5.881381225585937500e+02 -1.426520190087891826e-01 9.897729039899587633e-01 -0.000000000000000000e+00 -4.709793472290039062e+01 -0.000000000000000000e+00 0.000000000000000000e+00 1.000000000000000000e+00 0.000000000000000000e+00
9.894336752118904066e-01 1.449862143677508597e-01 0.000000000000000000e+00 5.912069702148437500e+02 -1.449862143677508597e-01 9.894336752118904066e-01 -0.000000000000000000e+00 -4.764275741577148438e+01 -0.000000000000000000e+00 0.000000000000000000e+00 1.000000000000000000e+00 0.000000000000000000e+00
9.890186018452845618e-01 1.477910863482585491e-01 0.000000000000000000e+00 5.942789916992187500e+02 -1.477910863482585491e-01 9.890186018452845618e-01 -0.000000000000000000e+00 -4.815707015991210938e+01 -0.000000000000000000e+00 0.000000000000000000e+00 1.000000000000000000e+00 0.000000000000000000e+00
9.885912479598920610e-01 1.506231869836220927e-01 0.000000000000000000e+00 5.973464965820312500e+02 -1.506231869836220927e-01 9.885912479598920610e-01 -0.000000000000000000e+00 -4.868021011352539062e+01 -0.000000000000000000e+00 0.000000000000000000e+00 1.000000000000000000e+00 0.000000000000000000e+00
9.880694912228156213e-01 1.540087027238598305e-01 0.000000000000000000e+00 5.990126953125000000e+02 -1.540087027238598305e-01 9.880694912228156213e-01 -0.000000000000000000e+00 -4.872097396850585938e+01 -0.000000000000000000e+00 0.000000000000000000e+00 1.000000000000000000e+00 0.000000000000000000e+00
9.876538067794840003e-01 1.566523474257366100e-01 0.000000000000000000e+00 6.021198120117187500e+02 -1.566523474257366100e-01 9.876538067794840003e-01 -0.000000000000000000e+00 -4.929376220703125000e+01 -0.000000000000000000e+00 0.000000000000000000e+00 1.000000000000000000e+00 0.000000000000000000e+00
9.871660723878508126e-01 1.596970429480286946e-01 0.000000000000000000e+00 6.052727050781250000e+02 -1.596970429480286946e-01 9.871660723878508126e-01 -0.000000000000000000e+00 -4.986972045898437500e+01 -0.000000000000000000e+00 0.000000000000000000e+00 1.000000000000000000e+00 0.000000000000000000e+00
9.866541600591673955e-01 1.628298757536185970e-01 0.000000000000000000e+00 6.083729858398437500e+02 -1.628298757536185970e-01 9.866541600591673955e-01 -0.000000000000000000e+00 -5.045138168334960938e+01 -0.000000000000000000e+00 0.000000000000000000e+00 1.000000000000000000e+00 0.000000000000000000e+00
9.860817885315054099e-01 1.662609585155437331e-01 0.000000000000000000e+00 6.114483642578125000e+02 -1.662609585155437331e-01 9.860817885315054099e-01 -0.000000000000000000e+00 -5.102443313598632812e+01 -0.000000000000000000e+00 0.000000000000000000e+00 1.000000000000000000e+00 0.000000000000000000e+00
9.848095417410871466e-01 1.736380329758144547e-01 0.000000000000000000e+00 6.176219482421875000e+02 -1.736380329758144547e-01 9.848095417410871466e-01 -0.000000000000000000e+00 -5.217537689208984375e+01 -0.000000000000000000e+00 0.000000000000000000e+00 1.000000000000000000e+00 0.000000000000000000e+00
9.848095417410871466e-01 1.736380329758144547e-01 0.000000000000000000e+00 6.176219482421875000e+02 -1.736380329758144547e-01 9.848095417410871466e-01 -0.000000000000000000e+00 -5.217537689208984375e+01 -0.000000000000000000e+00 0.000000000000000000e+00 1.000000000000000000e+00 0.000000000000000000e+00
9.841122157851778240e-01 1.775475900776680993e-01 0.000000000000000000e+00 6.206547851562500000e+02 -1.775475900776680993e-01 9.841122157851778240e-01 -0.000000000000000000e+00 -5.273887634277343750e+01 -0.000000000000000000e+00 0.000000000000000000e+00 1.000000000000000000e+00 0.000000000000000000e+00
9.833822192960840480e-01 1.815472686996651708e-01 0.000000000000000000e+00 6.237028808593750000e+02 -1.815472686996651708e-01 9.833822192960840480e-01 -0.000000000000000000e+00 -5.331544876098632812e+01 -0.000000000000000000e+00 0.000000000000000000e+00 1.000000000000000000e+00 0.000000000000000000e+00
9.826518227565069763e-01 1.854599558754243815e-01 0.000000000000000000e+00 6.264722900390625000e+02 -1.854599558754243815e-01 9.826518227565069763e-01 -0.000000000000000000e+00 -5.384910202026367188e+01 -0.000000000000000000e+00 0.000000000000000000e+00 1.000000000000000000e+00 0.000000000000000000e+00
9.819296019444861967e-01 1.892465503652388803e-01 0.000000000000000000e+00 6.293087158203125000e+02 -1.892465503652388803e-01 9.819296019444861967e-01 -0.000000000000000000e+00 -5.444072723388671875e+01 -0.000000000000000000e+00 0.000000000000000000e+00 1.000000000000000000e+00 0.000000000000000000e+00
9.803437498811411466e-01 1.972970655356599545e-01 0.000000000000000000e+00 6.352114868164062500e+02 -1.972970655356599545e-01 9.803437498811411466e-01 -0.000000000000000000e+00 -5.564982604980468750e+01 -0.000000000000000000e+00 0.000000000000000000e+00 1.000000000000000000e+00 0.000000000000000000e+00
9.803437498811411466e-01 1.972970655356599545e-01 0.000000000000000000e+00 6.352114868164062500e+02 -1.972970655356599545e-01 9.803437498811411466e-01 -0.000000000000000000e+00 -5.564982604980468750e+01 -0.000000000000000000e+00 0.000000000000000000e+00 1.000000000000000000e+00 0.000000000000000000e+00
9.786700948526949606e-01 2.054381791221316367e-01 0.000000000000000000e+00 6.412207031250000000e+02 -2.054381791221316367e-01 9.786700948526949606e-01 -0.000000000000000000e+00 -5.694720077514648438e+01 -0.000000000000000000e+00 0.000000000000000000e+00 1.000000000000000000e+00 0.000000000000000000e+00
9.786700948526949606e-01 2.054381791221316367e-01 0.000000000000000000e+00 6.412207031250000000e+02 -2.054381791221316367e-01 9.786700948526949606e-01 -0.000000000000000000e+00 -5.694720077514648438e+01 -0.000000000000000000e+00 0.000000000000000000e+00 1.000000000000000000e+00 0.000000000000000000e+00
9.779370443458659246e-01 2.088998259838238114e-01 0.000000000000000000e+00 6.414400024414062500e+02 -2.088998259838238114e-01 9.779370443458659246e-01 -0.000000000000000000e+00 -5.671129608154296875e+01 -0.000000000000000000e+00 0.000000000000000000e+00 1.000000000000000000e+00 0.000000000000000000e+00
9.774143218528283938e-01 2.113320691162977605e-01 0.000000000000000000e+00 6.441383056640625000e+02 -2.113320691162977605e-01 9.774143218528283938e-01 -0.000000000000000000e+00 -5.750736999511718750e+01 -0.000000000000000000e+00 0.000000000000000000e+00 1.000000000000000000e+00 0.000000000000000000e+00
9.768393991616080019e-01 2.139738027086230121e-01 0.000000000000000000e+00 6.468884887695312500e+02 -2.139738027086230121e-01 9.768393991616080019e-01 -0.000000000000000000e+00 -5.829446792602539062e+01 -0.000000000000000000e+00 0.000000000000000000e+00 1.000000000000000000e+00 0.000000000000000000e+00
9.762919523207465033e-01 2.164579031445728052e-01 0.000000000000000000e+00 6.496574096679687500e+02 -2.164579031445728052e-01 9.762919523207465033e-01 -0.000000000000000000e+00 -5.911240386962890625e+01 -0.000000000000000000e+00 0.000000000000000000e+00 1.000000000000000000e+00 0.000000000000000000e+00
9.756752707941381830e-01 2.192208155280541138e-01 0.000000000000000000e+00 6.524867553710937500e+02 -2.192208155280541138e-01 9.756752707941381830e-01 -0.000000000000000000e+00 -5.990194320678710938e+01 -0.000000000000000000e+00 0.000000000000000000e+00 1.000000000000000000e+00 0.000000000000000000e+00
9.749076211196393560e-01 2.226098162320020168e-01 0.000000000000000000e+00 6.553383789062500000e+02 -2.226098162320020168e-01 9.749076211196393560e-01 -0.000000000000000000e+00 -6.061601257324218750e+01 -0.000000000000000000e+00 0.000000000000000000e+00 1.000000000000000000e+00 0.000000000000000000e+00
9.727673800737320908e-01 2.317835720332378502e-01 0.000000000000000000e+00 6.610472412109375000e+02 -2.317835720332378502e-01 9.727673800737320908e-01 -0.000000000000000000e+00 -6.179507827758789062e+01 -0.000000000000000000e+00 0.000000000000000000e+00 1.000000000000000000e+00 0.000000000000000000e+00
9.727673800737320908e-01 2.317835720332378502e-01 0.000000000000000000e+00 6.610472412109375000e+02 -2.317835720332378502e-01 9.727673800737320908e-01 -0.000000000000000000e+00 -6.179507827758789062e+01 -0.000000000000000000e+00 0.000000000000000000e+00 1.000000000000000000e+00 0.000000000000000000e+00
9.717232839709420977e-01 2.361225516309864159e-01 0.000000000000000000e+00 6.638966674804687500e+02 -2.361225516309864159e-01 9.717232839709420977e-01 -0.000000000000000000e+00 -6.244504928588867188e+01 -0.000000000000000000e+00 0.000000000000000000e+00 1.000000000000000000e+00 0.000000000000000000e+00
9.707099513116315137e-01 2.402544285222856790e-01 0.000000000000000000e+00 6.662135009765625000e+02 -2.402544285222856790e-01 9.707099513116315137e-01 -0.000000000000000000e+00 -6.293144607543945312e+01 -0.000000000000000000e+00 0.000000000000000000e+00 1.000000000000000000e+00 0.000000000000000000e+00
9.696292746314140176e-01 2.445793731649461289e-01 0.000000000000000000e+00 6.678749389648437500e+02 -2.445793731649461289e-01 9.696292746314140176e-01 -0.000000000000000000e+00 -6.316292572021484375e+01 -0.000000000000000000e+00 0.000000000000000000e+00 1.000000000000000000e+00 0.000000000000000000e+00
9.688810675188105348e-01 2.475267197770982253e-01 0.000000000000000000e+00 6.706976318359375000e+02 -2.475267197770982253e-01 9.688810675188105348e-01 -0.000000000000000000e+00 -6.404605102539062500e+01 -0.000000000000000000e+00 0.000000000000000000e+00 1.000000000000000000e+00 0.000000000000000000e+00
9.680555036492820564e-01 2.507360003157400041e-01 0.000000000000000000e+00 6.736069946289062500e+02 -2.507360003157400041e-01 9.680555036492820564e-01 -0.000000000000000000e+00 -6.491781616210937500e+01 -0.000000000000000000e+00 0.000000000000000000e+00 1.000000000000000000e+00 0.000000000000000000e+00
9.671458583761185501e-01 2.542221245799052287e-01 0.000000000000000000e+00 6.766024780273437500e+02 -2.542221245799052287e-01 9.671458583761185501e-01 -0.000000000000000000e+00 -6.578002166748046875e+01 -0.000000000000000000e+00 0.000000000000000000e+00 1.000000000000000000e+00 0.000000000000000000e+00
9.662246142295152218e-01 2.577013675885800881e-01 0.000000000000000000e+00 6.793995361328125000e+02 -2.577013675885800881e-01 9.662246142295152218e-01 -0.000000000000000000e+00 -6.656233978271484375e+01 -0.000000000000000000e+00 0.000000000000000000e+00 1.000000000000000000e+00 0.000000000000000000e+00
9.652170219266396067e-01 2.614499963340390365e-01 0.000000000000000000e+00 6.823533935546875000e+02 -2.614499963340390365e-01 9.652170219266396067e-01 -0.000000000000000000e+00 -6.737812042236328125e+01 -0.000000000000000000e+00 0.000000000000000000e+00 1.000000000000000000e+00 0.000000000000000000e+00
9.641481487305615383e-01 2.653645554693221387e-01 0.000000000000000000e+00 6.853800048828125000e+02 -2.653645554693221387e-01 9.641481487305615383e-01 -0.000000000000000000e+00 -6.821630096435546875e+01 -0.000000000000000000e+00 0.000000000000000000e+00 1.000000000000000000e+00 0.000000000000000000e+00
9.630947003562867481e-01 2.691627725849812247e-01 0.000000000000000000e+00 6.883995361328125000e+02 -2.691627725849812247e-01 9.630947003562867481e-01 -0.000000000000000000e+00 -6.908288574218750000e+01 -0.000000000000000000e+00 0.000000000000000000e+00 1.000000000000000000e+00 0.000000000000000000e+00
9.619652006148129431e-01 2.731720205403596613e-01 0.000000000000000000e+00 6.914263916015625000e+02 -2.731720205403596613e-01 9.619652006148129431e-01 -0.000000000000000000e+00 -6.993283843994140625e+01 -0.000000000000000000e+00 0.000000000000000000e+00 1.000000000000000000e+00 0.000000000000000000e+00
9.608090980200981734e-01 2.772108893276116759e-01 0.000000000000000000e+00 6.944082031250000000e+02 -2.772108893276116759e-01 9.608090980200981734e-01 -0.000000000000000000e+00 -7.077707672119140625e+01 -0.000000000000000000e+00 0.000000000000000000e+00 1.000000000000000000e+00 0.000000000000000000e+00
9.583338922824836681e-01 2.856503997944076501e-01 0.000000000000000000e+00 7.004364013671875000e+02 -2.856503997944076501e-01 9.583338922824836681e-01 -0.000000000000000000e+00 -7.250516510009765625e+01 -0.000000000000000000e+00 0.000000000000000000e+00 1.000000000000000000e+00 0.000000000000000000e+00
9.583338922824836681e-01 2.856503997944076501e-01 0.000000000000000000e+00 7.004364013671875000e+02 -2.856503997944076501e-01 9.583338922824836681e-01 -0.000000000000000000e+00 -7.250516510009765625e+01 -0.000000000000000000e+00 0.000000000000000000e+00 1.000000000000000000e+00 0.000000000000000000e+00
9.570920490507646150e-01 2.897840741721476876e-01 0.000000000000000000e+00 7.034556274414062500e+02 -2.897840741721476876e-01 9.570920490507646150e-01 -0.000000000000000000e+00 -7.340640258789062500e+01 -0.000000000000000000e+00 0.000000000000000000e+00 1.000000000000000000e+00 0.000000000000000000e+00
9.558100033115031202e-01 2.939850975298992086e-01 0.000000000000000000e+00 7.064667968750000000e+02 -2.939850975298992086e-01 9.558100033115031202e-01 -0.000000000000000000e+00 -7.430816650390625000e+01 -0.000000000000000000e+00 0.000000000000000000e+00 1.000000000000000000e+00 0.000000000000000000e+00
9.544882666767602331e-01 2.982484681878412314e-01 0.000000000000000000e+00 7.094790039062500000e+02 -2.982484681878412314e-01 9.544882666767602331e-01 -0.000000000000000000e+00 -7.522312164306640625e+01 -0.000000000000000000e+00 0.000000000000000000e+00 1.000000000000000000e+00 0.000000000000000000e+00
9.531829815609761392e-01 3.023941197552093563e-01 0.000000000000000000e+00 7.124937744140625000e+02 -3.023941197552093563e-01 9.531829815609761392e-01 -0.000000000000000000e+00 -7.616668701171875000e+01 -0.000000000000000000e+00 0.000000000000000000e+00 1.000000000000000000e+00 0.000000000000000000e+00
9.518640689967536872e-01 3.065204628616877702e-01 0.000000000000000000e+00 7.155258789062500000e+02 -3.065204628616877702e-01 9.518640689967536872e-01 -0.000000000000000000e+00 -7.713941955566406250e+01 -0.000000000000000000e+00 0.000000000000000000e+00 1.000000000000000000e+00 0.000000000000000000e+00
9.505770308597547569e-01 3.104888217019298735e-01 0.000000000000000000e+00 7.185151977539062500e+02 -3.104888217019298735e-01 9.505770308597547569e-01 -0.000000000000000000e+00 -7.812311553955078125e+01 -0.000000000000000000e+00 0.000000000000000000e+00 1.000000000000000000e+00 0.000000000000000000e+00
9.493437394151538200e-01 3.142395017073004726e-01 0.000000000000000000e+00 7.214829711914062500e+02 -3.142395017073004726e-01 9.493437394151538200e-01 -0.000000000000000000e+00 -7.912487030029296875e+01 -0.000000000000000000e+00 0.000000000000000000e+00 1.000000000000000000e+00 0.000000000000000000e+00
9.481003416819061558e-01 3.179712913183402878e-01 0.000000000000000000e+00 7.244616088867187500e+02 -3.179712913183402878e-01 9.481003416819061558e-01 -0.000000000000000000e+00 -8.012448883056640625e+01 -0.000000000000000000e+00 0.000000000000000000e+00 1.000000000000000000e+00 0.000000000000000000e+00
9.468770002279494058e-01 3.215959366026253652e-01 0.000000000000000000e+00 7.274245605468750000e+02 -3.215959366026253652e-01 9.468770002279494058e-01 -0.000000000000000000e+00 -8.112742614746093750e+01 -0.000000000000000000e+00 0.000000000000000000e+00 1.000000000000000000e+00 0.000000000000000000e+00
9.456639062292409026e-01 3.251457772373084754e-01 0.000000000000000000e+00 7.303716430664062500e+02 -3.251457772373084754e-01 9.456639062292409026e-01 -0.000000000000000000e+00 -8.212255096435546875e+01 -0.000000000000000000e+00 0.000000000000000000e+00 1.000000000000000000e+00 0.000000000000000000e+00
9.450026402175754070e-01 3.270627003829874035e-01 0.000000000000000000e+00 7.318875122070312500e+02 -3.270627003829874035e-01 9.450026402175754070e-01 -0.000000000000000000e+00 -8.272927093505859375e+01 -0.000000000000000000e+00 0.000000000000000000e+00 1.000000000000000000e+00 0.000000000000000000e+00
9.439903881537696773e-01 3.299729490023315392e-01 0.000000000000000000e+00 7.348019409179687500e+02 -3.299729490023315392e-01 9.439903881537696773e-01 -0.000000000000000000e+00 -8.382769775390625000e+01 -0.000000000000000000e+00 0.000000000000000000e+00 1.000000000000000000e+00 0.000000000000000000e+00
9.428889377341869160e-01 3.331072666551970762e-01 0.000000000000000000e+00 7.377806396484375000e+02 -3.331072666551970762e-01 9.428889377341869160e-01 -0.000000000000000000e+00 -8.486209869384765625e+01 -0.000000000000000000e+00 0.000000000000000000e+00 1.000000000000000000e+00 0.000000000000000000e+00
9.418662085992703936e-01 3.359881621409235852e-01 0.000000000000000000e+00 7.407910766601562500e+02 -3.359881621409235852e-01 9.418662085992703936e-01 -0.000000000000000000e+00 -8.593422698974609375e+01 -0.000000000000000000e+00 0.000000000000000000e+00 1.000000000000000000e+00 0.000000000000000000e+00
9.408049346830867909e-01 3.389484841033409968e-01 0.000000000000000000e+00 7.438519897460937500e+02 -3.389484841033409968e-01 9.408049346830867909e-01 -0.000000000000000000e+00 -8.701828002929687500e+01 -0.000000000000000000e+00 0.000000000000000000e+00 1.000000000000000000e+00 0.000000000000000000e+00
9.397795972417207766e-01 3.417810828705840076e-01 0.000000000000000000e+00 7.469546508789062500e+02 -3.417810828705840076e-01 9.397795972417207766e-01 -0.000000000000000000e+00 -8.813173675537109375e+01 -0.000000000000000000e+00 0.000000000000000000e+00 1.000000000000000000e+00 0.000000000000000000e+00
9.387728180041039483e-01 3.445367849397702464e-01 0.000000000000000000e+00 7.500675659179687500e+02 -3.445367849397702464e-01 9.387728180041039483e-01 -0.000000000000000000e+00 -8.925822448730468750e+01 -0.000000000000000000e+00 0.000000000000000000e+00 1.000000000000000000e+00 0.000000000000000000e+00
9.378532288023141428e-01 3.470321616580720470e-01 0.000000000000000000e+00 7.530914916992187500e+02 -3.470321616580720470e-01 9.378532288023141428e-01 -0.000000000000000000e+00 -9.039064788818359375e+01 -0.000000000000000000e+00 0.000000000000000000e+00 1.000000000000000000e+00 0.000000000000000000e+00
9.368594654718582770e-01 3.497060793806477941e-01 0.000000000000000000e+00 7.561224365234375000e+02 -3.497060793806477941e-01 9.368594654718582770e-01 -0.000000000000000000e+00 -9.151003265380859375e+01 -0.000000000000000000e+00 0.000000000000000000e+00 1.000000000000000000e+00 0.000000000000000000e+00
9.359407416800404889e-01 3.521575330209700816e-01 0.000000000000000000e+00 7.590854492187500000e+02 -3.521575330209700816e-01 9.359407416800404889e-01 -0.000000000000000000e+00 -9.264312744140625000e+01 -0.000000000000000000e+00 0.000000000000000000e+00 1.000000000000000000e+00 0.000000000000000000e+00
9.350048539749272747e-01 3.546349151498269792e-01 0.000000000000000000e+00 7.620061035156250000e+02 -3.546349151498269792e-01 9.350048539749272747e-01 -0.000000000000000000e+00 -9.375904846191406250e+01 -0.000000000000000000e+00 0.000000000000000000e+00 1.000000000000000000e+00 0.000000000000000000e+00
9.341494371580107980e-01 3.568820940554058851e-01 0.000000000000000000e+00 7.647653198242187500e+02 -3.568820940554058851e-01 9.341494371580107980e-01 -0.000000000000000000e+00 -9.488259887695312500e+01 -0.000000000000000000e+00 0.000000000000000000e+00 1.000000000000000000e+00 0.000000000000000000e+00
9.332628673077479897e-01 3.591941264894523700e-01 0.000000000000000000e+00 7.675706787109375000e+02 -3.591941264894523700e-01 9.332628673077479897e-01 -0.000000000000000000e+00 -9.602076721191406250e+01 -0.000000000000000000e+00 0.000000000000000000e+00 1.000000000000000000e+00 0.000000000000000000e+00
9.323443868741315699e-01 3.615714926045742739e-01 0.000000000000000000e+00 7.704429931640625000e+02 -3.615714926045742739e-01 9.323443868741315699e-01 -0.000000000000000000e+00 -9.718141174316406250e+01 -0.000000000000000000e+00 0.000000000000000000e+00 1.000000000000000000e+00 0.000000000000000000e+00
9.313970758561875840e-01 3.640047899225271610e-01 0.000000000000000000e+00 7.733410034179687500e+02 -3.640047899225271610e-01 9.313970758561875840e-01 -0.000000000000000000e+00 -9.835554504394531250e+01 -0.000000000000000000e+00 0.000000000000000000e+00 1.000000000000000000e+00 0.000000000000000000e+00
9.304736176215739896e-01 3.663589045051598991e-01 0.000000000000000000e+00 7.762587890625000000e+02 -3.663589045051598991e-01 9.304736176215739896e-01 -0.000000000000000000e+00 -9.954477691650390625e+01 -0.000000000000000000e+00 0.000000000000000000e+00 1.000000000000000000e+00 0.000000000000000000e+00
9.295429379710762330e-01 3.687138815777076251e-01 0.000000000000000000e+00 7.791604614257812500e+02 -3.687138815777076251e-01 9.295429379710762330e-01 -0.000000000000000000e+00 -1.007376556396484375e+02 -0.000000000000000000e+00 0.000000000000000000e+00 1.000000000000000000e+00 0.000000000000000000e+00
9.286026133605049804e-01 3.710757152658207270e-01 0.000000000000000000e+00 7.820595703125000000e+02 -3.710757152658207270e-01 9.286026133605049804e-01 -0.000000000000000000e+00 -1.019288024902343750e+02 -0.000000000000000000e+00 0.000000000000000000e+00 1.000000000000000000e+00 0.000000000000000000e+00
9.276684564230972541e-01 3.734049209070336439e-01 0.000000000000000000e+00 7.849381713867187500e+02 -3.734049209070336439e-01 9.276684564230972541e-01 -0.000000000000000000e+00 -1.031100234985351562e+02 -0.000000000000000000e+00 0.000000000000000000e+00 1.000000000000000000e+00 0.000000000000000000e+00
9.268267791858413318e-01 3.754891761209630530e-01 0.000000000000000000e+00 7.878032836914062500e+02 -3.754891761209630530e-01 9.268267791858413318e-01 -0.000000000000000000e+00 -1.043068313598632812e+02 -0.000000000000000000e+00 0.000000000000000000e+00 1.000000000000000000e+00 0.000000000000000000e+00
9.260376105568339788e-01 3.774312438500416755e-01 0.000000000000000000e+00 7.906668090820312500e+02 -3.774312438500416755e-01 9.260376105568339788e-01 -0.000000000000000000e+00 -1.055080795288085938e+02 -0.000000000000000000e+00 0.000000000000000000e+00 1.000000000000000000e+00 0.000000000000000000e+00
9.253143647087518353e-01 3.792009051461231461e-01 0.000000000000000000e+00 7.935217895507812500e+02 -3.792009051461231461e-01 9.253143647087518353e-01 -0.000000000000000000e+00 -1.067150497436523438e+02 -0.000000000000000000e+00 0.000000000000000000e+00 1.000000000000000000e+00 0.000000000000000000e+00
9.253405618203457417e-01 3.791369734673827874e-01 0.000000000000000000e+00 7.951500854492187500e+02 -3.791369734673827874e-01 9.253405618203457417e-01 -0.000000000000000000e+00 -1.075968246459960938e+02 -0.000000000000000000e+00 0.000000000000000000e+00 1.000000000000000000e+00 0.000000000000000000e+00
9.247920078095518415e-01 3.804730506771508147e-01 0.000000000000000000e+00 7.980339965820312500e+02 -3.804730506771508147e-01 9.247920078095518415e-01 -0.000000000000000000e+00 -1.088202209472656250e+02 -0.000000000000000000e+00 0.000000000000000000e+00 1.000000000000000000e+00 0.000000000000000000e+00
9.244028518643914172e-01 3.814175762402410297e-01 0.000000000000000000e+00 8.009454956054687500e+02 -3.814175762402410297e-01 9.244028518643914172e-01 -0.000000000000000000e+00 -1.100871810913085938e+02 -0.000000000000000000e+00 0.000000000000000000e+00 1.000000000000000000e+00 0.000000000000000000e+00
9.242636335006405579e-01 3.817548110871605838e-01 0.000000000000000000e+00 8.038661499023437500e+02 -3.817548110871605838e-01 9.242636335006405579e-01 -0.000000000000000000e+00 -1.114272079467773438e+02 -0.000000000000000000e+00 0.000000000000000000e+00 1.000000000000000000e+00 0.000000000000000000e+00
9.239519670640775617e-01 3.825085130535288425e-01 0.000000000000000000e+00 8.080327148437500000e+02 -3.825085130535288425e-01 9.239519670640775617e-01 -0.000000000000000000e+00 -1.134404907226562500e+02 -0.000000000000000000e+00 0.000000000000000000e+00 1.000000000000000000e+00 0.000000000000000000e+00
9.241515326645557415e-01 3.820261047019595235e-01 0.000000000000000000e+00 8.105738525390625000e+02 -3.820261047019595235e-01 9.241515326645557415e-01 -0.000000000000000000e+00 -1.147430038452148438e+02 -0.000000000000000000e+00 0.000000000000000000e+00 1.000000000000000000e+00 0.000000000000000000e+00
9.242727157407895078e-01 3.817328214041146861e-01 0.000000000000000000e+00 8.133197021484375000e+02 -3.817328214041146861e-01 9.242727157407895078e-01 -0.000000000000000000e+00 -1.160396575927734375e+02 -0.000000000000000000e+00 0.000000000000000000e+00 1.000000000000000000e+00 0.000000000000000000e+00
9.244752723099958214e-01 3.812420109161097082e-01 0.000000000000000000e+00 8.160872192382812500e+02 -3.812420109161097082e-01 9.244752723099958214e-01 -0.000000000000000000e+00 -1.173548507690429688e+02 -0.000000000000000000e+00 0.000000000000000000e+00 1.000000000000000000e+00 0.000000000000000000e+00
9.246837261549013531e-01 3.807361377440910966e-01 0.000000000000000000e+00 8.189295043945312500e+02 -3.807361377440910966e-01 9.246837261549013531e-01 -0.000000000000000000e+00 -1.186884536743164062e+02 -0.000000000000000000e+00 0.000000000000000000e+00 1.000000000000000000e+00 0.000000000000000000e+00
9.243672996088849736e-01 3.815037292265670565e-01 0.000000000000000000e+00 8.205083618164062500e+02 -3.815037292265670565e-01 9.243672996088849736e-01 -0.000000000000000000e+00 -1.192580337524414062e+02 -0.000000000000000000e+00 0.000000000000000000e+00 1.000000000000000000e+00 0.000000000000000000e+00
9.245324223128292829e-01 3.811033981642938939e-01 0.000000000000000000e+00 8.232641601562500000e+02 -3.811033981642938939e-01 9.245324223128292829e-01 -0.000000000000000000e+00 -1.205044403076171875e+02 -0.000000000000000000e+00 0.000000000000000000e+00 1.000000000000000000e+00 0.000000000000000000e+00
9.246158219545479451e-01 3.809010131140578848e-01 0.000000000000000000e+00 8.260856323242187500e+02 -3.809010131140578848e-01 9.246158219545479451e-01 -0.000000000000000000e+00 -1.217189254760742188e+02 -0.000000000000000000e+00 0.000000000000000000e+00 1.000000000000000000e+00 0.000000000000000000e+00
9.245911698661505307e-01 3.809608491768454730e-01 0.000000000000000000e+00 8.289789428710937500e+02 -3.809608491768454730e-01 9.245911698661505307e-01 -0.000000000000000000e+00 -1.229733200073242188e+02 -0.000000000000000000e+00 0.000000000000000000e+00 1.000000000000000000e+00 0.000000000000000000e+00
9.245827087958939927e-01 3.809813835289684869e-01 0.000000000000000000e+00 8.319103393554687500e+02 -3.809813835289684869e-01 9.245827087958939927e-01 -0.000000000000000000e+00 -1.242610015869140625e+02 -0.000000000000000000e+00 0.000000000000000000e+00 1.000000000000000000e+00 0.000000000000000000e+00
9.245273264019162607e-01 3.811157602830466118e-01 0.000000000000000000e+00 8.348926391601562500e+02 -3.811157602830466118e-01 9.245273264019162607e-01 -0.000000000000000000e+00 -1.255799179077148438e+02 -0.000000000000000000e+00 0.000000000000000000e+00 1.000000000000000000e+00 0.000000000000000000e+00
9.244635003156989050e-01 3.812705556216552938e-01 0.000000000000000000e+00 8.379115600585937500e+02 -3.812705556216552938e-01 9.244635003156989050e-01 -0.000000000000000000e+00 -1.269288024902343750e+02 -0.000000000000000000e+00 0.000000000000000000e+00 1.000000000000000000e+00 0.000000000000000000e+00
9.245023710061115452e-01 3.811762925525118972e-01 0.000000000000000000e+00 8.409646606445312500e+02 -3.811762925525118972e-01 9.245023710061115452e-01 -0.000000000000000000e+00 -1.283238830566406250e+02 -0.000000000000000000e+00 0.000000000000000000e+00 1.000000000000000000e+00 0.000000000000000000e+00
9.244158259026877822e-01 3.813861308708689224e-01 0.000000000000000000e+00 8.440328979492187500e+02 -3.813861308708689224e-01 9.244158259026877822e-01 -0.000000000000000000e+00 -1.297140045166015625e+02 -0.000000000000000000e+00 0.000000000000000000e+00 1.000000000000000000e+00 0.000000000000000000e+00
9.240671175751697941e-01 3.822302476470397226e-01 0.000000000000000000e+00 8.460575561523437500e+02 -3.822302476470397226e-01 9.240671175751697941e-01 -0.000000000000000000e+00 -1.305930633544921875e+02 -0.000000000000000000e+00 0.000000000000000000e+00 1.000000000000000000e+00 0.000000000000000000e+00
9.239106881983666364e-01 3.826082072209384677e-01 0.000000000000000000e+00 8.488919677734375000e+02 -3.826082072209384677e-01 9.239106881983666364e-01 -0.000000000000000000e+00 -1.318967895507812500e+02 -0.000000000000000000e+00 0.000000000000000000e+00 1.000000000000000000e+00 0.000000000000000000e+00
9.238579689640415982e-01 3.827354872253630469e-01 0.000000000000000000e+00 8.517541503906250000e+02 -3.827354872253630469e-01 9.238579689640415982e-01 -0.000000000000000000e+00 -1.332340393066406250e+02 -0.000000000000000000e+00 0.000000000000000000e+00 1.000000000000000000e+00 0.000000000000000000e+00
9.238096858416435797e-01 3.828520136360311632e-01 0.000000000000000000e+00 8.567801513671875000e+02 -3.828520136360311632e-01 9.238096858416435797e-01 -0.000000000000000000e+00 -1.356267395019531250e+02 -0.000000000000000000e+00 0.000000000000000000e+00 1.000000000000000000e+00 0.000000000000000000e+00
9.238096858416435797e-01 3.828520136360311632e-01 0.000000000000000000e+00 8.567801513671875000e+02 -3.828520136360311632e-01 9.238096858416435797e-01 -0.000000000000000000e+00 -1.356267395019531250e+02 -0.000000000000000000e+00 0.000000000000000000e+00 1.000000000000000000e+00 0.000000000000000000e+00
9.241090125062201288e-01 3.821289481376393682e-01 0.000000000000000000e+00 8.591263427734375000e+02 -3.821289481376393682e-01 9.241090125062201288e-01 -0.000000000000000000e+00 -1.368084869384765625e+02 -0.000000000000000000e+00 0.000000000000000000e+00 1.000000000000000000e+00 0.000000000000000000e+00
9.264582468724338327e-01 3.763975515356820511e-01 0.000000000000000000e+00 8.598417358398437500e+02 -3.763975515356820511e-01 9.264582468724338327e-01 -0.000000000000000000e+00 -1.375527343750000000e+02 -0.000000000000000000e+00 0.000000000000000000e+00 1.000000000000000000e+00 0.000000000000000000e+00
9.278296678854239810e-01 3.730041653810636237e-01 0.000000000000000000e+00 8.601810913085937500e+02 -3.730041653810636237e-01 9.278296678854239810e-01 -0.000000000000000000e+00 -1.379571533203125000e+02 -0.000000000000000000e+00 0.000000000000000000e+00 1.000000000000000000e+00 0.000000000000000000e+00
9.283570104050138383e-01 3.716897378619230530e-01 0.000000000000000000e+00 8.608038940429687500e+02 -3.716897378619230530e-01 9.283570104050138383e-01 -0.000000000000000000e+00 -1.383336639404296875e+02 -0.000000000000000000e+00 0.000000000000000000e+00 1.000000000000000000e+00 0.000000000000000000e+00
9.283596241821103767e-01 3.716832094518809915e-01 0.000000000000000000e+00 8.621406250000000000e+02 -3.716832094518809915e-01 9.283596241821103767e-01 -0.000000000000000000e+00 -1.389446105957031250e+02 -0.000000000000000000e+00 0.000000000000000000e+00 1.000000000000000000e+00 0.000000000000000000e+00
9.283188804712947384e-01 3.717849595673847762e-01 0.000000000000000000e+00 8.630950927734375000e+02 -3.717849595673847762e-01 9.283188804712947384e-01 -0.000000000000000000e+00 -1.394067993164062500e+02 -0.000000000000000000e+00 0.000000000000000000e+00 1.000000000000000000e+00 0.000000000000000000e+00
9.284489255807885089e-01 3.714600820921132307e-01 0.000000000000000000e+00 8.645722045898437500e+02 -3.714600820921132307e-01 9.284489255807885089e-01 -0.000000000000000000e+00 -1.400986785888671875e+02 -0.000000000000000000e+00 0.000000000000000000e+00 1.000000000000000000e+00 0.000000000000000000e+00
9.282421710979033014e-01 3.719764398392065852e-01 0.000000000000000000e+00 8.665122680664062500e+02 -3.719764398392065852e-01 9.282421710979033014e-01 -0.000000000000000000e+00 -1.409423217773437500e+02 -0.000000000000000000e+00 0.000000000000000000e+00 1.000000000000000000e+00 0.000000000000000000e+00
9.279975318513833393e-01 3.725863401652573237e-01 0.000000000000000000e+00 8.685703125000000000e+02 -3.725863401652573237e-01 9.279975318513833393e-01 -0.000000000000000000e+00 -1.418175201416015625e+02 -0.000000000000000000e+00 0.000000000000000000e+00 1.000000000000000000e+00 0.000000000000000000e+00
9.277807393781127843e-01 3.731258495990358304e-01 0.000000000000000000e+00 8.707527465820312500e+02 -3.731258495990358304e-01 9.277807393781127843e-01 -0.000000000000000000e+00 -1.427550811767578125e+02 -0.000000000000000000e+00 0.000000000000000000e+00 1.000000000000000000e+00 0.000000000000000000e+00
9.276236428018865832e-01 3.735162343392292028e-01 0.000000000000000000e+00 8.730597534179687500e+02 -3.735162343392292028e-01 9.276236428018865832e-01 -0.000000000000000000e+00 -1.437560882568359375e+02 -0.000000000000000000e+00 0.000000000000000000e+00 1.000000000000000000e+00 0.000000000000000000e+00
9.274281706590096208e-01 3.740013212116810037e-01 0.000000000000000000e+00 8.755074462890625000e+02 -3.740013212116810037e-01 9.274281706590096208e-01 -0.000000000000000000e+00 -1.448073883056640625e+02 -0.000000000000000000e+00 0.000000000000000000e+00 1.000000000000000000e+00 0.000000000000000000e+00
9.273394700484715036e-01 3.742212010164844838e-01 0.000000000000000000e+00 8.780717773437500000e+02 -3.742212010164844838e-01 9.273394700484715036e-01 -0.000000000000000000e+00 -1.459519042968750000e+02 -0.000000000000000000e+00 0.000000000000000000e+00 1.000000000000000000e+00 0.000000000000000000e+00
9.273296167422678815e-01 3.742456170920889225e-01 0.000000000000000000e+00 8.807589111328125000e+02 -3.742456170920889225e-01 9.273296167422678815e-01 -0.000000000000000000e+00 -1.471774139404296875e+02 -0.000000000000000000e+00 0.000000000000000000e+00 1.000000000000000000e+00 0.000000000000000000e+00
9.272477202247523254e-01 3.744484815538705602e-01 0.000000000000000000e+00 8.819368896484375000e+02 -3.744484815538705602e-01 9.272477202247523254e-01 -0.000000000000000000e+00 -1.477525787353515625e+02 -0.000000000000000000e+00 0.000000000000000000e+00 1.000000000000000000e+00 0.000000000000000000e+00
9.268987425594094054e-01 3.753114986804770292e-01 0.000000000000000000e+00 8.846447143554687500e+02 -3.753114986804770292e-01 9.268987425594094054e-01 -0.000000000000000000e+00 -1.488484039306640625e+02 -0.000000000000000000e+00 0.000000000000000000e+00 1.000000000000000000e+00 0.000000000000000000e+00
9.270543818396708158e-01 3.749268903557942401e-01 0.000000000000000000e+00 8.844133911132812500e+02 -3.749268903557942401e-01 9.270543818396708158e-01 -0.000000000000000000e+00 -1.488925628662109375e+02 -0.000000000000000000e+00 0.000000000000000000e+00 1.000000000000000000e+00 0.000000000000000000e+00
9.270543818396708158e-01 3.749268903557942401e-01 0.000000000000000000e+00 8.844133911132812500e+02 -3.749268903557942401e-01 9.270543818396708158e-01 -0.000000000000000000e+00 -1.488925628662109375e+02 -0.000000000000000000e+00 0.000000000000000000e+00 1.000000000000000000e+00 0.000000000000000000e+00
