9.929861583736463437e-01 1.182306613292331415e-01 0.000000000000000000e+00 0.000000000000000000e+00 -1.182306613292331415e-01 9.929861583736463437e-01 -0.000000000000000000e+00 0.000000000000000000e+00 -0.000000000000000000e+00 0.000000000000000000e+00 1.000000000000000000e+00 0.000000000000000000e+00
9.929861580373543495e-01 1.182306641536549907e-01 0.000000000000000000e+00 0.000000000000000000e+00 -1.182306641536549907e-01 9.929861580373543495e-01 -0.000000000000000000e+00 0.000000000000000000e+00 -0.000000000000000000e+00 0.000000000000000000e+00 1.000000000000000000e+00 0.000000000000000000e+00
9.928618028181874777e-01 1.192704510958964848e-01 0.000000000000000000e+00 2.991691589355468750e+00 -1.192704510958964848e-01 9.928618028181874777e-01 -0.000000000000000000e+00 -2.978186905384063721e-01 -0.000000000000000000e+00 0.000000000000000000e+00 1.000000000000000000e+00 0.000000000000000000e+00
9.927573413774571920e-01 1.201368433960328386e-01 0.000000000000000000e+00 5.984060287475585938e+00 -1.201368433960328386e-01 9.927573413774571920e-01 -0.000000000000000000e+00 -5.880535840988159180e-01 -0.000000000000000000e+00 0.000000000000000000e+00 1.000000000000000000e+00 0.000000000000000000e+00
9.927782942984720860e-01 1.199635710114378834e-01 0.000000000000000000e+00 8.976613998413085938e+00 -1.199635710114378834e-01 9.927782942984720860e-01 -0.000000000000000000e+00 -1.018161535263061523e+00 -0.000000000000000000e+00 0.000000000000000000e+00 1.000000000000000000e+00 0.000000000000000000e+00
9.927782942984720860e-01 1.199635710114378834e-01 0.000000000000000000e+00 1.197258472442626953e+01 -1.199635710114378834e-01 9.927782942984720860e-01 -0.000000000000000000e+00 -1.270503401756286621e+00 -0.000000000000000000e+00 0.000000000000000000e+00 1.000000000000000000e+00 0.000000000000000000e+00
9.925461519124016974e-01 1.218693411973812007e-01 0.000000000000000000e+00 1.507591915130615234e+01 -1.218693411973812007e-01 9.925461519124016974e-01 -0.000000000000000000e+00 -1.608767390251159668e+00 -0.000000000000000000e+00 0.000000000000000000e+00 1.000000000000000000e+00 0.000000000000000000e+00
9.923103501295382767e-01 1.237746703723875130e-01 0.000000000000000000e+00 1.805956649780273438e+01 -1.237746703723875130e-01 9.923103501295382767e-01 -0.000000000000000000e+00 -2.129779100418090820e+00 -0.000000000000000000e+00 0.000000000000000000e+00 1.000000000000000000e+00 0.000000000000000000e+00
9.919166036980211487e-01 1.268914942310272187e-01 0.000000000000000000e+00 2.104179954528808594e+01 -1.268914942310272187e-01 9.919166036980211487e-01 -0.000000000000000000e+00 -2.518442153930664062e+00 -0.000000000000000000e+00 0.000000000000000000e+00 1.000000000000000000e+00 0.000000000000000000e+00
9.922454066295061104e-01 1.242942195866168081e-01 0.000000000000000000e+00 2.404924964904785156e+01 -1.242942195866168081e-01 9.922454066295061104e-01 -0.000000000000000000e+00 -2.657174348831176758e+00 -0.000000000000000000e+00 0.000000000000000000e+00 1.000000000000000000e+00 0.000000000000000000e+00
9.921801899058582119e-01 1.248137442687109327e-01 0.000000000000000000e+00 2.704294967651367188e+01 -1.248137442687109327e-01 9.921801899058582119e-01 -0.000000000000000000e+00 -2.932229995727539062e+00 -0.000000000000000000e+00 0.000000000000000000e+00 1.000000000000000000e+00 0.000000000000000000e+00
9.922236972567596291e-01 1.244674037735427896e-01 0.000000000000000000e+00 2.992504882812500000e+01 -1.244674037735427896e-01 9.922236972567596291e-01 -0.000000000000000000e+00 -3.166836261749267578e+00 -0.000000000000000000e+00 0.000000000000000000e+00 1.000000000000000000e+00 0.000000000000000000e+00
9.893232660556411373e-01 1.457376932745919618e-01 0.000000000000000000e+00 3.281795883178710938e+01 -1.457376932745919618e-01 9.893232660556411373e-01 -0.000000000000000000e+00 -4.349740982055664062e+00 -0.000000000000000000e+00 0.000000000000000000e+00 1.000000000000000000e+00 0.000000000000000000e+00
9.907004064408919675e-01 1.360614003964807084e-01 0.000000000000000000e+00 3.574794199401105743e+01 -1.360614003964807084e-01 9.907004064408919675e-01 -0.000000000000000000e+00 -4.176090816789837845e+00 -0.000000000000000000e+00 0.000000000000000000e+00 1.000000000000000000e+00 0.000000000000000000e+00
9.902923438790923738e-01 1.390002649438245308e-01 0.000000000000000000e+00 3.861396789550781250e+01 -1.390002649438245308e-01 9.902923438790923738e-01 -0.000000000000000000e+00 -4.554423809051513672e+00 -0.000000000000000000e+00 0.000000000000000000e+00 1.000000000000000000e+00 0.000000000000000000e+00
9.902316000837546595e-01 1.394323427170573448e-01 0.000000000000000000e+00 4.143261337280273438e+01 -1.394323427170573448e-01 9.902316000837546595e-01 -0.000000000000000000e+00 -4.914460182189941406e+00 -0.000000000000000000e+00 0.000000000000000000e+00 1.000000000000000000e+00 0.000000000000000000e+00
9.901706668165716207e-01 1.398644006744597934e-01 0.000000000000000000e+00 4.425125503540039062e+01 -1.398644006744597934e-01 9.901706668165716207e-01 -0.000000000000000000e+00 -5.274494171142578125e+00 -0.000000000000000000e+00 0.000000000000000000e+00 1.000000000000000000e+00 0.000000000000000000e+00
9.896513864577468622e-01 1.434926244873211132e-01 0.000000000000000000e+00 4.722444152832031250e+01 -1.434926244873211132e-01 9.896513864577468622e-01 -0.000000000000000000e+00 -5.870918750762939453e+00 -0.000000000000000000e+00 0.000000000000000000e+00 1.000000000000000000e+00 0.000000000000000000e+00
9.904734471436399401e-01 1.377038507210132101e-01 0.000000000000000000e+00 5.019219207763671875e+01 -1.377038507210132101e-01 9.904734471436399401e-01 -0.000000000000000000e+00 -5.868655204772949219e+00 -0.000000000000000000e+00 0.000000000000000000e+00 1.000000000000000000e+00 0.000000000000000000e+00
9.912616460521058714e-01 1.319103827076154867e-01 0.000000000000000000e+00 5.315846633911132812e+01 -1.319103827076154867e-01 9.912616460521058714e-01 -0.000000000000000000e+00 -5.866222381591796875e+00 -0.000000000000000000e+00 0.000000000000000000e+00 1.000000000000000000e+00 0.000000000000000000e+00
9.900482336781215587e-01 1.407284441427233412e-01 0.000000000000000000e+00 5.610709762573242188e+01 -1.407284441427233412e-01 9.900482336781215587e-01 -0.000000000000000000e+00 -6.689681529998779297e+00 -0.000000000000000000e+00 0.000000000000000000e+00 1.000000000000000000e+00 0.000000000000000000e+00
9.899497462163929784e-01 1.414195883394485098e-01 0.000000000000000000e+00 5.921492767333984375e+01 -1.414195883394485098e-01 9.899497462163929784e-01 -0.000000000000000000e+00 -6.974813938140869141e+00 -0.000000000000000000e+00 0.000000000000000000e+00 1.000000000000000000e+00 0.000000000000000000e+00
9.898135373439331808e-01 1.423698047013138290e-01 0.000000000000000000e+00 6.225956726074218750e+01 -1.423698047013138290e-01 9.898135373439331808e-01 -0.000000000000000000e+00 -7.455335140228271484e+00 -0.000000000000000000e+00 0.000000000000000000e+00 1.000000000000000000e+00 0.000000000000000000e+00
9.893994378957325919e-01 1.452196690934405288e-01 0.000000000000000000e+00 6.529831695556640625e+01 -1.452196690934405288e-01 9.893994378957325919e-01 -0.000000000000000000e+00 -7.833642482757568359e+00 -0.000000000000000000e+00 0.000000000000000000e+00 1.000000000000000000e+00 0.000000000000000000e+00
9.887302667205287721e-01 1.497079145227533936e-01 0.000000000000000000e+00 6.838130187988281250e+01 -1.497079145227533936e-01 9.887302667205287721e-01 -0.000000000000000000e+00 -8.470292091369628906e+00 -0.000000000000000000e+00 0.000000000000000000e+00 1.000000000000000000e+00 0.000000000000000000e+00
9.880944997417895337e-01 1.538481705449323833e-01 0.000000000000000000e+00 7.135411834716796875e+01 -1.538481705449323833e-01 9.880944997417895337e-01 -0.000000000000000000e+00 -8.903813362121582031e+00 -0.000000000000000000e+00 0.000000000000000000e+00 1.000000000000000000e+00 0.000000000000000000e+00
9.877156272023779326e-01 1.562620868291896559e-01 0.000000000000000000e+00 7.445161437988281250e+01 -1.562620868291896559e-01 9.877156272023779326e-01 -0.000000000000000000e+00 -9.264356613159179688e+00 -0.000000000000000000e+00 0.000000000000000000e+00 1.000000000000000000e+00 0.000000000000000000e+00
9.868839060442481381e-01 1.614315830029784959e-01 0.000000000000000000e+00 7.752826690673828125e+01 -1.614315830029784959e-01 9.868839060442481381e-01 -0.000000000000000000e+00 -9.930881500244140625e+00 -0.000000000000000000e+00 0.000000000000000000e+00 1.000000000000000000e+00 0.000000000000000000e+00
9.860832205689448182e-01 1.662524649813585109e-01 0.000000000000000000e+00 8.061003112792968750e+01 -1.662524649813585109e-01 9.860832205689448182e-01 -0.000000000000000000e+00 -1.039682865142822266e+01 -0.000000000000000000e+00 0.000000000000000000e+00 1.000000000000000000e+00 0.000000000000000000e+00
9.853186420575743565e-01 1.707254334123001760e-01 0.000000000000000000e+00 8.357345581054687500e+01 -1.707254334123001760e-01 9.853186420575743565e-01 -0.000000000000000000e+00 -1.103033351898193359e+01 -0.000000000000000000e+00 0.000000000000000000e+00 1.000000000000000000e+00 0.000000000000000000e+00
9.845948659257368618e-01 1.748512224512034086e-01 0.000000000000000000e+00 8.665779876708984375e+01 -1.748512224512034086e-01 9.845948659257368618e-01 -0.000000000000000000e+00 -1.146588611602783203e+01 -0.000000000000000000e+00 0.000000000000000000e+00 1.000000000000000000e+00 0.000000000000000000e+00
9.853886498317226961e-01 1.703208994305003554e-01 0.000000000000000000e+00 8.934416961669921875e+01 -1.703208994305003554e-01 9.853886498317226961e-01 -0.000000000000000000e+00 -1.144076251983642578e+01 -0.000000000000000000e+00 0.000000000000000000e+00 1.000000000000000000e+00 0.000000000000000000e+00
9.846388350156376479e-01 1.746034495050081958e-01 0.000000000000000000e+00 9.250776672363281250e+01 -1.746034495050081958e-01 9.846388350156376479e-01 -0.000000000000000000e+00 -1.200543880462646484e+01 -0.000000000000000000e+00 0.000000000000000000e+00 1.000000000000000000e+00 0.000000000000000000e+00
9.838952717470057507e-01 1.787458929147342779e-01 0.000000000000000000e+00 9.565369415283203125e+01 -1.787458929147342779e-01 9.838952717470057507e-01 -0.000000000000000000e+00 -1.257152938842773438e+01 -0.000000000000000000e+00 0.000000000000000000e+00 1.000000000000000000e+00 0.000000000000000000e+00
9.831677930671890442e-01 1.827049278902814766e-01 0.000000000000000000e+00 9.878209686279296875e+01 -1.827049278902814766e-01 9.831677930671890442e-01 -0.000000000000000000e+00 -1.313797473907470703e+01 -0.000000000000000000e+00 0.000000000000000000e+00 1.000000000000000000e+00 0.000000000000000000e+00
9.824179445775764741e-01 1.866948905888157484e-01 0.000000000000000000e+00 1.018922805786132812e+02 -1.866948905888157484e-01 9.824179445775764741e-01 -0.000000000000000000e+00 -1.369815731048583984e+01 -0.000000000000000000e+00 0.000000000000000000e+00 1.000000000000000000e+00 0.000000000000000000e+00
9.816504834712916905e-01 1.906890880480038852e-01 0.000000000000000000e+00 1.049963455200195312e+02 -1.906890880480038852e-01 9.816504834712916905e-01 -0.000000000000000000e+00 -1.425264263153076172e+01 -0.000000000000000000e+00 0.000000000000000000e+00 1.000000000000000000e+00 0.000000000000000000e+00
9.808932987106026014e-01 1.945464894173948578e-01 0.000000000000000000e+00 1.081001968383789062e+02 -1.945464894173948578e-01 9.808932987106026014e-01 -0.000000000000000000e+00 -1.481512069702148438e+01 -0.000000000000000000e+00 0.000000000000000000e+00 1.000000000000000000e+00 0.000000000000000000e+00
9.793732739723138847e-01 2.020593730286991685e-01 0.000000000000000000e+00 1.141236953735351562e+02 -2.020593730286991685e-01 9.793732739723138847e-01 -0.000000000000000000e+00 -1.591116428375244141e+01 -0.000000000000000000e+00 0.000000000000000000e+00 1.000000000000000000e+00 0.000000000000000000e+00
9.793732739723138847e-01 2.020593730286991685e-01 0.000000000000000000e+00 1.141236953735351562e+02 -2.020593730286991685e-01 9.793732739723138847e-01 -0.000000000000000000e+00 -1.591116428375244141e+01 -0.000000000000000000e+00 0.000000000000000000e+00 1.000000000000000000e+00 0.000000000000000000e+00
9.785020342026231610e-01 2.062371670221652686e-01 0.000000000000000000e+00 1.171640472412109375e+02 -2.062371670221652686e-01 9.785020342026231610e-01 -0.000000000000000000e+00 -1.646131134033203125e+01 -0.000000000000000000e+00 0.000000000000000000e+00 1.000000000000000000e+00 0.000000000000000000e+00
9.776267031484559000e-01 2.103474014364828115e-01 0.000000000000000000e+00 1.201921463012695312e+02 -2.103474014364828115e-01 9.776267031484559000e-01 -0.000000000000000000e+00 -1.701776885986328125e+01 -0.000000000000000000e+00 0.000000000000000000e+00 1.000000000000000000e+00 0.000000000000000000e+00
9.766924193947127408e-01 2.146436998770349658e-01 0.000000000000000000e+00 1.232434005737304688e+02 -2.146436998770349658e-01 9.766924193947127408e-01 -0.000000000000000000e+00 -1.758297157287597656e+01 -0.000000000000000000e+00 0.000000000000000000e+00 1.000000000000000000e+00 0.000000000000000000e+00
9.757940234733175622e-01 2.186916179320884113e-01 0.000000000000000000e+00 1.262730484008789062e+02 -2.186916179320884113e-01 9.757940234733175622e-01 -0.000000000000000000e+00 -1.816307449340820312e+01 -0.000000000000000000e+00 0.000000000000000000e+00 1.000000000000000000e+00 0.000000000000000000e+00
9.749653783841081278e-01 2.223567200521109621e-01 0.000000000000000000e+00 1.289454345703125000e+02 -2.223567200521109621e-01 9.749653783841081278e-01 -0.000000000000000000e+00 -1.863769531250000000e+01 -0.000000000000000000e+00 0.000000000000000000e+00 1.000000000000000000e+00 0.000000000000000000e+00
9.739509695062800176e-01 2.267587021434397943e-01 0.000000000000000000e+00 1.320331268310546875e+02 -2.267587021434397943e-01 9.739509695062800176e-01 -0.000000000000000000e+00 -1.927809333801269531e+01 -0.000000000000000000e+00 0.000000000000000000e+00 1.000000000000000000e+00 0.000000000000000000e+00
9.729194300960160025e-01 2.311445057569906092e-01 0.000000000000000000e+00 1.350988311767578125e+02 -2.311445057569906092e-01 9.729194300960160025e-01 -0.000000000000000000e+00 -1.994159126281738281e+01 -0.000000000000000000e+00 0.000000000000000000e+00 1.000000000000000000e+00 0.000000000000000000e+00
9.718728997779255696e-01 2.355059801305398326e-01 0.000000000000000000e+00 1.381682586669921875e+02 -2.355059801305398326e-01 9.718728997779255696e-01 -0.000000000000000000e+00 -2.063345527648925781e+01 -0.000000000000000000e+00 0.000000000000000000e+00 1.000000000000000000e+00 0.000000000000000000e+00
9.707823860969346796e-01 2.399615778493342233e-01 0.000000000000000000e+00 1.412171936035156250e+02 -2.399615778493342233e-01 9.707823860969346796e-01 -0.000000000000000000e+00 -2.134061431884765625e+01 -0.000000000000000000e+00 0.000000000000000000e+00 1.000000000000000000e+00 0.000000000000000000e+00
9.697413542198329850e-01 2.441346061415388680e-01 0.000000000000000000e+00 1.442478027343750000e+02 -2.441346061415388680e-01 9.697413542198329850e-01 -0.000000000000000000e+00 -2.207134056091308594e+01 -0.000000000000000000e+00 0.000000000000000000e+00 1.000000000000000000e+00 0.000000000000000000e+00
9.689925848632210403e-01 2.470898024607518229e-01 0.000000000000000000e+00 1.472459411621093750e+02 -2.470898024607518229e-01 9.689925848632210403e-01 -0.000000000000000000e+00 -2.286180686950683594e+01 -0.000000000000000000e+00 0.000000000000000000e+00 1.000000000000000000e+00 0.000000000000000000e+00
9.678289916896840595e-01 2.516089085166290928e-01 0.000000000000000000e+00 1.502761230468750000e+02 -2.516089085166290928e-01 9.678289916896840595e-01 -0.000000000000000000e+00 -2.363267135620117188e+01 -0.000000000000000000e+00 0.000000000000000000e+00 1.000000000000000000e+00 0.000000000000000000e+00
9.672475593178085918e-01 2.538349049948457892e-01 0.000000000000000000e+00 1.529798736572265625e+02 -2.538349049948457892e-01 9.672475593178085918e-01 -0.000000000000000000e+00 -2.425272750854492188e+01 -0.000000000000000000e+00 0.000000000000000000e+00 1.000000000000000000e+00 0.000000000000000000e+00
9.666871077927993161e-01 2.559610041142847403e-01 0.000000000000000000e+00 1.557419738769531250e+02 -2.559610041142847403e-01 9.666871077927993161e-01 -0.000000000000000000e+00 -2.494153976440429688e+01 -0.000000000000000000e+00 0.000000000000000000e+00 1.000000000000000000e+00 0.000000000000000000e+00
9.660982355848816150e-01 2.581747454724776514e-01 0.000000000000000000e+00 1.584952697753906250e+02 -2.581747454724776514e-01 9.660982355848816150e-01 -0.000000000000000000e+00 -2.566395187377929688e+01 -0.000000000000000000e+00 0.000000000000000000e+00 1.000000000000000000e+00 0.000000000000000000e+00
9.649030285075128610e-01 2.626064461833139130e-01 0.000000000000000000e+00 1.615327453613281250e+02 -2.626064461833139130e-01 9.649030285075128610e-01 -0.000000000000000000e+00 -2.636339378356933594e+01 -0.000000000000000000e+00 0.000000000000000000e+00 1.000000000000000000e+00 0.000000000000000000e+00
9.637853942683137776e-01 2.666790464117324566e-01 0.000000000000000000e+00 1.645439758300781250e+02 -2.666790464117324566e-01 9.637853942683137776e-01 -0.000000000000000000e+00 -2.707601928710937500e+01 -0.000000000000000000e+00 0.000000000000000000e+00 1.000000000000000000e+00 0.000000000000000000e+00
9.627018002760721060e-01 2.705646757158254312e-01 0.000000000000000000e+00 1.675393524169921875e+02 -2.705646757158254312e-01 9.627018002760721060e-01 -0.000000000000000000e+00 -2.779965972900390625e+01 -0.000000000000000000e+00 0.000000000000000000e+00 1.000000000000000000e+00 0.000000000000000000e+00
9.617101386146679198e-01 2.740686214905971307e-01 0.000000000000000000e+00 1.704247131347656250e+02 -2.740686214905971307e-01 9.617101386146679198e-01 -0.000000000000000000e+00 -2.850844383239746094e+01 -0.000000000000000000e+00 0.000000000000000000e+00 1.000000000000000000e+00 0.000000000000000000e+00
9.606751229788517144e-01 2.776748243711844588e-01 0.000000000000000000e+00 1.733387756347656250e+02 -2.776748243711844588e-01 9.606751229788517144e-01 -0.000000000000000000e+00 -2.923522758483886719e+01 -0.000000000000000000e+00 0.000000000000000000e+00 1.000000000000000000e+00 0.000000000000000000e+00
9.597072483710102908e-01 2.810017747704520175e-01 0.000000000000000000e+00 1.762781982421875000e+02 -2.810017747704520175e-01 9.597072483710102908e-01 -0.000000000000000000e+00 -2.999538230895996094e+01 -0.000000000000000000e+00 0.000000000000000000e+00 1.000000000000000000e+00 0.000000000000000000e+00
9.586764466217996272e-01 2.844986303879153411e-01 0.000000000000000000e+00 1.792241668701171875e+02 -2.844986303879153411e-01 9.586764466217996272e-01 -0.000000000000000000e+00 -3.076119804382324219e+01 -0.000000000000000000e+00 0.000000000000000000e+00 1.000000000000000000e+00 0.000000000000000000e+00
9.575550448559649874e-01 2.882504745371478605e-01 0.000000000000000000e+00 1.821718444824218750e+02 -2.882504745371478605e-01 9.575550448559649874e-01 -0.000000000000000000e+00 -3.152770042419433594e+01 -0.000000000000000000e+00 0.000000000000000000e+00 1.000000000000000000e+00 0.000000000000000000e+00
9.564402635229463101e-01 2.919281115483005062e-01 0.000000000000000000e+00 1.851201934814453125e+02 -2.919281115483005062e-01 9.564402635229463101e-01 -0.000000000000000000e+00 -3.230624771118164062e+01 -0.000000000000000000e+00 0.000000000000000000e+00 1.000000000000000000e+00 0.000000000000000000e+00
9.552596581201127091e-01 2.957684661491913336e-01 0.000000000000000000e+00 1.880721740722656250e+02 -2.957684661491913336e-01 9.552596581201127091e-01 -0.000000000000000000e+00 -3.308884048461914062e+01 -0.000000000000000000e+00 0.000000000000000000e+00 1.000000000000000000e+00 0.000000000000000000e+00
9.540307277040510625e-01 2.997088096744552899e-01 0.000000000000000000e+00 1.910445251464843750e+02 -2.997088096744552899e-01 9.540307277040510625e-01 -0.000000000000000000e+00 -3.387996673583984375e+01 -0.000000000000000000e+00 0.000000000000000000e+00 1.000000000000000000e+00 0.000000000000000000e+00
9.528298923759961347e-01 3.035048536592909185e-01 0.000000000000000000e+00 1.940072631835937500e+02 -3.035048536592909185e-01 9.528298923759961347e-01 -0.000000000000000000e+00 -3.468635559082031250e+01 -0.000000000000000000e+00 0.000000000000000000e+00 1.000000000000000000e+00 0.000000000000000000e+00
9.516126227124801495e-01 3.073002054901280977e-01 0.000000000000000000e+00 1.969613189697265625e+02 -3.073002054901280977e-01 9.516126227124801495e-01 -0.000000000000000000e+00 -3.550550079345703125e+01 -0.000000000000000000e+00 0.000000000000000000e+00 1.000000000000000000e+00 0.000000000000000000e+00
9.504093310037247111e-01 3.110017741766956667e-01 0.000000000000000000e+00 1.999060821533203125e+02 -3.110017741766956667e-01 9.504093310037247111e-01 -0.000000000000000000e+00 -3.633987808227539062e+01 -0.000000000000000000e+00 0.000000000000000000e+00 1.000000000000000000e+00 0.000000000000000000e+00
9.492336809122066121e-01 3.145718026490345043e-01 0.000000000000000000e+00 2.028585205078125000e+02 -3.145718026490345043e-01 9.492336809122066121e-01 -0.000000000000000000e+00 -3.718923950195312500e+01 -0.000000000000000000e+00 0.000000000000000000e+00 1.000000000000000000e+00 0.000000000000000000e+00
9.480283719931162922e-01 3.181858040455003978e-01 0.000000000000000000e+00 2.058219451904296875e+02 -3.181858040455003978e-01 9.480283719931162922e-01 -0.000000000000000000e+00 -3.805430221557617188e+01 -0.000000000000000000e+00 0.000000000000000000e+00 1.000000000000000000e+00 0.000000000000000000e+00
9.468519557454403435e-01 3.216696658080065996e-01 0.000000000000000000e+00 2.087795257568359375e+02 -3.216696658080065996e-01 9.468519557454403435e-01 -0.000000000000000000e+00 -3.892705535888671875e+01 -0.000000000000000000e+00 0.000000000000000000e+00 1.000000000000000000e+00 0.000000000000000000e+00
9.457203603184908269e-01 3.249815380588008673e-01 0.000000000000000000e+00 2.117255401611328125e+02 -3.249815380588008673e-01 9.457203603184908269e-01 -0.000000000000000000e+00 -3.980849075317382812e+01 -0.000000000000000000e+00 0.000000000000000000e+00 1.000000000000000000e+00 0.000000000000000000e+00
9.446311977425840833e-01 3.281339669272460569e-01 0.000000000000000000e+00 2.146760711669921875e+02 -3.281339669272460569e-01 9.446311977425840833e-01 -0.000000000000000000e+00 -4.070044708251953125e+01 -0.000000000000000000e+00 0.000000000000000000e+00 1.000000000000000000e+00 0.000000000000000000e+00
9.425061244468615484e-01 3.341888768049545155e-01 0.000000000000000000e+00 2.205478973388671875e+02 -3.341888768049545155e-01 9.425061244468615484e-01 -0.000000000000000000e+00 -4.249547195434570312e+01 -0.000000000000000000e+00 0.000000000000000000e+00 1.000000000000000000e+00 0.000000000000000000e+00
9.425061244468615484e-01 3.341888768049545155e-01 0.000000000000000000e+00 2.205478973388671875e+02 -3.341888768049545155e-01 9.425061244468615484e-01 -0.000000000000000000e+00 -4.249547195434570312e+01 -0.000000000000000000e+00 0.000000000000000000e+00 1.000000000000000000e+00 0.000000000000000000e+00
9.430036495058899959e-01 3.327823868815362740e-01 0.000000000000000000e+00 2.229764709472656250e+02 -3.327823868815362740e-01 9.430036495058899959e-01 -0.000000000000000000e+00 -4.337678909301757812e+01 -0.000000000000000000e+00 0.000000000000000000e+00 1.000000000000000000e+00 0.000000000000000000e+00
9.418342670825676777e-01 3.360776894544511562e-01 0.000000000000000000e+00 2.259337921142578125e+02 -3.360776894544511562e-01 9.418342670825676777e-01 -0.000000000000000000e+00 -4.432591247558593750e+01 -0.000000000000000000e+00 0.000000000000000000e+00 1.000000000000000000e+00 0.000000000000000000e+00
9.407893520046886060e-01 3.389917331655715182e-01 0.000000000000000000e+00 2.287951354980468750e+02 -3.389917331655715182e-01 9.407893520046886060e-01 -0.000000000000000000e+00 -4.527438354492187500e+01 -0.000000000000000000e+00 0.000000000000000000e+00 1.000000000000000000e+00 0.000000000000000000e+00
9.398033202895256233e-01 3.417158456565677627e-01 0.000000000000000000e+00 2.316685943603515625e+02 -3.417158456565677627e-01 9.398033202895256233e-01 -0.000000000000000000e+00 -4.626425552368164062e+01 -0.000000000000000000e+00 0.000000000000000000e+00 1.000000000000000000e+00 0.000000000000000000e+00
9.389000402221762132e-01 3.441899395258322114e-01 0.000000000000000000e+00 2.345462646484375000e+02 -3.441899395258322114e-01 9.389000402221762132e-01 -0.000000000000000000e+00 -4.729542541503906250e+01 -0.000000000000000000e+00 0.000000000000000000e+00 1.000000000000000000e+00 0.000000000000000000e+00
9.379582415502838444e-01 3.467482330277969482e-01 0.000000000000000000e+00 2.374354248046875000e+02 -3.467482330277969482e-01 9.379582415502838444e-01 -0.000000000000000000e+00 -4.834904098510742188e+01 -0.000000000000000000e+00 0.000000000000000000e+00 1.000000000000000000e+00 0.000000000000000000e+00
9.369961473679119246e-01 3.493396911570316732e-01 0.000000000000000000e+00 2.403236541748046875e+02 -3.493396911570316732e-01 9.369961473679119246e-01 -0.000000000000000000e+00 -4.941730117797851562e+01 -0.000000000000000000e+00 0.000000000000000000e+00 1.000000000000000000e+00 0.000000000000000000e+00
9.360590612729970950e-01 3.518429106983904098e-01 0.000000000000000000e+00 2.432039489746093750e+02 -3.518429106983904098e-01 9.360590612729970950e-01 -0.000000000000000000e+00 -5.050836563110351562e+01 -0.000000000000000000e+00 0.000000000000000000e+00 1.000000000000000000e+00 0.000000000000000000e+00
9.351128346917150225e-01 3.543500901577778528e-01 0.000000000000000000e+00 2.460776977539062500e+02 -3.543500901577778528e-01 9.351128346917150225e-01 -0.000000000000000000e+00 -5.161154937744140625e+01 -0.000000000000000000e+00 0.000000000000000000e+00 1.000000000000000000e+00 0.000000000000000000e+00
9.344813986333054823e-01 3.560119599231761911e-01 0.000000000000000000e+00 2.488458099365234375e+02 -3.560119599231761911e-01 9.344813986333054823e-01 -0.000000000000000000e+00 -5.265463638305664062e+01 -0.000000000000000000e+00 0.000000000000000000e+00 1.000000000000000000e+00 0.000000000000000000e+00
9.339312565582104098e-01 3.574526654308262108e-01 0.000000000000000000e+00 2.515855712890625000e+02 -3.574526654308262108e-01 9.339312565582104098e-01 -0.000000000000000000e+00 -5.370257949829101562e+01 -0.000000000000000000e+00 0.000000000000000000e+00 1.000000000000000000e+00 0.000000000000000000e+00
9.330658971093011012e-01 3.597054790403046987e-01 0.000000000000000000e+00 2.544830627441406250e+02 -3.597054790403046987e-01 9.330658971093011012e-01 -0.000000000000000000e+00 -5.470163345336914062e+01 -0.000000000000000000e+00 0.000000000000000000e+00 1.000000000000000000e+00 0.000000000000000000e+00
9.322187010208828895e-01 3.618954178584439241e-01 0.000000000000000000e+00 2.573670349121093750e+02 -3.618954178584439241e-01 9.322187010208828895e-01 -0.000000000000000000e+00 -5.571591186523437500e+01 -0.000000000000000000e+00 0.000000000000000000e+00 1.000000000000000000e+00 0.000000000000000000e+00
9.313991607822997842e-01 3.639994550738059331e-01 0.000000000000000000e+00 2.602528381347656250e+02 -3.639994550738059331e-01 9.313991607822997842e-01 -0.000000000000000000e+00 -5.675170135498046875e+01 -0.000000000000000000e+00 0.000000000000000000e+00 1.000000000000000000e+00 0.000000000000000000e+00
9.306480292681711397e-01 3.659156263666111242e-01 0.000000000000000000e+00 2.631268920898437500e+02 -3.659156263666111242e-01 9.306480292681711397e-01 -0.000000000000000000e+00 -5.780150604248046875e+01 -0.000000000000000000e+00 0.000000000000000000e+00 1.000000000000000000e+00 0.000000000000000000e+00
9.299350827580635803e-01 3.677237303408000813e-01 0.000000000000000000e+00 2.659999084472656250e+02 -3.677237303408000813e-01 9.299350827580635803e-01 -0.000000000000000000e+00 -5.885948562622070312e+01 -0.000000000000000000e+00 0.000000000000000000e+00 1.000000000000000000e+00 0.000000000000000000e+00
9.287015043247422996e-01 3.708281486955387618e-01 0.000000000000000000e+00 2.717013244628906250e+02 -3.708281486955387618e-01 9.287015043247422996e-01 -0.000000000000000000e+00 -6.100802230834960938e+01 -0.000000000000000000e+00 0.000000000000000000e+00 1.000000000000000000e+00 0.000000000000000000e+00
9.287015043247422996e-01 3.708281486955387618e-01 0.000000000000000000e+00 2.717013244628906250e+02 -3.708281486955387618e-01 9.287015043247422996e-01 -0.000000000000000000e+00 -6.100802230834960938e+01 -0.000000000000000000e+00 0.000000000000000000e+00 1.000000000000000000e+00 0.000000000000000000e+00
9.281619278038398813e-01 3.721766190607083136e-01 0.000000000000000000e+00 2.745370788574218750e+02 -3.721766190607083136e-01 9.281619278038398813e-01 -0.000000000000000000e+00 -6.208972930908203125e+01 -0.000000000000000000e+00 0.000000000000000000e+00 1.000000000000000000e+00 0.000000000000000000e+00
9.276373244257026807e-01 3.734822543740514700e-01 0.000000000000000000e+00 2.773789062500000000e+02 -3.734822543740514700e-01 9.276373244257026807e-01 -0.000000000000000000e+00 -6.317133331298828125e+01 -0.000000000000000000e+00 0.000000000000000000e+00 1.000000000000000000e+00 0.000000000000000000e+00
9.272117787145364165e-01 3.745374713069783978e-01 0.000000000000000000e+00 2.802170410156250000e+02 -3.745374713069783978e-01 9.272117787145364165e-01 -0.000000000000000000e+00 -6.426743316650390625e+01 -0.000000000000000000e+00 0.000000000000000000e+00 1.000000000000000000e+00 0.000000000000000000e+00
9.268438979441030456e-01 3.754469188098112920e-01 0.000000000000000000e+00 2.830560607910156250e+02 -3.754469188098112920e-01 9.268438979441030456e-01 -0.000000000000000000e+00 -6.537112426757812500e+01 -0.000000000000000000e+00 0.000000000000000000e+00 1.000000000000000000e+00 0.000000000000000000e+00
9.276107061512007812e-01 3.735483607696206687e-01 0.000000000000000000e+00 2.855276794433593750e+02 -3.735483607696206687e-01 9.276107061512007812e-01 -0.000000000000000000e+00 -6.643718719482421875e+01 -0.000000000000000000e+00 0.000000000000000000e+00 1.000000000000000000e+00 0.000000000000000000e+00
9.272208807495498917e-01 3.745149373550126226e-01 0.000000000000000000e+00 2.883183898925781250e+02 -3.745149373550126226e-01 9.272208807495498917e-01 -0.000000000000000000e+00 -6.755004119873046875e+01 -0.000000000000000000e+00 0.000000000000000000e+00 1.000000000000000000e+00 0.000000000000000000e+00
9.268946880013049228e-01 3.753215119800136224e-01 0.000000000000000000e+00 2.911190185546875000e+02 -3.753215119800136224e-01 9.268946880013049228e-01 -0.000000000000000000e+00 -6.869191741943359375e+01 -0.000000000000000000e+00 0.000000000000000000e+00 1.000000000000000000e+00 0.000000000000000000e+00
9.268452134894571426e-01 3.754436711834182039e-01 0.000000000000000000e+00 2.939155273437500000e+02 -3.754436711834182039e-01 9.268452134894571426e-01 -0.000000000000000000e+00 -6.990005493164062500e+01 -0.000000000000000000e+00 0.000000000000000000e+00 1.000000000000000000e+00 0.000000000000000000e+00
9.266310731400897449e-01 3.759718796549095243e-01 0.000000000000000000e+00 2.967285461425781250e+02 -3.759718796549095243e-01 9.266310731400897449e-01 -0.000000000000000000e+00 -7.108717346191406250e+01 -0.000000000000000000e+00 0.000000000000000000e+00 1.000000000000000000e+00 0.000000000000000000e+00
9.263193072795004035e-01 3.767393541445153704e-01 0.000000000000000000e+00 2.995582275390625000e+02 -3.767393541445153704e-01 9.263193072795004035e-01 -0.000000000000000000e+00 -7.228047180175781250e+01 -0.000000000000000000e+00 0.000000000000000000e+00 1.000000000000000000e+00 0.000000000000000000e+00
9.259146634725470282e-01 3.777327573384655635e-01 0.000000000000000000e+00 3.023999328613281250e+02 -3.777327573384655635e-01 9.259146634725470282e-01 -0.000000000000000000e+00 -7.347351074218750000e+01 -0.000000000000000000e+00 0.000000000000000000e+00 1.000000000000000000e+00 0.000000000000000000e+00
9.258343381965887797e-01 3.779295942580898626e-01 0.000000000000000000e+00 3.050931396484375000e+02 -3.779295942580898626e-01 9.258343381965887797e-01 -0.000000000000000000e+00 -7.459268188476562500e+01 -0.000000000000000000e+00 0.000000000000000000e+00 1.000000000000000000e+00 0.000000000000000000e+00
9.257039709451012621e-01 3.782488045935785137e-01 0.000000000000000000e+00 3.079007263183593750e+02 -3.782488045935785137e-01 9.257039709451012621e-01 -0.000000000000000000e+00 -7.582715606689453125e+01 -0.000000000000000000e+00 0.000000000000000000e+00 1.000000000000000000e+00 0.000000000000000000e+00
9.257632472203520813e-01 3.781037028330048178e-01 0.000000000000000000e+00 3.106594848632812500e+02 -3.781037028330048178e-01 9.257632472203520813e-01 -0.000000000000000000e+00 -7.705733489990234375e+01 -0.000000000000000000e+00 0.000000000000000000e+00 1.000000000000000000e+00 0.000000000000000000e+00
9.261299910390277113e-01 3.772045064657240654e-01 0.000000000000000000e+00 3.132898864746093750e+02 -3.772045064657240654e-01 9.261299910390277113e-01 -0.000000000000000000e+00 -7.827100372314453125e+01 -0.000000000000000000e+00 0.000000000000000000e+00 1.000000000000000000e+00 0.000000000000000000e+00
9.261299910390277113e-01 3.772045064657240654e-01 0.000000000000000000e+00 3.132898864746093750e+02 -3.772045064657240654e-01 9.261299910390277113e-01 -0.000000000000000000e+00 -7.827100372314453125e+01 -0.000000000000000000e+00 0.000000000000000000e+00 1.000000000000000000e+00 0.000000000000000000e+00
9.262209477311968975e-01 3.769811082586544959e-01 0.000000000000000000e+00 3.206980285644531250e+02 -3.769811082586544959e-01 9.262209477311968975e-01 -0.000000000000000000e+00 -8.148476409912109375e+01 -0.000000000000000000e+00 0.000000000000000000e+00 1.000000000000000000e+00 0.000000000000000000e+00
9.262209477311968975e-01 3.769811082586544959e-01 0.000000000000000000e+00 3.206980285644531250e+02 -3.769811082586544959e-01 9.262209477311968975e-01 -0.000000000000000000e+00 -8.148476409912109375e+01 -0.000000000000000000e+00 0.000000000000000000e+00 1.000000000000000000e+00 0.000000000000000000e+00
9.264157191717539153e-01 3.765022115094172617e-01 0.000000000000000000e+00 3.233648986816406250e+02 -3.765022115094172617e-01 9.264157191717539153e-01 -0.000000000000000000e+00 -8.264318084716796875e+01 -0.000000000000000000e+00 0.000000000000000000e+00 1.000000000000000000e+00 0.000000000000000000e+00
9.263808448704828891e-01 3.765880113028697851e-01 0.000000000000000000e+00 3.261233215332031250e+02 -3.765880113028697851e-01 9.263808448704828891e-01 -0.000000000000000000e+00 -8.388680267333984375e+01 -0.000000000000000000e+00 0.000000000000000000e+00 1.000000000000000000e+00 0.000000000000000000e+00
9.262837276469522152e-01 3.768268248101066531e-01 0.000000000000000000e+00 3.288970642089843750e+02 -3.768268248101066531e-01 9.262837276469522152e-01 -0.000000000000000000e+00 -8.513037872314453125e+01 -0.000000000000000000e+00 0.000000000000000000e+00 1.000000000000000000e+00 0.000000000000000000e+00
9.264217006383415054e-01 3.764874932668588747e-01 0.000000000000000000e+00 3.316202087402343750e+02 -3.764874932668588747e-01 9.264217006383415054e-01 -0.000000000000000000e+00 -8.635233306884765625e+01 -0.000000000000000000e+00 0.000000000000000000e+00 1.000000000000000000e+00 0.000000000000000000e+00
9.264366688049321397e-01 3.764506590426167087e-01 0.000000000000000000e+00 3.343581848144531250e+02 -3.764506590426167087e-01 9.264366688049321397e-01 -0.000000000000000000e+00 -8.762968444824218750e+01 -0.000000000000000000e+00 0.000000000000000000e+00 1.000000000000000000e+00 0.000000000000000000e+00
9.264366688049321397e-01 3.764506590426167087e-01 0.000000000000000000e+00 3.343581848144531250e+02 -3.764506590426167087e-01 9.264366688049321397e-01 -0.000000000000000000e+00 -8.762968444824218750e+01 -0.000000000000000000e+00 0.000000000000000000e+00 1.000000000000000000e+00 0.000000000000000000e+00
9.274175316631808608e-01 3.740277021341773533e-01 0.000000000000000000e+00 3.386398620605468750e+02 -3.740277021341773533e-01 9.274175316631808608e-01 -0.000000000000000000e+00 -8.975526428222656250e+01 -0.000000000000000000e+00 0.000000000000000000e+00 1.000000000000000000e+00 0.000000000000000000e+00
9.269660253389857552e-01 3.751452890111279803e-01 0.000000000000000000e+00 3.411510620117187500e+02 -3.751452890111279803e-01 9.269660253389857552e-01 -0.000000000000000000e+00 -9.098872375488281250e+01 -0.000000000000000000e+00 0.000000000000000000e+00 1.000000000000000000e+00 0.000000000000000000e+00
9.272692860397704351e-01 3.743950736418609204e-01 0.000000000000000000e+00 3.461990356445312500e+02 -3.743950736418609204e-01 9.272692860397704351e-01 -0.000000000000000000e+00 -9.338742065429687500e+01 -0.000000000000000000e+00 0.000000000000000000e+00 1.000000000000000000e+00 0.000000000000000000e+00
9.272692860397704351e-01 3.743950736418609204e-01 0.000000000000000000e+00 3.461990356445312500e+02 -3.743950736418609204e-01 9.272692860397704351e-01 -0.000000000000000000e+00 -9.338742065429687500e+01 -0.000000000000000000e+00 0.000000000000000000e+00 1.000000000000000000e+00 0.000000000000000000e+00
9.271634249075884071e-01 3.746571546275750952e-01 0.000000000000000000e+00 3.489372863769531250e+02 -3.746571546275750952e-01 9.271634249075884071e-01 -0.000000000000000000e+00 -9.458732604980468750e+01 -0.000000000000000000e+00 0.000000000000000000e+00 1.000000000000000000e+00 0.000000000000000000e+00
9.270456526746051473e-01 3.749484736028608767e-01 0.000000000000000000e+00 3.516815795898437500e+02 -3.749484736028608767e-01 9.270456526746051473e-01 -0.000000000000000000e+00 -9.579370880126953125e+01 -0.000000000000000000e+00 0.000000000000000000e+00 1.000000000000000000e+00 0.000000000000000000e+00
9.270102127031253358e-01 3.750360856559090683e-01 0.000000000000000000e+00 3.544220886230468750e+02 -3.750360856559090683e-01 9.270102127031253358e-01 -0.000000000000000000e+00 -9.701141357421875000e+01 -0.000000000000000000e+00 0.000000000000000000e+00 1.000000000000000000e+00 0.000000000000000000e+00
9.270220984255028718e-01 3.750067053144213736e-01 0.000000000000000000e+00 3.571554565429687500e+02 -3.750067053144213736e-01 9.270220984255028718e-01 -0.000000000000000000e+00 -9.823352050781250000e+01 -0.000000000000000000e+00 0.000000000000000000e+00 1.000000000000000000e+00 0.000000000000000000e+00
9.269951021430369309e-01 3.750734336137665492e-01 0.000000000000000000e+00 3.598865356445312500e+02 -3.750734336137665492e-01 9.269951021430369309e-01 -0.000000000000000000e+00 -9.945198059082031250e+01 -0.000000000000000000e+00 0.000000000000000000e+00 1.000000000000000000e+00 0.000000000000000000e+00
9.269236589981807439e-01 3.752499572144202822e-01 0.000000000000000000e+00 3.626132812500000000e+02 -3.752499572144202822e-01 9.269236589981807439e-01 -0.000000000000000000e+00 -1.006642303466796875e+02 -0.000000000000000000e+00 0.000000000000000000e+00 1.000000000000000000e+00 0.000000000000000000e+00
9.267992472769712720e-01 3.755571264759056671e-01 0.000000000000000000e+00 3.653393554687500000e+02 -3.755571264759056671e-01 9.267992472769712720e-01 -0.000000000000000000e+00 -1.018704299926757812e+02 -0.000000000000000000e+00 0.000000000000000000e+00 1.000000000000000000e+00 0.000000000000000000e+00
9.266547195788275015e-01 3.759135947026717162e-01 0.000000000000000000e+00 3.680755920410156250e+02 -3.759135947026717162e-01 9.266547195788275015e-01 -0.000000000000000000e+00 -1.030837860107421875e+02 -0.000000000000000000e+00 0.000000000000000000e+00 1.000000000000000000e+00 0.000000000000000000e+00
9.265487341942401089e-01 3.761747508313807997e-01 0.000000000000000000e+00 3.708021545410156250e+02 -3.761747508313807997e-01 9.265487341942401089e-01 -0.000000000000000000e+00 -1.043006820678710938e+02 -0.000000000000000000e+00 0.000000000000000000e+00 1.000000000000000000e+00 0.000000000000000000e+00
