4.905996127238921867e-01 8.713851157755490018e-01 0.000000000000000000e+00 0.000000000000000000e+00 -8.713851157755490018e-01 4.905996127238921867e-01 -0.000000000000000000e+00 0.000000000000000000e+00 -0.000000000000000000e+00 0.000000000000000000e+00 1.000000000000000000e+00 0.000000000000000000e+00
4.905996234177507631e-01 8.713851097547864466e-01 0.000000000000000000e+00 0.000000000000000000e+00 -8.713851097547864466e-01 4.905996234177507631e-01 -0.000000000000000000e+00 0.000000000000000000e+00 -0.000000000000000000e+00 0.000000000000000000e+00 1.000000000000000000e+00 0.000000000000000000e+00
4.858777858329247357e-01 8.740267600217368482e-01 0.000000000000000000e+00 1.585972428321838379e+00 -8.740267600217368482e-01 4.858777858329247357e-01 -0.000000000000000000e+00 -2.756035566329956055e+00 -0.000000000000000000e+00 0.000000000000000000e+00 1.000000000000000000e+00 0.000000000000000000e+00
4.812947998903386315e-01 8.765587918665348477e-01 0.000000000000000000e+00 3.297378540039062500e+00 -8.765587918665348477e-01 4.812947998903386315e-01 -0.000000000000000000e+00 -5.324352741241455078e+00 -0.000000000000000000e+00 0.000000000000000000e+00 1.000000000000000000e+00 0.000000000000000000e+00
4.759312200115726199e-01 8.794825034179452050e-01 0.000000000000000000e+00 4.855685710906982422e+00 -8.794825034179452050e-01 4.759312200115726199e-01 -0.000000000000000000e+00 -8.093390464782714844e+00 -0.000000000000000000e+00 0.000000000000000000e+00 1.000000000000000000e+00 0.000000000000000000e+00
4.708579136213710825e-01 8.822090597925922317e-01 0.000000000000000000e+00 6.541830062866210938e+00 -8.822090597925922317e-01 4.708579136213710825e-01 -0.000000000000000000e+00 -1.085606861114501953e+01 -0.000000000000000000e+00 0.000000000000000000e+00 1.000000000000000000e+00 0.000000000000000000e+00
4.666953865255750733e-01 8.844181229462365623e-01 0.000000000000000000e+00 8.151719093322753906e+00 -8.844181229462365623e-01 4.666953865255750733e-01 -0.000000000000000000e+00 -1.359262657165527344e+01 -0.000000000000000000e+00 0.000000000000000000e+00 1.000000000000000000e+00 0.000000000000000000e+00
4.639145949740191011e-01 8.858799289802719024e-01 0.000000000000000000e+00 9.816928863525390625e+00 -8.858799289802719024e-01 4.639145949740191011e-01 -0.000000000000000000e+00 -1.648042488098144531e+01 -0.000000000000000000e+00 0.000000000000000000e+00 1.000000000000000000e+00 0.000000000000000000e+00
4.567874160813419904e-01 8.895758857510307482e-01 0.000000000000000000e+00 1.129919910430908203e+01 -8.895758857510307482e-01 4.567874160813419904e-01 -0.000000000000000000e+00 -1.928507041931152344e+01 -0.000000000000000000e+00 0.000000000000000000e+00 1.000000000000000000e+00 0.000000000000000000e+00
4.553118278036940580e-01 8.903320388832804966e-01 0.000000000000000000e+00 1.302259349822998047e+01 -8.903320388832804966e-01 4.553118278036940580e-01 -0.000000000000000000e+00 -2.204799461364746094e+01 -0.000000000000000000e+00 0.000000000000000000e+00 1.000000000000000000e+00 0.000000000000000000e+00
4.538349828506270667e-01 8.910857469070925241e-01 0.000000000000000000e+00 1.474593375116007010e+01 -8.910857469070925241e-01 4.538349828506270667e-01 -0.000000000000000000e+00 -2.481081372666812968e+01 -0.000000000000000000e+00 0.000000000000000000e+00 1.000000000000000000e+00 0.000000000000000000e+00
4.485392463037222166e-01 8.937631367008200822e-01 0.000000000000000000e+00 1.619153785705566406e+01 -8.937631367008200822e-01 4.485392463037222166e-01 -0.000000000000000000e+00 -2.756648063659667969e+01 -0.000000000000000000e+00 0.000000000000000000e+00 1.000000000000000000e+00 0.000000000000000000e+00
4.447915246869172945e-01 8.956341326494247079e-01 0.000000000000000000e+00 1.781505012512207031e+01 -8.956341326494247079e-01 4.447915246869172945e-01 -0.000000000000000000e+00 -3.047317886352539062e+01 -0.000000000000000000e+00 0.000000000000000000e+00 1.000000000000000000e+00 0.000000000000000000e+00
4.410359783439261605e-01 8.974894237851586132e-01 0.000000000000000000e+00 1.932691001892089844e+01 -8.974894237851586132e-01 4.410359783439261605e-01 -0.000000000000000000e+00 -3.319130706787109375e+01 -0.000000000000000000e+00 0.000000000000000000e+00 1.000000000000000000e+00 0.000000000000000000e+00
4.383711417323533643e-01 8.987940487654960675e-01 0.000000000000000000e+00 2.088161659240722656e+01 -8.987940487654960675e-01 4.383711417323533643e-01 -0.000000000000000000e+00 -3.606956481933593750e+01 -0.000000000000000000e+00 0.000000000000000000e+00 1.000000000000000000e+00 0.000000000000000000e+00
4.322431204244310265e-01 9.017571096729710689e-01 0.000000000000000000e+00 2.240665817260742188e+01 -9.017571096729710689e-01 4.322431204244310265e-01 -0.000000000000000000e+00 -3.884115219116210938e+01 -0.000000000000000000e+00 0.000000000000000000e+00 1.000000000000000000e+00 0.000000000000000000e+00
4.276734009563742944e-01 9.039333283569139788e-01 0.000000000000000000e+00 2.387927436828613281e+01 -9.039333283569139788e-01 4.276734009563742944e-01 -0.000000000000000000e+00 -4.175950622558593750e+01 -0.000000000000000000e+00 0.000000000000000000e+00 1.000000000000000000e+00 0.000000000000000000e+00
4.257792813810931110e-01 9.048270572582365334e-01 0.000000000000000000e+00 2.535584068298339844e+01 -9.048270572582365334e-01 4.257792813810931110e-01 -0.000000000000000000e+00 -4.443110656738281250e+01 -0.000000000000000000e+00 0.000000000000000000e+00 1.000000000000000000e+00 0.000000000000000000e+00
4.202440960572101369e-01 9.074110974244576910e-01 0.000000000000000000e+00 2.678681373596191406e+01 -9.074110974244576910e-01 4.202440960572101369e-01 -0.000000000000000000e+00 -4.736830520629882812e+01 -0.000000000000000000e+00 0.000000000000000000e+00 1.000000000000000000e+00 0.000000000000000000e+00
4.154871456764444027e-01 9.095990500092010489e-01 0.000000000000000000e+00 2.825128746032714844e+01 -9.095990500092010489e-01 4.154871456764444027e-01 -0.000000000000000000e+00 -5.028737258911132812e+01 -0.000000000000000000e+00 0.000000000000000000e+00 1.000000000000000000e+00 0.000000000000000000e+00
4.129454734951844008e-01 9.107557498692160358e-01 0.000000000000000000e+00 2.969581222534179688e+01 -9.107557498692160358e-01 4.129454734951844008e-01 -0.000000000000000000e+00 -5.315649032592773438e+01 -0.000000000000000000e+00 0.000000000000000000e+00 1.000000000000000000e+00 0.000000000000000000e+00
4.041839364225301434e-01 9.146777276931959966e-01 0.000000000000000000e+00 3.087219429016113281e+01 -9.146777276931959966e-01 4.041839364225301434e-01 -0.000000000000000000e+00 -5.615301513671875000e+01 -0.000000000000000000e+00 0.000000000000000000e+00 1.000000000000000000e+00 0.000000000000000000e+00
3.987490749837883097e-01 9.170600717507947364e-01 0.000000000000000000e+00 3.219602966308593750e+01 -9.170600717507947364e-01 3.987490749837883097e-01 -0.000000000000000000e+00 -5.889340972900390625e+01 -0.000000000000000000e+00 0.000000000000000000e+00 1.000000000000000000e+00 0.000000000000000000e+00
3.955455262803847516e-01 9.184463711287519372e-01 0.000000000000000000e+00 3.361195373535156250e+01 -9.184463711287519372e-01 3.955455262803847516e-01 -0.000000000000000000e+00 -6.177326583862304688e+01 -0.000000000000000000e+00 0.000000000000000000e+00 1.000000000000000000e+00 0.000000000000000000e+00
3.894454680887059483e-01 9.210495249361833059e-01 0.000000000000000000e+00 3.490293502807617188e+01 -9.210495249361833059e-01 3.894454680887059483e-01 -0.000000000000000000e+00 -6.470935821533203125e+01 -0.000000000000000000e+00 0.000000000000000000e+00 1.000000000000000000e+00 0.000000000000000000e+00
3.831671005403354258e-01 9.236790422346455864e-01 0.000000000000000000e+00 3.618616867065429688e+01 -9.236790422346455864e-01 3.831671005403354258e-01 -0.000000000000000000e+00 -6.764679718017578125e+01 -0.000000000000000000e+00 0.000000000000000000e+00 1.000000000000000000e+00 0.000000000000000000e+00
3.776791906820037292e-01 9.259365145223437121e-01 0.000000000000000000e+00 3.750345993041992188e+01 -9.259365145223437121e-01 3.776791906820037292e-01 -0.000000000000000000e+00 -7.056714630126953125e+01 -0.000000000000000000e+00 0.000000000000000000e+00 1.000000000000000000e+00 0.000000000000000000e+00
3.736354284304623796e-01 9.275756392993429467e-01 0.000000000000000000e+00 3.876353454589843750e+01 -9.275756392993429467e-01 3.736354284304623796e-01 -0.000000000000000000e+00 -7.364173126220703125e+01 -0.000000000000000000e+00 0.000000000000000000e+00 1.000000000000000000e+00 0.000000000000000000e+00
3.708816457244497045e-01 9.286801413106255954e-01 0.000000000000000000e+00 4.019876861572265625e+01 -9.286801413106255954e-01 3.708816457244497045e-01 -0.000000000000000000e+00 -7.650880432128906250e+01 -0.000000000000000000e+00 0.000000000000000000e+00 1.000000000000000000e+00 0.000000000000000000e+00
3.679622503694247593e-01 9.298407295354775837e-01 0.000000000000000000e+00 4.151554870605468750e+01 -9.298407295354775837e-01 3.679622503694247593e-01 -0.000000000000000000e+00 -7.919060516357421875e+01 -0.000000000000000000e+00 0.000000000000000000e+00 1.000000000000000000e+00 0.000000000000000000e+00
3.637390043776349557e-01 9.315009053642228087e-01 0.000000000000000000e+00 4.288732910156250000e+01 -9.315009053642228087e-01 3.637390043776349557e-01 -0.000000000000000000e+00 -8.208351898193359375e+01 -0.000000000000000000e+00 0.000000000000000000e+00 1.000000000000000000e+00 0.000000000000000000e+00
3.400091807950907929e-01 9.404221163791561811e-01 0.000000000000000000e+00 4.363834762573242188e+01 -9.404221163791561811e-01 3.400091807950907929e-01 -0.000000000000000000e+00 -8.494129943847656250e+01 -0.000000000000000000e+00 0.000000000000000000e+00 1.000000000000000000e+00 0.000000000000000000e+00
3.400091807950907929e-01 9.404221163791561811e-01 0.000000000000000000e+00 4.363834762573242188e+01 -9.404221163791561811e-01 3.400091807950907929e-01 -0.000000000000000000e+00 -8.494129943847656250e+01 -0.000000000000000000e+00 0.000000000000000000e+00 1.000000000000000000e+00 0.000000000000000000e+00
3.363234655514921734e-01 9.417465298685384623e-01 0.000000000000000000e+00 4.522064590454101562e+01 -9.417465298685384623e-01 3.363234655514921734e-01 -0.000000000000000000e+00 -8.948285675048828125e+01 -0.000000000000000000e+00 0.000000000000000000e+00 1.000000000000000000e+00 0.000000000000000000e+00
3.331556141376224023e-01 9.428718559637804253e-01 0.000000000000000000e+00 4.629828643798828125e+01 -9.428718559637804253e-01 3.331556141376224023e-01 -0.000000000000000000e+00 -9.252330780029296875e+01 -0.000000000000000000e+00 0.000000000000000000e+00 1.000000000000000000e+00 0.000000000000000000e+00
3.294721772508547586e-01 9.441652844802023159e-01 0.000000000000000000e+00 4.731044769287109375e+01 -9.441652844802023159e-01 3.294721772508547586e-01 -0.000000000000000000e+00 -9.540986633300781250e+01 -0.000000000000000000e+00 0.000000000000000000e+00 1.000000000000000000e+00 0.000000000000000000e+00
3.250145053889464952e-01 9.457090309851009513e-01 0.000000000000000000e+00 4.834812545776367188e+01 -9.457090309851009513e-01 3.250145053889464952e-01 -0.000000000000000000e+00 -9.832563018798828125e+01 -0.000000000000000000e+00 0.000000000000000000e+00 1.000000000000000000e+00 0.000000000000000000e+00
3.202149686570827658e-01 9.473449075431521482e-01 0.000000000000000000e+00 4.940319442749023438e+01 -9.473449075431521482e-01 3.202149686570827658e-01 -0.000000000000000000e+00 -1.013012695312500000e+02 -0.000000000000000000e+00 0.000000000000000000e+00 1.000000000000000000e+00 0.000000000000000000e+00
3.152064406112233819e-01 9.490231292214131864e-01 0.000000000000000000e+00 5.043868637084960938e+01 -9.490231292214131864e-01 3.152064406112233819e-01 -0.000000000000000000e+00 -1.043104782104492188e+02 -0.000000000000000000e+00 0.000000000000000000e+00 1.000000000000000000e+00 0.000000000000000000e+00
3.100127451170174853e-01 9.507324007653316089e-01 0.000000000000000000e+00 5.145113372802734375e+01 -9.507324007653316089e-01 3.100127451170174853e-01 -0.000000000000000000e+00 -1.073260879516601562e+02 -0.000000000000000000e+00 0.000000000000000000e+00 1.000000000000000000e+00 0.000000000000000000e+00
3.046913009390818106e-01 9.524511594470603804e-01 0.000000000000000000e+00 5.244855880737304688e+01 -9.524511594470603804e-01 3.046913009390818106e-01 -0.000000000000000000e+00 -1.103565216064453125e+02 -0.000000000000000000e+00 0.000000000000000000e+00 1.000000000000000000e+00 0.000000000000000000e+00
2.992769238110244423e-01 9.541662972848130586e-01 0.000000000000000000e+00 5.339234161376953125e+01 -9.541662972848130586e-01 2.992769238110244423e-01 -0.000000000000000000e+00 -1.133642349243164062e+02 -0.000000000000000000e+00 0.000000000000000000e+00 1.000000000000000000e+00 0.000000000000000000e+00
2.938319847657703265e-01 9.558570838407843828e-01 0.000000000000000000e+00 5.428028106689453125e+01 -9.558570838407843828e-01 2.938319847657703265e-01 -0.000000000000000000e+00 -1.163598480224609375e+02 -0.000000000000000000e+00 0.000000000000000000e+00 1.000000000000000000e+00 0.000000000000000000e+00
2.884342612551815677e-01 9.574997007488709189e-01 0.000000000000000000e+00 5.516825866699218750e+01 -9.574997007488709189e-01 2.884342612551815677e-01 -0.000000000000000000e+00 -1.193260421752929688e+02 -0.000000000000000000e+00 0.000000000000000000e+00 1.000000000000000000e+00 0.000000000000000000e+00
2.829632782892165244e-01 9.591307435067542020e-01 0.000000000000000000e+00 5.606053924560546875e+01 -9.591307435067542020e-01 2.829632782892165244e-01 -0.000000000000000000e+00 -1.223458328247070312e+02 -0.000000000000000000e+00 0.000000000000000000e+00 1.000000000000000000e+00 0.000000000000000000e+00
2.776589220127599900e-01 9.606797192752181136e-01 0.000000000000000000e+00 5.692889404296875000e+01 -9.606797192752181136e-01 2.776589220127599900e-01 -0.000000000000000000e+00 -1.253879318237304688e+02 -0.000000000000000000e+00 0.000000000000000000e+00 1.000000000000000000e+00 0.000000000000000000e+00
2.722808804808617422e-01 9.622178142835262626e-01 0.000000000000000000e+00 5.779350280761718750e+01 -9.622178142835262626e-01 2.722808804808617422e-01 -0.000000000000000000e+00 -1.284247131347656250e+02 -0.000000000000000000e+00 0.000000000000000000e+00 1.000000000000000000e+00 0.000000000000000000e+00
2.668098710240192073e-01 9.637491855893556281e-01 0.000000000000000000e+00 5.866251754760742188e+01 -9.637491855893556281e-01 2.668098710240192073e-01 -0.000000000000000000e+00 -1.314613952636718750e+02 -0.000000000000000000e+00 0.000000000000000000e+00 1.000000000000000000e+00 0.000000000000000000e+00
2.612850289837991280e-01 9.652616917856705614e-01 0.000000000000000000e+00 5.951737213134765625e+01 -9.652616917856705614e-01 2.612850289837991280e-01 -0.000000000000000000e+00 -1.345232391357421875e+02 -0.000000000000000000e+00 0.000000000000000000e+00 1.000000000000000000e+00 0.000000000000000000e+00
2.558007347096733497e-01 9.667295299730900293e-01 0.000000000000000000e+00 6.033994293212890625e+01 -9.667295299730900293e-01 2.558007347096733497e-01 -0.000000000000000000e+00 -1.375596160888671875e+02 -0.000000000000000000e+00 0.000000000000000000e+00 1.000000000000000000e+00 0.000000000000000000e+00
2.503430770124310811e-01 9.681571896091810681e-01 0.000000000000000000e+00 6.113046264648437500e+01 -9.681571896091810681e-01 2.503430770124310811e-01 -0.000000000000000000e+00 -1.405946044921875000e+02 -0.000000000000000000e+00 0.000000000000000000e+00 1.000000000000000000e+00 0.000000000000000000e+00
2.448445844264592886e-01 9.695623391391778867e-01 0.000000000000000000e+00 6.190808486938476562e+01 -9.695623391391778867e-01 2.448445844264592886e-01 -0.000000000000000000e+00 -1.436091003417968750e+02 -0.000000000000000000e+00 0.000000000000000000e+00 1.000000000000000000e+00 0.000000000000000000e+00
2.391315440124094360e-01 9.709871804808964946e-01 0.000000000000000000e+00 6.268346786499023438e+01 -9.709871804808964946e-01 2.391315440124094360e-01 -0.000000000000000000e+00 -1.466013031005859375e+02 -0.000000000000000000e+00 0.000000000000000000e+00 1.000000000000000000e+00 0.000000000000000000e+00
2.333381321331449154e-01 9.723956582032928786e-01 0.000000000000000000e+00 6.343592071533203125e+01 -9.723956582032928786e-01 2.333381321331449154e-01 -0.000000000000000000e+00 -1.495878143310546875e+02 -0.000000000000000000e+00 0.000000000000000000e+00 1.000000000000000000e+00 0.000000000000000000e+00
2.220537727765032887e-01 9.750344209286770925e-01 0.000000000000000000e+00 6.481943511962890625e+01 -9.750344209286770925e-01 2.220537727765032887e-01 -0.000000000000000000e+00 -1.553361358642578125e+02 -0.000000000000000000e+00 0.000000000000000000e+00 1.000000000000000000e+00 0.000000000000000000e+00
2.220537727765032887e-01 9.750344209286770925e-01 0.000000000000000000e+00 6.481943511962890625e+01 -9.750344209286770925e-01 2.220537727765032887e-01 -0.000000000000000000e+00 -1.553361358642578125e+02 -0.000000000000000000e+00 0.000000000000000000e+00 1.000000000000000000e+00 0.000000000000000000e+00
2.170078216912171287e-01 9.761698649952440521e-01 0.000000000000000000e+00 6.526461029052734375e+01 -9.761698649952440521e-01 2.170078216912171287e-01 -0.000000000000000000e+00 -1.571277923583984375e+02 -0.000000000000000000e+00 0.000000000000000000e+00 1.000000000000000000e+00 0.000000000000000000e+00
2.112909978803577671e-01 9.774232011849944834e-01 0.000000000000000000e+00 6.596009826660156250e+01 -9.774232011849944834e-01 2.112909978803577671e-01 -0.000000000000000000e+00 -1.601511383056640625e+02 -0.000000000000000000e+00 0.000000000000000000e+00 1.000000000000000000e+00 0.000000000000000000e+00
2.054291967015088316e-01 9.786719803604131407e-01 0.000000000000000000e+00 6.665290069580078125e+01 -9.786719803604131407e-01 2.054291967015088316e-01 -0.000000000000000000e+00 -1.632175598144531250e+02 -0.000000000000000000e+00 0.000000000000000000e+00 1.000000000000000000e+00 0.000000000000000000e+00
1.993736674477916138e-01 9.799235382051078025e-01 0.000000000000000000e+00 6.732613372802734375e+01 -9.799235382051078025e-01 1.993736674477916138e-01 -0.000000000000000000e+00 -1.663343658447265625e+02 -0.000000000000000000e+00 0.000000000000000000e+00 1.000000000000000000e+00 0.000000000000000000e+00
1.924062010230754849e-01 9.813153691896747688e-01 0.000000000000000000e+00 6.806919860839843750e+01 -9.813153691896747688e-01 1.924062010230754849e-01 -0.000000000000000000e+00 -1.699155426025390625e+02 -0.000000000000000000e+00 0.000000000000000000e+00 1.000000000000000000e+00 0.000000000000000000e+00
1.879310289452976734e-01 9.821822276744582858e-01 0.000000000000000000e+00 6.857032012939453125e+01 -9.821822276744582858e-01 1.879310289452976734e-01 -0.000000000000000000e+00 -1.725556182861328125e+02 -0.000000000000000000e+00 0.000000000000000000e+00 1.000000000000000000e+00 0.000000000000000000e+00
1.821313993877837767e-01 9.832742004939658553e-01 0.000000000000000000e+00 6.917119598388671875e+01 -9.832742004939658553e-01 1.821313993877837767e-01 -0.000000000000000000e+00 -1.758217163085937500e+02 -0.000000000000000000e+00 0.000000000000000000e+00 1.000000000000000000e+00 0.000000000000000000e+00
1.763603643336540960e-01 9.843256686138488476e-01 0.000000000000000000e+00 6.975045776367187500e+01 -9.843256686138488476e-01 1.763603643336540960e-01 -0.000000000000000000e+00 -1.790698547363281250e+02 -0.000000000000000000e+00 0.000000000000000000e+00 1.000000000000000000e+00 0.000000000000000000e+00
1.763603643336540960e-01 9.843256686138488476e-01 0.000000000000000000e+00 6.975045776367187500e+01 -9.843256686138488476e-01 1.763603643336540960e-01 -0.000000000000000000e+00 -1.790698547363281250e+02 -0.000000000000000000e+00 0.000000000000000000e+00 1.000000000000000000e+00 0.000000000000000000e+00
1.666472618932992589e-01 9.860165769922258905e-01 0.000000000000000000e+00 7.051932525634765625e+01 -9.860165769922258905e-01 1.666472618932992589e-01 -0.000000000000000000e+00 -1.833760070800781250e+02 -0.000000000000000000e+00 0.000000000000000000e+00 1.000000000000000000e+00 0.000000000000000000e+00
1.608492355143139596e-01 9.869789883449701096e-01 0.000000000000000000e+00 7.107664489746093750e+01 -9.869789883449701096e-01 1.608492355143139596e-01 -0.000000000000000000e+00 -1.864940490722656250e+02 -0.000000000000000000e+00 0.000000000000000000e+00 1.000000000000000000e+00 0.000000000000000000e+00
1.552565031800360318e-01 9.878741914941938651e-01 0.000000000000000000e+00 7.159758758544921875e+01 -9.878741914941938651e-01 1.552565031800360318e-01 -0.000000000000000000e+00 -1.896508941650390625e+02 -0.000000000000000000e+00 0.000000000000000000e+00 1.000000000000000000e+00 0.000000000000000000e+00
1.499081686969779836e-01 9.886999246272440978e-01 0.000000000000000000e+00 7.211161041259765625e+01 -9.886999246272440978e-01 1.499081686969779836e-01 -0.000000000000000000e+00 -1.928572998046875000e+02 -0.000000000000000000e+00 0.000000000000000000e+00 1.000000000000000000e+00 0.000000000000000000e+00
1.450795115686175363e-01 9.894199994557475453e-01 0.000000000000000000e+00 7.257469940185546875e+01 -9.894199994557475453e-01 1.450795115686175363e-01 -0.000000000000000000e+00 -1.961250152587890625e+02 -0.000000000000000000e+00 0.000000000000000000e+00 1.000000000000000000e+00 0.000000000000000000e+00
1.407600563925003323e-01 9.900437397026355946e-01 0.000000000000000000e+00 7.300362396240234375e+01 -9.900437397026355946e-01 1.407600563925003323e-01 -0.000000000000000000e+00 -1.994616699218750000e+02 -0.000000000000000000e+00 0.000000000000000000e+00 1.000000000000000000e+00 0.000000000000000000e+00
1.368025422515692924e-01 9.905983365792149220e-01 0.000000000000000000e+00 7.342105102539062500e+01 -9.905983365792149220e-01 1.368025422515692924e-01 -0.000000000000000000e+00 -2.028614044189453125e+02 -0.000000000000000000e+00 0.000000000000000000e+00 1.000000000000000000e+00 0.000000000000000000e+00
1.331894806249218632e-01 9.910905923531225792e-01 0.000000000000000000e+00 7.376934051513671875e+01 -9.910905923531225792e-01 1.331894806249218632e-01 -0.000000000000000000e+00 -2.057484893798828125e+02 -0.000000000000000000e+00 0.000000000000000000e+00 1.000000000000000000e+00 0.000000000000000000e+00
1.297787392743927626e-01 9.915429788124915378e-01 0.000000000000000000e+00 7.411081695556640625e+01 -9.915429788124915378e-01 1.297787392743927626e-01 -0.000000000000000000e+00 -2.086665649414062500e+02 -0.000000000000000000e+00 0.000000000000000000e+00 1.000000000000000000e+00 0.000000000000000000e+00
1.265879704148320517e-01 9.919553849575361015e-01 0.000000000000000000e+00 7.443471527099609375e+01 -9.919553849575361015e-01 1.265879704148320517e-01 -0.000000000000000000e+00 -2.116495971679687500e+02 -0.000000000000000000e+00 0.000000000000000000e+00 1.000000000000000000e+00 0.000000000000000000e+00
1.239302832659336939e-01 9.922909275457604261e-01 0.000000000000000000e+00 7.466934967041015625e+01 -9.922909275457604261e-01 1.239302832659336939e-01 -0.000000000000000000e+00 -2.136787109375000000e+02 -0.000000000000000000e+00 0.000000000000000000e+00 1.000000000000000000e+00 0.000000000000000000e+00
1.212097402279133096e-01 9.926269182698408411e-01 0.000000000000000000e+00 7.498706817626953125e+01 -9.926269182698408411e-01 1.212097402279133096e-01 -0.000000000000000000e+00 -2.166544342041015625e+02 -0.000000000000000000e+00 0.000000000000000000e+00 1.000000000000000000e+00 0.000000000000000000e+00
1.187128991789379029e-01 9.929286215879422617e-01 0.000000000000000000e+00 7.529495239257812500e+01 -9.929286215879422617e-01 1.187128991789379029e-01 -0.000000000000000000e+00 -2.196471252441406250e+02 -0.000000000000000000e+00 0.000000000000000000e+00 1.000000000000000000e+00 0.000000000000000000e+00
1.164803824751695638e-01 9.931929925741714849e-01 0.000000000000000000e+00 7.558876037597656250e+01 -9.931929925741714849e-01 1.164803824751695638e-01 -0.000000000000000000e+00 -2.227018280029296875e+02 -0.000000000000000000e+00 0.000000000000000000e+00 1.000000000000000000e+00 0.000000000000000000e+00
1.142883303285894270e-01 9.934476219462721192e-01 0.000000000000000000e+00 7.588352966308593750e+01 -9.934476219462721192e-01 1.142883303285894270e-01 -0.000000000000000000e+00 -2.257698822021484375e+02 -0.000000000000000000e+00 0.000000000000000000e+00 1.000000000000000000e+00 0.000000000000000000e+00
1.121850604574599064e-01 9.936873312114610224e-01 0.000000000000000000e+00 7.618030548095703125e+01 -9.936873312114610224e-01 1.121850604574599064e-01 -0.000000000000000000e+00 -2.287935180664062500e+02 -0.000000000000000000e+00 0.000000000000000000e+00 1.000000000000000000e+00 0.000000000000000000e+00
1.121850604574599064e-01 9.936873312114610224e-01 0.000000000000000000e+00 7.618030548095703125e+01 -9.936873312114610224e-01 1.121850604574599064e-01 -0.000000000000000000e+00 -2.287935180664062500e+02 -0.000000000000000000e+00 0.000000000000000000e+00 1.000000000000000000e+00 0.000000000000000000e+00
1.121850604574599064e-01 9.936873312114610224e-01 0.000000000000000000e+00 7.618030548095703125e+01 -9.936873312114610224e-01 1.121850604574599064e-01 -0.000000000000000000e+00 -2.287935180664062500e+02 -0.000000000000000000e+00 0.000000000000000000e+00 1.000000000000000000e+00 0.000000000000000000e+00
1.107829341029294978e-01 9.938446264439657618e-01 0.000000000000000000e+00 7.629170227050781250e+01 -9.938446264439657618e-01 1.107829341029294978e-01 -0.000000000000000000e+00 -2.318946380615234375e+02 -0.000000000000000000e+00 0.000000000000000000e+00 1.000000000000000000e+00 0.000000000000000000e+00
1.112722825651327740e-01 9.937899572508999135e-01 0.000000000000000000e+00 7.644266510009765625e+01 -9.937899572508999135e-01 1.112722825651327740e-01 -0.000000000000000000e+00 -2.336887359619140625e+02 -0.000000000000000000e+00 0.000000000000000000e+00 1.000000000000000000e+00 0.000000000000000000e+00
1.121921144009764282e-01 9.936865348117777108e-01 0.000000000000000000e+00 7.649825286865234375e+01 -9.936865348117777108e-01 1.121921144009764282e-01 -0.000000000000000000e+00 -2.333691864013671875e+02 -0.000000000000000000e+00 0.000000000000000000e+00 1.000000000000000000e+00 0.000000000000000000e+00
1.134853101529319508e-01 9.935396742855783225e-01 0.000000000000000000e+00 7.656588745117187500e+01 -9.935396742855783225e-01 1.134853101529319508e-01 -0.000000000000000000e+00 -2.332710571289062500e+02 -0.000000000000000000e+00 0.000000000000000000e+00 1.000000000000000000e+00 0.000000000000000000e+00
1.136826033366127309e-01 9.935171189761203836e-01 0.000000000000000000e+00 7.675594329833984375e+01 -9.935171189761203836e-01 1.136826033366127309e-01 -0.000000000000000000e+00 -2.341742706298828125e+02 -0.000000000000000000e+00 0.000000000000000000e+00 1.000000000000000000e+00 0.000000000000000000e+00
1.120287194594180580e-01 9.937049693023994879e-01 0.000000000000000000e+00 7.687988281250000000e+01 -9.937049693023994879e-01 1.120287194594180580e-01 -0.000000000000000000e+00 -2.359522247314453125e+02 -0.000000000000000000e+00 0.000000000000000000e+00 1.000000000000000000e+00 0.000000000000000000e+00
1.103843401019188875e-01 9.938889764255681714e-01 0.000000000000000000e+00 7.705037689208984375e+01 -9.938889764255681714e-01 1.103843401019188875e-01 -0.000000000000000000e+00 -2.379351196289062500e+02 -0.000000000000000000e+00 0.000000000000000000e+00 1.000000000000000000e+00 0.000000000000000000e+00
1.088484576033815765e-01 9.940583550664241486e-01 0.000000000000000000e+00 7.721556854248046875e+01 -9.940583550664241486e-01 1.088484576033815765e-01 -0.000000000000000000e+00 -2.401192779541015625e+02 -0.000000000000000000e+00 0.000000000000000000e+00 1.000000000000000000e+00 0.000000000000000000e+00
1.069874007096188739e-01 9.942603764051946014e-01 0.000000000000000000e+00 7.740665435791015625e+01 -9.942603764051946014e-01 1.069874007096188739e-01 -0.000000000000000000e+00 -2.424875183105468750e+02 -0.000000000000000000e+00 0.000000000000000000e+00 1.000000000000000000e+00 0.000000000000000000e+00
1.059772067563901077e-01 9.943685592616617885e-01 0.000000000000000000e+00 7.738722229003906250e+01 -9.943685592616617885e-01 1.059772067563901077e-01 -0.000000000000000000e+00 -2.432949981689453125e+02 -0.000000000000000000e+00 0.000000000000000000e+00 1.000000000000000000e+00 0.000000000000000000e+00
1.044712024465828115e-01 9.945279120564515241e-01 0.000000000000000000e+00 7.763478851318359375e+01 -9.945279120564515241e-01 1.044712024465828115e-01 -0.000000000000000000e+00 -2.456372375488281250e+02 -0.000000000000000000e+00 0.000000000000000000e+00 1.000000000000000000e+00 0.000000000000000000e+00
1.025736144953462992e-01 9.947254161874822254e-01 0.000000000000000000e+00 7.794131469726562500e+01 -9.947254161874822254e-01 1.025736144953462992e-01 -0.000000000000000000e+00 -2.474515533447265625e+02 -0.000000000000000000e+00 0.000000000000000000e+00 1.000000000000000000e+00 0.000000000000000000e+00
1.025736144953462992e-01 9.947254161874822254e-01 0.000000000000000000e+00 7.794131469726562500e+01 -9.947254161874822254e-01 1.025736144953462992e-01 -0.000000000000000000e+00 -2.474515533447265625e+02 -0.000000000000000000e+00 0.000000000000000000e+00 1.000000000000000000e+00 0.000000000000000000e+00
1.020578426447259490e-01 9.947784661695810993e-01 0.000000000000000000e+00 7.831501770019531250e+01 -9.947784661695810993e-01 1.020578426447259490e-01 -0.000000000000000000e+00 -2.485994873046875000e+02 -0.000000000000000000e+00 0.000000000000000000e+00 1.000000000000000000e+00 0.000000000000000000e+00
1.020578426447259490e-01 9.947784661695810993e-01 0.000000000000000000e+00 7.831501770019531250e+01 -9.947784661695810993e-01 1.020578426447259490e-01 -0.000000000000000000e+00 -2.485994873046875000e+02 -0.000000000000000000e+00 0.000000000000000000e+00 1.000000000000000000e+00 0.000000000000000000e+00
1.019754461139593671e-01 9.947869160729140292e-01 0.000000000000000000e+00 7.876676177978515625e+01 -9.947869160729140292e-01 1.019754461139593671e-01 -0.000000000000000000e+00 -2.495312805175781250e+02 -0.000000000000000000e+00 0.000000000000000000e+00 1.000000000000000000e+00 0.000000000000000000e+00
1.021144111750623695e-01 9.947726609785626506e-01 0.000000000000000000e+00 7.897410583496093750e+01 -9.947726609785626506e-01 1.021144111750623695e-01 -0.000000000000000000e+00 -2.498407440185546875e+02 -0.000000000000000000e+00 0.000000000000000000e+00 1.000000000000000000e+00 0.000000000000000000e+00
1.014681535117786249e-01 9.948387878560577269e-01 0.000000000000000000e+00 7.914735412597656250e+01 -9.948387878560577269e-01 1.014681535117786249e-01 -0.000000000000000000e+00 -2.501949462890625000e+02 -0.000000000000000000e+00 0.000000000000000000e+00 1.000000000000000000e+00 0.000000000000000000e+00
9.828955702362596192e-02 9.951578583220349605e-01 0.000000000000000000e+00 7.877288055419921875e+01 -9.951578583220349605e-01 9.828955702362596192e-02 -0.000000000000000000e+00 -2.496376953125000000e+02 -0.000000000000000000e+00 0.000000000000000000e+00 1.000000000000000000e+00 0.000000000000000000e+00
9.950827094427650010e-02 9.950367350071456229e-01 0.000000000000000000e+00 7.915963745117187500e+01 -9.950367350071456229e-01 9.950827094427650010e-02 -0.000000000000000000e+00 -2.510100708007812500e+02 -0.000000000000000000e+00 0.000000000000000000e+00 1.000000000000000000e+00 0.000000000000000000e+00
1.000993207483615866e-01 9.949774499885495338e-01 0.000000000000000000e+00 7.931832885742187500e+01 -9.949774499885495338e-01 1.000993207483615866e-01 -0.000000000000000000e+00 -2.519658966064453125e+02 -0.000000000000000000e+00 0.000000000000000000e+00 1.000000000000000000e+00 0.000000000000000000e+00
1.000993207483615866e-01 9.949774499885495338e-01 0.000000000000000000e+00 7.931832885742187500e+01 -9.949774499885495338e-01 1.000993207483615866e-01 -0.000000000000000000e+00 -2.519658966064453125e+02 -0.000000000000000000e+00 0.000000000000000000e+00 1.000000000000000000e+00 0.000000000000000000e+00
1.000993207483615866e-01 9.949774499885495338e-01 0.000000000000000000e+00 7.931832885742187500e+01 -9.949774499885495338e-01 1.000993207483615866e-01 -0.000000000000000000e+00 -2.519658966064453125e+02 -0.000000000000000000e+00 0.000000000000000000e+00 1.000000000000000000e+00 0.000000000000000000e+00
1.049467558176896409e-01 9.944778421077777875e-01 0.000000000000000000e+00 7.813626861572265625e+01 -9.944778421077777875e-01 1.049467558176896409e-01 -0.000000000000000000e+00 -2.512695922851562500e+02 -0.000000000000000000e+00 0.000000000000000000e+00 1.000000000000000000e+00 0.000000000000000000e+00
1.068262743666184011e-01 9.942777012006996928e-01 0.000000000000000000e+00 7.770686340332031250e+01 -9.942777012006996928e-01 1.068262743666184011e-01 -0.000000000000000000e+00 -2.516519775390625000e+02 -0.000000000000000000e+00 0.000000000000000000e+00 1.000000000000000000e+00 0.000000000000000000e+00
1.086250115048733589e-01 9.940827967908739682e-01 0.000000000000000000e+00 7.720553588867187500e+01 -9.940827967908739682e-01 1.086250115048733589e-01 -0.000000000000000000e+00 -2.505096588134765625e+02 -0.000000000000000000e+00 0.000000000000000000e+00 1.000000000000000000e+00 0.000000000000000000e+00
1.073805746961797869e-01 9.942179902707042327e-01 0.000000000000000000e+00 7.704776000976562500e+01 -9.942179902707042327e-01 1.073805746961797869e-01 -0.000000000000000000e+00 -2.494120178222656250e+02 -0.000000000000000000e+00 0.000000000000000000e+00 1.000000000000000000e+00 0.000000000000000000e+00
1.073805746961797869e-01 9.942179902707042327e-01 0.000000000000000000e+00 7.704776000976562500e+01 -9.942179902707042327e-01 1.073805746961797869e-01 -0.000000000000000000e+00 -2.494120178222656250e+02 -0.000000000000000000e+00 0.000000000000000000e+00 1.000000000000000000e+00 0.000000000000000000e+00
1.085146262366416536e-01 9.940948525632360422e-01 0.000000000000000000e+00 7.680534362792968750e+01 -9.940948525632360422e-01 1.085146262366416536e-01 -0.000000000000000000e+00 -2.468554992675781250e+02 -0.000000000000000000e+00 0.000000000000000000e+00 1.000000000000000000e+00 0.000000000000000000e+00
1.085146262366416536e-01 9.940948525632360422e-01 0.000000000000000000e+00 7.680534362792968750e+01 -9.940948525632360422e-01 1.085146262366416536e-01 -0.000000000000000000e+00 -2.468554992675781250e+02 -0.000000000000000000e+00 0.000000000000000000e+00 1.000000000000000000e+00 0.000000000000000000e+00
1.014067285736128810e-01 9.948450509501456374e-01 0.000000000000000000e+00 7.723676300048828125e+01 -9.948450509501456374e-01 1.014067285736128810e-01 -0.000000000000000000e+00 -2.437706756591796875e+02 -0.000000000000000000e+00 0.000000000000000000e+00 1.000000000000000000e+00 0.000000000000000000e+00
1.014067285736128810e-01 9.948450509501456374e-01 0.000000000000000000e+00 7.723676300048828125e+01 -9.948450509501456374e-01 1.014067285736128810e-01 -0.000000000000000000e+00 -2.437706756591796875e+02 -0.000000000000000000e+00 0.000000000000000000e+00 1.000000000000000000e+00 0.000000000000000000e+00
9.788827765342533738e-02 9.951974101142174733e-01 0.000000000000000000e+00 7.717235565185546875e+01 -9.951974101142174733e-01 9.788827765342533738e-02 -0.000000000000000000e+00 -2.401395263671875000e+02 -0.000000000000000000e+00 0.000000000000000000e+00 1.000000000000000000e+00 0.000000000000000000e+00
9.825181824904849481e-02 9.951615849754027465e-01 0.000000000000000000e+00 7.689963531494140625e+01 -9.951615849754027465e-01 9.825181824904849481e-02 -0.000000000000000000e+00 -2.379201507568359375e+02 -0.000000000000000000e+00 0.000000000000000000e+00 1.000000000000000000e+00 0.000000000000000000e+00
1.028115887780545190e-01 9.947008481010420899e-01 0.000000000000000000e+00 7.614852142333984375e+01 -9.947008481010420899e-01 1.028115887780545190e-01 -0.000000000000000000e+00 -2.352870635986328125e+02 -0.000000000000000000e+00 0.000000000000000000e+00 1.000000000000000000e+00 0.000000000000000000e+00
1.028115887780545190e-01 9.947008481010420899e-01 0.000000000000000000e+00 7.614852142333984375e+01 -9.947008481010420899e-01 1.028115887780545190e-01 -0.000000000000000000e+00 -2.352870635986328125e+02 -0.000000000000000000e+00 0.000000000000000000e+00 1.000000000000000000e+00 0.000000000000000000e+00
1.025034199470999940e-01 9.947326519719499327e-01 0.000000000000000000e+00 7.632293701171875000e+01 -9.947326519719499327e-01 1.025034199470999940e-01 -0.000000000000000000e+00 -2.355234985351562500e+02 -0.000000000000000000e+00 0.000000000000000000e+00 1.000000000000000000e+00 0.000000000000000000e+00
1.014624324738120364e-01 9.948393713542390548e-01 0.000000000000000000e+00 7.648249053955078125e+01 -9.948393713542390548e-01 1.014624324738120364e-01 -0.000000000000000000e+00 -2.365722198486328125e+02 -0.000000000000000000e+00 0.000000000000000000e+00 1.000000000000000000e+00 0.000000000000000000e+00
9.999069278494487900e-02 9.949883724729584600e-01 0.000000000000000000e+00 7.666250610351562500e+01 -9.949883724729584600e-01 9.999069278494487900e-02 -0.000000000000000000e+00 -2.381329040527343750e+02 -0.000000000000000000e+00 0.000000000000000000e+00 1.000000000000000000e+00 0.000000000000000000e+00
9.945539608155640199e-02 9.950420213188289065e-01 0.000000000000000000e+00 7.658319854736328125e+01 -9.950420213188289065e-01 9.945539608155640199e-02 -0.000000000000000000e+00 -2.382868499755859375e+02 -0.000000000000000000e+00 0.000000000000000000e+00 1.000000000000000000e+00 0.000000000000000000e+00
1.008135764176785187e-01 9.949053335920341468e-01 0.000000000000000000e+00 7.632062530517578125e+01 -9.949053335920341468e-01 1.008135764176785187e-01 -0.000000000000000000e+00 -2.379176635742187500e+02 -0.000000000000000000e+00 0.000000000000000000e+00 1.000000000000000000e+00 0.000000000000000000e+00
9.952962765012185464e-02 9.950345990064005663e-01 0.000000000000000000e+00 7.680254364013671875e+01 -9.950345990064005663e-01 9.952962765012185464e-02 -0.000000000000000000e+00 -2.396874084472656250e+02 -0.000000000000000000e+00 0.000000000000000000e+00 1.000000000000000000e+00 0.000000000000000000e+00
9.748478481697753217e-02 9.952370153532210661e-01 0.000000000000000000e+00 7.730885314941406250e+01 -9.952370153532210661e-01 9.748478481697753217e-02 -0.000000000000000000e+00 -2.417072601318359375e+02 -0.000000000000000000e+00 0.000000000000000000e+00 1.000000000000000000e+00 0.000000000000000000e+00
9.748478481697753217e-02 9.952370153532210661e-01 0.000000000000000000e+00 7.730885314941406250e+01 -9.952370153532210661e-01 9.748478481697753217e-02 -0.000000000000000000e+00 -2.417072601318359375e+02 -0.000000000000000000e+00 0.000000000000000000e+00 1.000000000000000000e+00 0.000000000000000000e+00
9.488090223650136323e-02 9.954886309701319602e-01 0.000000000000000000e+00 7.778153991699218750e+01 -9.954886309701319602e-01 9.488090223650136323e-02 -0.000000000000000000e+00 -2.434680938720703125e+02 -0.000000000000000000e+00 0.000000000000000000e+00 1.000000000000000000e+00 0.000000000000000000e+00
9.608110149103654685e-02 9.953735087575261709e-01 0.000000000000000000e+00 7.766780853271484375e+01 -9.953735087575261709e-01 9.608110149103654685e-02 -0.000000000000000000e+00 -2.454108734130859375e+02 -0.000000000000000000e+00 0.000000000000000000e+00 1.000000000000000000e+00 0.000000000000000000e+00
9.742978694373582993e-02 9.952424009336108268e-01 0.000000000000000000e+00 7.757757568359375000e+01 -9.952424009336108268e-01 9.742978694373582993e-02 -0.000000000000000000e+00 -2.477297210693359375e+02 -0.000000000000000000e+00 0.000000000000000000e+00 1.000000000000000000e+00 0.000000000000000000e+00
9.760302692465594454e-02 9.952254262905187998e-01 0.000000000000000000e+00 7.762033843994140625e+01 -9.952254262905187998e-01 9.760302692465594454e-02 -0.000000000000000000e+00 -2.501808471679687500e+02 -0.000000000000000000e+00 0.000000000000000000e+00 1.000000000000000000e+00 0.000000000000000000e+00
