4.905996127238921867e-01 8.713851157755490018e-01 0.000000000000000000e+00 0.000000000000000000e+00 -8.713851157755490018e-01 4.905996127238921867e-01 -0.000000000000000000e+00 0.000000000000000000e+00 -0.000000000000000000e+00 0.000000000000000000e+00 1.000000000000000000e+00 0.000000000000000000e+00
4.858778077124608075e-01 8.740267478587443462e-01 0.000000000000000000e+00 1.585972398517327520e+00 -8.740267478587443462e-01 4.858778077124608075e-01 -0.000000000000000000e+00 -2.756035612520918221e+00 -0.000000000000000000e+00 0.000000000000000000e+00 1.000000000000000000e+00 0.000000000000000000e+00
4.812947749802097830e-01 8.765588055440144410e-01 0.000000000000000000e+00 3.297378626733404872e+00 -8.765588055440144410e-01 4.812947749802097830e-01 -0.000000000000000000e+00 -5.324352926451865642e+00 -0.000000000000000000e+00 0.000000000000000000e+00 1.000000000000000000e+00 0.000000000000000000e+00
4.759312353644958860e-01 8.794824951097235388e-01 0.000000000000000000e+00 4.855685488110832893e+00 -8.794824951097235388e-01 4.759312353644958860e-01 -0.000000000000000000e+00 -8.093390775848547491e+00 -0.000000000000000000e+00 0.000000000000000000e+00 1.000000000000000000e+00 0.000000000000000000e+00
4.708579138639471529e-01 8.822090596631231296e-01 0.000000000000000000e+00 6.541829982232023610e+00 -8.822090596631231296e-01 4.708579138639471529e-01 -0.000000000000000000e+00 -1.085606864293640683e+01 -0.000000000000000000e+00 0.000000000000000000e+00 1.000000000000000000e+00 0.000000000000000000e+00
4.666953889300821112e-01 8.844181216774108512e-01 0.000000000000000000e+00 8.151718889503083432e+00 -8.844181216774108512e-01 4.666953889300821112e-01 -0.000000000000000000e+00 -1.359262623937775061e+01 -0.000000000000000000e+00 0.000000000000000000e+00 1.000000000000000000e+00 0.000000000000000000e+00
4.639146089791970073e-01 8.858799216460878645e-01 0.000000000000000000e+00 9.816929045343243843e+00 -8.858799216460878645e-01 4.639146089791970073e-01 -0.000000000000000000e+00 -1.648042482256005314e+01 -0.000000000000000000e+00 0.000000000000000000e+00 1.000000000000000000e+00 0.000000000000000000e+00
4.567874343342993582e-01 8.895758763783380152e-01 0.000000000000000000e+00 1.129919871299529532e+01 -8.895758763783380152e-01 4.567874343342993582e-01 -0.000000000000000000e+00 -1.928507071973899656e+01 -0.000000000000000000e+00 0.000000000000000000e+00 1.000000000000000000e+00 0.000000000000000000e+00
4.553118344576415621e-01 8.903320354804814540e-01 0.000000000000000000e+00 1.302259387256175316e+01 -8.903320354804814540e-01 4.553118344576415621e-01 -0.000000000000000000e+00 -2.204799522842313309e+01 -0.000000000000000000e+00 0.000000000000000000e+00 1.000000000000000000e+00 0.000000000000000000e+00
4.538349828506270667e-01 8.910857469070925241e-01 0.000000000000000000e+00 1.474593375116007010e+01 -8.910857469070925241e-01 4.538349828506270667e-01 -0.000000000000000000e+00 -2.481081372666812968e+01 -0.000000000000000000e+00 0.000000000000000000e+00 1.000000000000000000e+00 0.000000000000000000e+00
4.485392140183948051e-01 8.937631529033631672e-01 0.000000000000000000e+00 1.619153872526297633e+01 -8.937631529033631672e-01 4.485392140183948051e-01 -0.000000000000000000e+00 -2.756648001924577329e+01 -0.000000000000000000e+00 0.000000000000000000e+00 1.000000000000000000e+00 0.000000000000000000e+00
4.447915036056032667e-01 8.956341431188666879e-01 0.000000000000000000e+00 1.781505083418603164e+01 -8.956341431188666879e-01 4.447915036056032667e-01 -0.000000000000000000e+00 -3.047317962195347718e+01 -0.000000000000000000e+00 0.000000000000000000e+00 1.000000000000000000e+00 0.000000000000000000e+00
4.410359889087880347e-01 8.974894185934716440e-01 0.000000000000000000e+00 1.932691026862158523e+01 -8.974894185934716440e-01 4.410359889087880347e-01 -0.000000000000000000e+00 -3.319130553165541642e+01 -0.000000000000000000e+00 0.000000000000000000e+00 1.000000000000000000e+00 0.000000000000000000e+00
4.383711467890777369e-01 8.987940462991668156e-01 0.000000000000000000e+00 2.088161682119380558e+01 -8.987940462991668156e-01 4.383711467890777369e-01 -0.000000000000000000e+00 -3.606956507216546015e+01 -0.000000000000000000e+00 0.000000000000000000e+00 1.000000000000000000e+00 0.000000000000000000e+00
4.322431416890143430e-01 9.017570994801265005e-01 0.000000000000000000e+00 2.240665754812778232e+01 -9.017570994801265005e-01 4.322431416890143430e-01 -0.000000000000000000e+00 -3.884115282383527301e+01 -0.000000000000000000e+00 0.000000000000000000e+00 1.000000000000000000e+00 0.000000000000000000e+00
4.276734216886822759e-01 9.039333185479417887e-01 0.000000000000000000e+00 2.387927403308312080e+01 -9.039333185479417887e-01 4.276734216886822759e-01 -0.000000000000000000e+00 -4.175950789895796333e+01 -0.000000000000000000e+00 0.000000000000000000e+00 1.000000000000000000e+00 0.000000000000000000e+00
4.257792915650725485e-01 9.048270524660195768e-01 0.000000000000000000e+00 2.535583974751192926e+01 -9.048270524660195768e-01 4.257792915650725485e-01 -0.000000000000000000e+00 -4.443110659422927711e+01 -0.000000000000000000e+00 0.000000000000000000e+00 1.000000000000000000e+00 0.000000000000000000e+00
4.202441079239187527e-01 9.074110919286968446e-01 0.000000000000000000e+00 2.678681434975946019e+01 -9.074110919286968446e-01 4.202441079239187527e-01 -0.000000000000000000e+00 -4.736830351329035693e+01 -0.000000000000000000e+00 0.000000000000000000e+00 1.000000000000000000e+00 0.000000000000000000e+00
4.154871756640990954e-01 9.095990363114234700e-01 0.000000000000000000e+00 2.825128693647247502e+01 -9.095990363114234700e-01 4.154871756640990954e-01 -0.000000000000000000e+00 -5.028737402175056559e+01 -0.000000000000000000e+00 0.000000000000000000e+00 1.000000000000000000e+00 0.000000000000000000e+00
4.129454792501564553e-01 9.107557472598558634e-01 0.000000000000000000e+00 2.969581140953771481e+01 -9.107557472598558634e-01 4.129454792501564553e-01 -0.000000000000000000e+00 -5.315649142923939507e+01 -0.000000000000000000e+00 0.000000000000000000e+00 1.000000000000000000e+00 0.000000000000000000e+00
4.041839603080421561e-01 9.146777171385049865e-01 0.000000000000000000e+00 3.087219520643397530e+01 -9.146777171385049865e-01 4.041839603080421561e-01 -0.000000000000000000e+00 -5.615301541770804761e+01 -0.000000000000000000e+00 0.000000000000000000e+00 1.000000000000000000e+00 0.000000000000000000e+00
3.987490689252461973e-01 9.170600743851241576e-01 0.000000000000000000e+00 3.219602997919446352e+01 -9.170600743851241576e-01 3.987490689252461973e-01 -0.000000000000000000e+00 -5.889341029464003441e+01 -0.000000000000000000e+00 0.000000000000000000e+00 1.000000000000000000e+00 0.000000000000000000e+00
3.955455025629647237e-01 9.184463813430873147e-01 0.000000000000000000e+00 3.361195482269182833e+01 -9.184463813430873147e-01 3.955455025629647237e-01 -0.000000000000000000e+00 -6.177326460654239781e+01 -0.000000000000000000e+00 0.000000000000000000e+00 1.000000000000000000e+00 0.000000000000000000e+00
3.894454807938584340e-01 9.210495195640897581e-01 0.000000000000000000e+00 3.490293452526213258e+01 -9.210495195640897581e-01 3.894454807938584340e-01 -0.000000000000000000e+00 -6.470935835302771011e+01 -0.000000000000000000e+00 0.000000000000000000e+00 1.000000000000000000e+00 0.000000000000000000e+00
3.831671220775932918e-01 9.236790333004071263e-01 0.000000000000000000e+00 3.618616955269440894e+01 -9.236790333004071263e-01 3.831671220775932918e-01 -0.000000000000000000e+00 -6.764679772946419689e+01 -0.000000000000000000e+00 0.000000000000000000e+00 1.000000000000000000e+00 0.000000000000000000e+00
3.776791861629202884e-01 9.259365163656277931e-01 0.000000000000000000e+00 3.750345958113370415e+01 -9.259365163656277931e-01 3.776791861629202884e-01 -0.000000000000000000e+00 -7.056714659040017068e+01 -0.000000000000000000e+00 0.000000000000000000e+00 1.000000000000000000e+00 0.000000000000000000e+00
3.736354435303304022e-01 9.275756332169865503e-01 0.000000000000000000e+00 3.876353613712383606e+01 -9.275756332169865503e-01 3.736354435303304022e-01 -0.000000000000000000e+00 -7.364173403405902718e+01 -0.000000000000000000e+00 0.000000000000000000e+00 1.000000000000000000e+00 0.000000000000000000e+00
3.708816306240340088e-01 9.286801473411917529e-01 0.000000000000000000e+00 4.019876926391015814e+01 -9.286801473411917529e-01 3.708816306240340088e-01 -0.000000000000000000e+00 -7.650880492386158949e+01 -0.000000000000000000e+00 0.000000000000000000e+00 1.000000000000000000e+00 0.000000000000000000e+00
3.679622704687802726e-01 9.298407215816374416e-01 0.000000000000000000e+00 4.151554882555463166e+01 -9.298407215816374416e-01 3.679622704687802726e-01 -0.000000000000000000e+00 -7.919060577513164390e+01 -0.000000000000000000e+00 0.000000000000000000e+00 1.000000000000000000e+00 0.000000000000000000e+00
3.637390130429946078e-01 9.315009019805126078e-01 0.000000000000000000e+00 4.288732888326526904e+01 -9.315009019805126078e-01 3.637390130429946078e-01 -0.000000000000000000e+00 -8.208351911627914888e+01 -0.000000000000000000e+00 0.000000000000000000e+00 1.000000000000000000e+00 0.000000000000000000e+00
3.591825155992307561e-01 9.332673360231827919e-01 0.000000000000000000e+00 4.412929769029811666e+01 -9.332673360231827919e-01 3.591825155992307561e-01 -0.000000000000000000e+00 -8.497887758403476255e+01 -0.000000000000000000e+00 0.000000000000000000e+00 1.000000000000000000e+00 0.000000000000000000e+00
3.542910379977159963e-01 9.351352096860114926e-01 0.000000000000000000e+00 4.547217534990487309e+01 -9.351352096860114926e-01 3.542910379977159963e-01 -0.000000000000000000e+00 -8.788158040555072148e+01 -0.000000000000000000e+00 0.000000000000000000e+00 1.000000000000000000e+00 0.000000000000000000e+00
3.488991992136730724e-01 9.371602577937552248e-01 0.000000000000000000e+00 4.667801116193162159e+01 -9.371602577937552248e-01 3.488991992136730724e-01 -0.000000000000000000e+00 -9.078913240187057454e+01 -0.000000000000000000e+00 0.000000000000000000e+00 1.000000000000000000e+00 0.000000000000000000e+00
3.434957864853557252e-01 9.391542177229503796e-01 0.000000000000000000e+00 4.787920874698062335e+01 -9.391542177229503796e-01 3.434957864853557252e-01 -0.000000000000000000e+00 -9.388068344080465977e+01 -0.000000000000000000e+00 0.000000000000000000e+00 1.000000000000000000e+00 0.000000000000000000e+00
3.408718372440741051e-01 9.401097758101706336e-01 0.000000000000000000e+00 4.920455150925555898e+01 -9.401097758101706336e-01 3.408718372440741051e-01 -0.000000000000000000e+00 -9.673856010990766663e+01 -0.000000000000000000e+00 0.000000000000000000e+00 1.000000000000000000e+00 0.000000000000000000e+00
3.362735421301336070e-01 9.417643573969304294e-01 0.000000000000000000e+00 5.044458339080230047e+01 -9.417643573969304294e-01 3.362735421301336070e-01 -0.000000000000000000e+00 -9.962908554260366145e+01 -0.000000000000000000e+00 0.000000000000000000e+00 1.000000000000000000e+00 0.000000000000000000e+00
3.293610759468216242e-01 9.442040466187123782e-01 0.000000000000000000e+00 5.158458270704841198e+01 -9.442040466187123782e-01 3.293610759468216242e-01 -0.000000000000000000e+00 -1.025563868121221276e+02 -0.000000000000000000e+00 0.000000000000000000e+00 1.000000000000000000e+00 0.000000000000000000e+00
3.225961185192635083e-01 9.465367104958504196e-01 0.000000000000000000e+00 5.273089735092757024e+01 -9.465367104958504196e-01 3.225961185192635083e-01 -0.000000000000000000e+00 -1.054788590773987380e+02 -0.000000000000000000e+00 0.000000000000000000e+00 1.000000000000000000e+00 0.000000000000000000e+00
3.161458239738054177e-01 9.487106081329141904e-01 0.000000000000000000e+00 5.377535714800841049e+01 -9.487106081329141904e-01 3.161458239738054177e-01 -0.000000000000000000e+00 -1.083915092453635225e+02 -0.000000000000000000e+00 0.000000000000000000e+00 1.000000000000000000e+00 0.000000000000000000e+00
3.095149240202699215e-01 9.508945850138842415e-01 0.000000000000000000e+00 5.481195518292648927e+01 -9.508945850138842415e-01 3.095149240202699215e-01 -0.000000000000000000e+00 -1.113047971571259041e+02 -0.000000000000000000e+00 0.000000000000000000e+00 1.000000000000000000e+00 0.000000000000000000e+00
3.030352696327739404e-01 9.529793415172188586e-01 0.000000000000000000e+00 5.585503992833678666e+01 -9.529793415172188586e-01 3.030352696327739404e-01 -0.000000000000000000e+00 -1.142135923149780865e+02 -0.000000000000000000e+00 0.000000000000000000e+00 1.000000000000000000e+00 0.000000000000000000e+00
2.985411122194138178e-01 9.543967750966029229e-01 0.000000000000000000e+00 5.697985918856888077e+01 -9.543967750966029229e-01 2.985411122194138178e-01 -0.000000000000000000e+00 -1.172764499612067084e+02 -0.000000000000000000e+00 0.000000000000000000e+00 1.000000000000000000e+00 0.000000000000000000e+00
2.927055002365356318e-01 9.562026407259494043e-01 0.000000000000000000e+00 5.805072054933245340e+01 -9.562026407259494043e-01 2.927055002365356318e-01 -0.000000000000000000e+00 -1.201723762740739403e+02 -0.000000000000000000e+00 0.000000000000000000e+00 1.000000000000000000e+00 0.000000000000000000e+00
2.828437137396533352e-01 9.591660094050253882e-01 0.000000000000000000e+00 5.888756447849419828e+01 -9.591660094050253882e-01 2.828437137396533352e-01 -0.000000000000000000e+00 -1.232145926476027853e+02 -0.000000000000000000e+00 0.000000000000000000e+00 1.000000000000000000e+00 0.000000000000000000e+00
2.798290140309922513e-01 9.600498543859286027e-01 0.000000000000000000e+00 6.002065544769645555e+01 -9.600498543859286027e-01 2.798290140309922513e-01 -0.000000000000000000e+00 -1.261586096478349646e+02 -0.000000000000000000e+00 0.000000000000000000e+00 1.000000000000000000e+00 0.000000000000000000e+00
2.694240944699527462e-01 9.630216286870436626e-01 0.000000000000000000e+00 6.077818049259845168e+01 -9.630216286870436626e-01 2.694240944699527462e-01 -0.000000000000000000e+00 -1.291078416128120807e+02 -0.000000000000000000e+00 0.000000000000000000e+00 1.000000000000000000e+00 0.000000000000000000e+00
2.663973482191172026e-01 9.638632957332812223e-01 0.000000000000000000e+00 6.185505219523878395e+01 -9.638632957332812223e-01 2.663973482191172026e-01 -0.000000000000000000e+00 -1.319560845895293824e+02 -0.000000000000000000e+00 0.000000000000000000e+00 1.000000000000000000e+00 0.000000000000000000e+00
2.608415062898966630e-01 9.653816388332739917e-01 0.000000000000000000e+00 6.281830073909884504e+01 -9.653816388332739917e-01 2.608415062898966630e-01 -0.000000000000000000e+00 -1.350219545234363068e+02 -0.000000000000000000e+00 0.000000000000000000e+00 1.000000000000000000e+00 0.000000000000000000e+00
2.556144965584371542e-01 9.667787901837610054e-01 0.000000000000000000e+00 6.379985487282908707e+01 -9.667787901837610054e-01 2.556144965584371542e-01 -0.000000000000000000e+00 -1.378968362714163050e+02 -0.000000000000000000e+00 0.000000000000000000e+00 1.000000000000000000e+00 0.000000000000000000e+00
2.512247768080756449e-01 9.679287739899731235e-01 0.000000000000000000e+00 6.481354413183970564e+01 -9.679287739899731235e-01 2.512247768080756449e-01 -0.000000000000000000e+00 -1.409453623668305227e+02 -0.000000000000000000e+00 0.000000000000000000e+00 1.000000000000000000e+00 0.000000000000000000e+00
2.488589330286435919e-01 9.685397418030120553e-01 0.000000000000000000e+00 6.579948101546085582e+01 -9.685397418030120553e-01 2.488589330286435919e-01 -0.000000000000000000e+00 -1.439656078209313819e+02 -0.000000000000000000e+00 0.000000000000000000e+00 1.000000000000000000e+00 0.000000000000000000e+00
2.439535461370653247e-01 9.697869185172331985e-01 0.000000000000000000e+00 6.667949519455900997e+01 -9.697869185172331985e-01 2.439535461370653247e-01 -0.000000000000000000e+00 -1.468310430261958572e+02 -0.000000000000000000e+00 0.000000000000000000e+00 1.000000000000000000e+00 0.000000000000000000e+00
2.388724328526760088e-01 9.710509568622255339e-01 0.000000000000000000e+00 6.766316951814283698e+01 -9.710509568622255339e-01 2.388724328526760088e-01 -0.000000000000000000e+00 -1.498853015336617318e+02 -0.000000000000000000e+00 0.000000000000000000e+00 1.000000000000000000e+00 0.000000000000000000e+00
2.339544635322057253e-01 9.722475554062133263e-01 0.000000000000000000e+00 6.854258215910911645e+01 -9.722475554062133263e-01 2.339544635322057253e-01 -0.000000000000000000e+00 -1.527485448163074579e+02 -0.000000000000000000e+00 0.000000000000000000e+00 1.000000000000000000e+00 0.000000000000000000e+00
2.283508701106560235e-01 9.735789028731600681e-01 0.000000000000000000e+00 6.938815107518017555e+01 -9.735789028731600681e-01 2.283508701106560235e-01 -0.000000000000000000e+00 -1.558037592638656861e+02 -0.000000000000000000e+00 0.000000000000000000e+00 1.000000000000000000e+00 0.000000000000000000e+00
2.210378802654688890e-01 9.752652231509889580e-01 0.000000000000000000e+00 7.004417985979378614e+01 -9.752652231509889580e-01 2.210378802654688890e-01 -0.000000000000000000e+00 -1.588737777632090911e+02 -0.000000000000000000e+00 0.000000000000000000e+00 1.000000000000000000e+00 0.000000000000000000e+00
2.152466821173393274e-01 9.765597093048008492e-01 0.000000000000000000e+00 7.088563130079849373e+01 -9.765597093048008492e-01 2.152466821173393274e-01 -0.000000000000000000e+00 -1.617422487308749623e+02 -0.000000000000000000e+00 0.000000000000000000e+00 1.000000000000000000e+00 0.000000000000000000e+00
2.087652063526832524e-01 9.779657911279525662e-01 0.000000000000000000e+00 7.157760835351493256e+01 -9.779657911279525662e-01 2.087652063526832524e-01 -0.000000000000000000e+00 -1.647991337136204493e+02 -0.000000000000000000e+00 0.000000000000000000e+00 1.000000000000000000e+00 0.000000000000000000e+00
2.012488862162701286e-01 9.795401399619676486e-01 0.000000000000000000e+00 7.234005502536120957e+01 -9.795401399619676486e-01 2.012488862162701286e-01 -0.000000000000000000e+00 -1.678670460134094355e+02 -0.000000000000000000e+00 0.000000000000000000e+00 1.000000000000000000e+00 0.000000000000000000e+00
1.925219665259075841e-01 9.812926639922451288e-01 0.000000000000000000e+00 7.293861418994168844e+01 -9.812926639922451288e-01 1.925219665259075841e-01 -0.000000000000000000e+00 -1.707561632231568183e+02 -0.000000000000000000e+00 0.000000000000000000e+00 1.000000000000000000e+00 0.000000000000000000e+00
1.853236075096470481e-01 9.826775465530953602e-01 0.000000000000000000e+00 7.348391294681849217e+01 -9.826775465530953602e-01 1.853236075096470481e-01 -0.000000000000000000e+00 -1.738103591048916314e+02 -0.000000000000000000e+00 0.000000000000000000e+00 1.000000000000000000e+00 0.000000000000000000e+00
1.798324388911440863e-01 9.836972572506559320e-01 0.000000000000000000e+00 7.421864731928613423e+01 -9.836972572506559320e-01 1.798324388911440863e-01 -0.000000000000000000e+00 -1.768493081053647984e+02 -0.000000000000000000e+00 0.000000000000000000e+00 1.000000000000000000e+00 0.000000000000000000e+00
1.750230589752761468e-01 9.845643345292053317e-01 0.000000000000000000e+00 7.498294102702394071e+01 -9.845643345292053317e-01 1.750230589752761468e-01 -0.000000000000000000e+00 -1.798808521069918243e+02 -0.000000000000000000e+00 0.000000000000000000e+00 1.000000000000000000e+00 0.000000000000000000e+00
1.707254341796180519e-01 9.853186419246217076e-01 0.000000000000000000e+00 7.565812129826355203e+01 -9.853186419246217076e-01 1.707254341796180519e-01 -0.000000000000000000e+00 -1.827190213608096201e+02 -0.000000000000000000e+00 0.000000000000000000e+00 1.000000000000000000e+00 0.000000000000000000e+00
1.662524575616380895e-01 9.860832218199009347e-01 0.000000000000000000e+00 7.632156892821870997e+01 -9.860832218199009347e-01 1.662524575616380895e-01 -0.000000000000000000e+00 -1.857431733955304480e+02 -0.000000000000000000e+00 0.000000000000000000e+00 1.000000000000000000e+00 0.000000000000000000e+00
1.609148265177193782e-01 9.869682966573811722e-01 0.000000000000000000e+00 7.694745127861170886e+01 -9.869682966573811722e-01 1.609148265177193782e-01 -0.000000000000000000e+00 -1.887735299573055272e+02 -0.000000000000000000e+00 0.000000000000000000e+00 1.000000000000000000e+00 0.000000000000000000e+00
1.559172912143549361e-01 9.877701140955714720e-01 0.000000000000000000e+00 7.758807132772902548e+01 -9.877701140955714720e-01 1.559172912143549361e-01 -0.000000000000000000e+00 -1.917998822179306444e+02 -0.000000000000000000e+00 0.000000000000000000e+00 1.000000000000000000e+00 0.000000000000000000e+00
1.505706845235077473e-01 9.885992458838528396e-01 0.000000000000000000e+00 7.809809992128816702e+01 -9.885992458838528396e-01 1.505706845235077473e-01 -0.000000000000000000e+00 -1.948252566234014012e+02 -0.000000000000000000e+00 0.000000000000000000e+00 1.000000000000000000e+00 0.000000000000000000e+00
1.467736352831271462e-01 9.891701066984260882e-01 0.000000000000000000e+00 7.867540609333522639e+01 -9.891701066984260882e-01 1.467736352831271462e-01 -0.000000000000000000e+00 -1.978376657661810896e+02 -0.000000000000000000e+00 0.000000000000000000e+00 1.000000000000000000e+00 0.000000000000000000e+00
1.440107825522524143e-01 9.895761186026507117e-01 0.000000000000000000e+00 7.930172234813836951e+01 -9.895761186026507117e-01 1.440107825522524143e-01 -0.000000000000000000e+00 -2.006564075637938913e+02 -0.000000000000000000e+00 0.000000000000000000e+00 1.000000000000000000e+00 0.000000000000000000e+00
1.400372197710413325e-01 9.901462402487813952e-01 0.000000000000000000e+00 7.975593033462756409e+01 -9.901462402487813952e-01 1.400372197710413325e-01 -0.000000000000000000e+00 -2.036664258596765649e+02 -0.000000000000000000e+00 0.000000000000000000e+00 1.000000000000000000e+00 0.000000000000000000e+00
1.360614003964810692e-01 9.907004064408918564e-01 0.000000000000000000e+00 8.021002321978990324e+01 -9.907004064408918564e-01 1.360614003964810692e-01 -0.000000000000000000e+00 -2.066757508775708629e+02 -0.000000000000000000e+00 0.000000000000000000e+00 1.000000000000000000e+00 0.000000000000000000e+00
1.324293879896072390e-01 9.911924420599150798e-01 0.000000000000000000e+00 8.056363514956548499e+01 -9.911924420599150798e-01 1.324293879896072390e-01 -0.000000000000000000e+00 -2.096794362235500557e+02 -0.000000000000000000e+00 0.000000000000000000e+00 1.000000000000000000e+00 0.000000000000000000e+00
1.286225153479656491e-01 9.916936263511842986e-01 0.000000000000000000e+00 8.102503743889820953e+01 -9.916936263511842986e-01 1.286225153479656491e-01 -0.000000000000000000e+00 -2.126862652038289525e+02 -0.000000000000000000e+00 0.000000000000000000e+00 1.000000000000000000e+00 0.000000000000000000e+00
1.263721047385103491e-01 9.919829086954873310e-01 0.000000000000000000e+00 8.143866564998691615e+01 -9.919829086954873310e-01 1.263721047385103491e-01 -0.000000000000000000e+00 -2.156795905867284091e+02 -0.000000000000000000e+00 0.000000000000000000e+00 1.000000000000000000e+00 0.000000000000000000e+00
1.249869125736920994e-01 9.921583904222635031e-01 0.000000000000000000e+00 8.188989290493708495e+01 -9.921583904222635031e-01 1.249869125736920994e-01 -0.000000000000000000e+00 -2.186670024507025119e+02 -0.000000000000000000e+00 0.000000000000000000e+00 1.000000000000000000e+00 0.000000000000000000e+00
1.230818760335472550e-01 9.923965194377005750e-01 0.000000000000000000e+00 8.231852455953237779e+01 -9.923965194377005750e-01 1.230818760335472550e-01 -0.000000000000000000e+00 -2.216577174907697554e+02 -0.000000000000000000e+00 0.000000000000000000e+00 1.000000000000000000e+00 0.000000000000000000e+00
1.218693434051476565e-01 9.925461516413219831e-01 0.000000000000000000e+00 8.277725273976373899e+01 -9.925461516413219831e-01 1.218693434051476565e-01 -0.000000000000000000e+00 -2.246438122438266873e+02 -0.000000000000000000e+00 0.000000000000000000e+00 1.000000000000000000e+00 0.000000000000000000e+00
1.211763858296499574e-01 9.926309906089291202e-01 0.000000000000000000e+00 8.325856382085326857e+01 -9.926309906089291202e-01 1.211763858296499574e-01 -0.000000000000000000e+00 -2.276265104065923879e+02 -0.000000000000000000e+00 0.000000000000000000e+00 1.000000000000000000e+00 0.000000000000000000e+00
1.189238675764406894e-01 9.929033758229757201e-01 0.000000000000000000e+00 8.367208505919181505e+01 -9.929033758229757201e-01 1.189238675764406894e-01 -0.000000000000000000e+00 -2.306191010288735015e+02 -0.000000000000000000e+00 0.000000000000000000e+00 1.000000000000000000e+00 0.000000000000000000e+00
1.164973943445298810e-01 9.931909972965600186e-01 0.000000000000000000e+00 8.407803932157219151e+01 -9.931909972965600186e-01 1.164973943445298810e-01 -0.000000000000000000e+00 -2.336125472308353892e+02 -0.000000000000000000e+00 0.000000000000000000e+00 1.000000000000000000e+00 0.000000000000000000e+00
1.145903909883494443e-01 9.934128257140318885e-01 0.000000000000000000e+00 8.451066999050860318e+01 -9.934128257140318885e-01 1.145903909883494443e-01 -0.000000000000000000e+00 -2.364172111910897911e+02 -0.000000000000000000e+00 0.000000000000000000e+00 1.000000000000000000e+00 0.000000000000000000e+00
1.133766230452096790e-01 9.935520828556825279e-01 0.000000000000000000e+00 8.485393227730547494e+01 -9.935520828556825279e-01 1.133766230452096790e-01 -0.000000000000000000e+00 -2.394003022230540410e+02 -0.000000000000000000e+00 0.000000000000000000e+00 1.000000000000000000e+00 0.000000000000000000e+00
1.086933776341849622e-01 9.940753239360047289e-01 0.000000000000000000e+00 8.516175246822893996e+01 -9.940753239360047289e-01 1.086933776341849622e-01 -0.000000000000000000e+00 -2.424065036834444982e+02 -0.000000000000000000e+00 0.000000000000000000e+00 1.000000000000000000e+00 0.000000000000000000e+00
1.074788046979936462e-01 9.942073760240822677e-01 0.000000000000000000e+00 8.562037717338091625e+01 -9.942073760240822677e-01 1.074788046979936462e-01 -0.000000000000000000e+00 -2.453918336932702005e+02 -0.000000000000000000e+00 0.000000000000000000e+00 1.000000000000000000e+00 0.000000000000000000e+00
1.027925367872465356e-01 9.947028171171744537e-01 0.000000000000000000e+00 8.581263209776903977e+01 -9.947028171171744537e-01 1.027925367872465356e-01 -0.000000000000000000e+00 -2.483942739231865744e+02 -0.000000000000000000e+00 0.000000000000000000e+00 1.000000000000000000e+00 0.000000000000000000e+00
9.966708360440301728e-02 9.950208402067731717e-01 0.000000000000000000e+00 8.618814832743595389e+01 -9.950208402067731717e-01 9.966708360440301728e-02 -0.000000000000000000e+00 -2.513898141019080867e+02 -0.000000000000000000e+00 0.000000000000000000e+00 1.000000000000000000e+00 0.000000000000000000e+00
9.636692758878162568e-02 9.953458772040494340e-01 0.000000000000000000e+00 8.644065148548965283e+01 -9.953458772040494340e-01 9.636692758878162568e-02 -0.000000000000000000e+00 -2.543832998802663496e+02 -0.000000000000000000e+00 0.000000000000000000e+00 1.000000000000000000e+00 0.000000000000000000e+00
9.341325707375047749e-02 9.956274219821756866e-01 0.000000000000000000e+00 8.670821413576467762e+01 -9.956274219821756866e-01 9.341325707375047749e-02 -0.000000000000000000e+00 -2.573745082144591834e+02 -0.000000000000000000e+00 0.000000000000000000e+00 1.000000000000000000e+00 0.000000000000000000e+00
8.993729969864416862e-02 9.959474293972128134e-01 0.000000000000000000e+00 8.695304795420156552e+01 -9.959474293972128134e-01 8.993729969864416862e-02 -0.000000000000000000e+00 -2.603679679848760316e+02 -0.000000000000000000e+00 0.000000000000000000e+00 1.000000000000000000e+00 0.000000000000000000e+00
8.698187264635681704e-02 9.962098944654851351e-01 0.000000000000000000e+00 8.722051416466709384e+01 -9.962098944654851351e-01 8.698187264635681704e-02 -0.000000000000000000e+00 -2.633583462762585441e+02 -0.000000000000000000e+00 0.000000000000000000e+00 1.000000000000000000e+00 0.000000000000000000e+00
8.437350613868255245e-02 9.964341982599080882e-01 0.000000000000000000e+00 8.750307080238185620e+01 -9.964341982599080882e-01 8.437350613868255245e-02 -0.000000000000000000e+00 -2.663466789173476172e+02 -0.000000000000000000e+00 0.000000000000000000e+00 1.000000000000000000e+00 0.000000000000000000e+00
8.159061156815716753e-02 9.966659280340300908e-01 0.000000000000000000e+00 8.777802675207662730e+01 -9.966659280340300908e-01 8.159061156815716753e-02 -0.000000000000000000e+00 -2.693355272635926667e+02 -0.000000000000000000e+00 0.000000000000000000e+00 1.000000000000000000e+00 0.000000000000000000e+00
7.898106964430695598e-02 9.968761159932767457e-01 0.000000000000000000e+00 8.806051774642462249e+01 -9.968761159932767457e-01 7.898106964430695598e-02 -0.000000000000000000e+00 -2.723232456485061448e+02 -0.000000000000000000e+00 0.000000000000000000e+00 1.000000000000000000e+00 0.000000000000000000e+00
7.811110115803365783e-02 9.969446603878668878e-01 0.000000000000000000e+00 8.841869890120682385e+01 -9.969446603878668878e-01 7.811110115803365783e-02 -0.000000000000000000e+00 -2.753028747929279234e+02 -0.000000000000000000e+00 0.000000000000000000e+00 1.000000000000000000e+00 0.000000000000000000e+00
7.584890635769381273e-02 9.971193225508880875e-01 0.000000000000000000e+00 8.860089129805798791e+01 -9.971193225508880875e-01 7.584890635769381273e-02 -0.000000000000000000e+00 -2.782861098398643662e+02 -0.000000000000000000e+00 0.000000000000000000e+00 1.000000000000000000e+00 0.000000000000000000e+00
7.445659165730456053e-02 9.972242556009042191e-01 0.000000000000000000e+00 8.893633924981097039e+01 -9.972242556009042191e-01 7.445659165730456053e-02 -0.000000000000000000e+00 -2.812679000201601411e+02 -0.000000000000000000e+00 0.000000000000000000e+00 1.000000000000000000e+00 0.000000000000000000e+00
7.358632108474327804e-02 9.972888515115433394e-01 0.000000000000000000e+00 8.917909939846963141e+01 -9.972888515115433394e-01 7.358632108474327804e-02 -0.000000000000000000e+00 -2.842448049891995652e+02 -0.000000000000000000e+00 0.000000000000000000e+00 1.000000000000000000e+00 0.000000000000000000e+00
7.149744433268623300e-02 9.974407829309439588e-01 0.000000000000000000e+00 8.948423000736150357e+01 -9.974407829309439588e-01 7.149744433268623300e-02 -0.000000000000000000e+00 -2.872294104263187364e+02 -0.000000000000000000e+00 0.000000000000000000e+00 1.000000000000000000e+00 0.000000000000000000e+00
6.801529066524814038e-02 9.976842788356052871e-01 0.000000000000000000e+00 8.961330977207121862e+01 -9.976842788356052871e-01 6.801529066524814038e-02 -0.000000000000000000e+00 -2.902169884347899824e+02 -0.000000000000000000e+00 0.000000000000000000e+00 1.000000000000000000e+00 0.000000000000000000e+00
6.697048102898472965e-02 9.977549572268464839e-01 0.000000000000000000e+00 8.996387339326604149e+01 -9.977549572268464839e-01 6.697048102898472965e-02 -0.000000000000000000e+00 -2.931969026729216239e+02 -0.000000000000000000e+00 0.000000000000000000e+00 1.000000000000000000e+00 0.000000000000000000e+00
6.505480677901176456e-02 9.978816924440219172e-01 0.000000000000000000e+00 9.016112415316450779e+01 -9.978816924440219172e-01 6.505480677901176456e-02 -0.000000000000000000e+00 -2.961776667144845305e+02 -0.000000000000000000e+00 0.000000000000000000e+00 1.000000000000000000e+00 0.000000000000000000e+00
6.244213866229131327e-02 9.980485856506581266e-01 0.000000000000000000e+00 9.044753485228950751e+01 -9.980485856506581266e-01 6.244213866229131327e-02 -0.000000000000000000e+00 -2.989781583152985149e+02 -0.000000000000000000e+00 0.000000000000000000e+00 1.000000000000000000e+00 0.000000000000000000e+00
6.017747946929341563e-02 9.981876932544916370e-01 0.000000000000000000e+00 9.062958439227411134e+01 -9.981876932544916370e-01 6.017747946929341563e-02 -0.000000000000000000e+00 -3.019598456027824795e+02 -0.000000000000000000e+00 0.000000000000000000e+00 1.000000000000000000e+00 0.000000000000000000e+00
5.686703891776956343e-02 9.983817605929734551e-01 0.000000000000000000e+00 9.076609875158818852e+01 -9.983817605929734551e-01 5.686703891776956343e-02 -0.000000000000000000e+00 -3.049450794625267918e+02 -0.000000000000000000e+00 0.000000000000000000e+00 1.000000000000000000e+00 0.000000000000000000e+00
5.355597301768588725e-02 9.985648490479368533e-01 0.000000000000000000e+00 9.090257419996090960e+01 -9.985648490479368533e-01 5.355597301768588725e-02 -0.000000000000000000e+00 -3.079298352973055444e+02 -0.000000000000000000e+00 0.000000000000000000e+00 1.000000000000000000e+00 0.000000000000000000e+00
5.129016533433405911e-02 9.986837932699104137e-01 0.000000000000000000e+00 9.108455277761585478e+01 -9.986837932699104137e-01 5.129016533433405911e-02 -0.000000000000000000e+00 -3.109106446278228759e+02 -0.000000000000000000e+00 0.000000000000000000e+00 1.000000000000000000e+00 0.000000000000000000e+00
4.745512617633163011e-02 9.988733708531769562e-01 0.000000000000000000e+00 9.120228972726575023e+01 -9.988733708531769562e-01 4.745512617633163011e-02 -0.000000000000000000e+00 -3.137109175367268108e+02 -0.000000000000000000e+00 0.000000000000000000e+00 1.000000000000000000e+00 0.000000000000000000e+00
4.466556410828625978e-02 9.990019956851380334e-01 0.000000000000000000e+00 9.136144410992255871e+01 -9.990019956851380334e-01 4.466556410828625978e-02 -0.000000000000000000e+00 -3.166927250046073823e+02 -0.000000000000000000e+00 0.000000000000000000e+00 1.000000000000000000e+00 0.000000000000000000e+00
4.117812426033473638e-02 9.991518213376786584e-01 0.000000000000000000e+00 9.149019477231628628e+01 -9.991518213376786584e-01 4.117812426033473638e-02 -0.000000000000000000e+00 -3.196762244602955434e+02 -0.000000000000000000e+00 0.000000000000000000e+00 1.000000000000000000e+00 0.000000000000000000e+00
3.664370870655642154e-02 9.993283937786562321e-01 0.000000000000000000e+00 9.151562414925545852e+01 -9.993283937786562321e-01 3.664370870655642154e-02 -0.000000000000000000e+00 -3.226607656640821915e+02 -0.000000000000000000e+00 0.000000000000000000e+00 1.000000000000000000e+00 0.000000000000000000e+00
3.489949670250114266e-02 9.993908270190957621e-01 0.000000000000000000e+00 9.166258121123239277e+01 -9.993908270190957621e-01 3.489949670250114266e-02 -0.000000000000000000e+00 -3.256372611487440736e+02 -0.000000000000000000e+00 0.000000000000000000e+00 1.000000000000000000e+00 0.000000000000000000e+00
3.158520540256626319e-02 9.995010629307393701e-01 0.000000000000000000e+00 9.180293749586145680e+01 -9.995010629307393701e-01 3.158520540256626319e-02 -0.000000000000000000e+00 -3.284335017835223880e+02 -0.000000000000000000e+00 0.000000000000000000e+00 1.000000000000000000e+00 0.000000000000000000e+00
2.914287172354457223e-02 9.995752563102515698e-01 0.000000000000000000e+00 9.186176703987142389e+01 -9.995752563102515698e-01 2.914287172354457223e-02 -0.000000000000000000e+00 -3.314100018412418649e+02 -0.000000000000000000e+00 0.000000000000000000e+00 1.000000000000000000e+00 0.000000000000000000e+00
2.722377246617546653e-02 9.996293644209887086e-01 0.000000000000000000e+00 9.194338780534235411e+01 -9.996293644209887086e-01 2.722377246617546653e-02 -0.000000000000000000e+00 -3.343850506028898053e+02 -0.000000000000000000e+00 0.000000000000000000e+00 1.000000000000000000e+00 0.000000000000000000e+00
2.478113830774852921e-02 9.996929004370153082e-01 0.000000000000000000e+00 9.211759944386446364e+01 -9.996929004370153082e-01 2.478113830774852921e-02 -0.000000000000000000e+00 -3.373636383718726393e+02 -0.000000000000000000e+00 0.000000000000000000e+00 1.000000000000000000e+00 0.000000000000000000e+00
2.303630818760649124e-02 9.997346290416702086e-01 0.000000000000000000e+00 9.220680538534713833e+01 -9.997346290416702086e-01 2.303630818760649124e-02 -0.000000000000000000e+00 -3.403379556444383525e+02 -0.000000000000000000e+00 0.000000000000000000e+00 1.000000000000000000e+00 0.000000000000000000e+00
1.972094202691621057e-02 9.998055233121948548e-01 0.000000000000000000e+00 9.223166694754323203e+01 -9.998055233121948548e-01 1.972094202691621057e-02 -0.000000000000000000e+00 -3.431299299584511573e+02 -0.000000000000000000e+00 0.000000000000000000e+00 1.000000000000000000e+00 0.000000000000000000e+00
1.832493139610269495e-02 9.998320843468310182e-01 0.000000000000000000e+00 9.233606531447293264e+01 -9.998320843468310182e-01 1.832493139610269495e-02 -0.000000000000000000e+00 -3.461032021834789703e+02 -0.000000000000000000e+00 0.000000000000000000e+00 1.000000000000000000e+00 0.000000000000000000e+00
1.588182846520413971e-02 9.998738758086453959e-01 0.000000000000000000e+00 9.239482750541064604e+01 -9.998738758086453959e-01 1.588182846520413971e-02 -0.000000000000000000e+00 -3.490782902343100886e+02 -0.000000000000000000e+00 0.000000000000000000e+00 1.000000000000000000e+00 0.000000000000000000e+00
1.361314767074961463e-02 9.999073368120140470e-01 0.000000000000000000e+00 9.258069087747129799e+01 -9.999073368120140470e-01 1.361314767074961463e-02 -0.000000000000000000e+00 -3.518700331010525133e+02 -0.000000000000000000e+00 0.000000000000000000e+00 1.000000000000000000e+00 0.000000000000000000e+00
1.012273677445973963e-02 9.999487637875228430e-01 0.000000000000000000e+00 9.259379068791785983e+01 -9.999487637875228430e-01 1.012273677445973963e-02 -0.000000000000000000e+00 -3.548462572543389797e+02 -0.000000000000000000e+00 0.000000000000000000e+00 1.000000000000000000e+00 0.000000000000000000e+00
7.679373227782781974e-03 9.999705131786781331e-01 0.000000000000000000e+00 9.265252041304326269e+01 -9.999705131786781331e-01 7.679373227782781974e-03 -0.000000000000000000e+00 -3.578204716923742126e+02 -0.000000000000000000e+00 0.000000000000000000e+00 1.000000000000000000e+00 0.000000000000000000e+00
5.759554687996493172e-03 9.999834136273439977e-01 0.000000000000000000e+00 9.262275895721043639e+01 -9.999834136273439977e-01 5.759554687996493172e-03 -0.000000000000000000e+00 -3.606058302067897330e+02 -0.000000000000000000e+00 0.000000000000000000e+00 1.000000000000000000e+00 0.000000000000000000e+00
3.141587485879338004e-03 9.999950652018583241e-01 0.000000000000000000e+00 9.267386536770418104e+01 -9.999950652018583241e-01 3.141587485879338004e-03 -0.000000000000000000e+00 -3.635797964067874091e+02 -0.000000000000000000e+00 0.000000000000000000e+00 1.000000000000000000e+00 0.000000000000000000e+00
0.000000000000000000e+00 1.000000000000000222e+00 0.000000000000000000e+00 9.270213484089217104e+01 -1.000000000000000222e+00 0.000000000000000000e+00 -0.000000000000000000e+00 -3.665540457190209054e+02 -0.000000000000000000e+00 0.000000000000000000e+00 1.000000000000000000e+00 0.000000000000000000e+00
-1.745328365898579648e-03 9.999984769132878037e-01 0.000000000000000000e+00 9.279537292865447284e+01 -9.999984769132878037e-01 -1.745328365898579648e-03 -0.000000000000000000e+00 -3.693411354149386625e+02 -0.000000000000000000e+00 0.000000000000000000e+00 1.000000000000000000e+00 0.000000000000000000e+00
-3.490651415223755549e-03 9.999939076577903929e-01 0.000000000000000000e+00 9.276910253368436088e+01 -9.999939076577903929e-01 -3.490651415223755549e-03 -0.000000000000000000e+00 -3.723108823907612077e+02 -0.000000000000000000e+00 0.000000000000000000e+00 1.000000000000000000e+00 0.000000000000000000e+00
-5.934084629718450188e-03 9.999823931648034181e-01 0.000000000000000000e+00 9.282779424680680336e+01 -9.999823931648034181e-01 -5.934084629718450188e-03 -0.000000000000000000e+00 -3.752836464855295162e+02 -0.000000000000000000e+00 0.000000000000000000e+00 1.000000000000000000e+00 0.000000000000000000e+00
-8.552009086826961592e-03 9.999634309016399714e-01 0.000000000000000000e+00 9.276756149012801700e+01 -9.999634309016399714e-01 -8.552009086826961592e-03 -0.000000000000000000e+00 -3.780683836165367211e+02 -0.000000000000000000e+00 0.000000000000000000e+00 1.000000000000000000e+00 0.000000000000000000e+00
-1.012273677445985065e-02 9.999487637875228430e-01 0.000000000000000000e+00 9.286430020844939293e+01 -9.999487637875228430e-01 -1.012273677445985065e-02 -0.000000000000000000e+00 -3.810400502446229893e+02 -0.000000000000000000e+00 0.000000000000000000e+00 1.000000000000000000e+00 0.000000000000000000e+00
