9.929861583736463437e-01 1.182306613292331415e-01 0.000000000000000000e+00 0.000000000000000000e+00 -1.182306613292331415e-01 9.929861583736463437e-01 -0.000000000000000000e+00 0.000000000000000000e+00 -0.000000000000000000e+00 0.000000000000000000e+00 1.000000000000000000e+00 0.000000000000000000e+00
9.929861583736463437e-01 1.182306613292331415e-01 0.000000000000000000e+00 0.000000000000000000e+00 -1.182306613292331415e-01 9.929861583736463437e-01 -0.000000000000000000e+00 0.000000000000000000e+00 -0.000000000000000000e+00 0.000000000000000000e+00 1.000000000000000000e+00 0.000000000000000000e+00
9.928618028181874777e-01 1.192704510958964848e-01 0.000000000000000000e+00 2.991691589355468750e+00 -1.192704510958964848e-01 9.928618028181874777e-01 -0.000000000000000000e+00 -2.978186905384063721e-01 -0.000000000000000000e+00 0.000000000000000000e+00 1.000000000000000000e+00 0.000000000000000000e+00
9.927573413774571920e-01 1.201368433960328386e-01 0.000000000000000000e+00 5.984060287475585938e+00 -1.201368433960328386e-01 9.927573413774571920e-01 -0.000000000000000000e+00 -5.880535840988159180e-01 -0.000000000000000000e+00 0.000000000000000000e+00 1.000000000000000000e+00 0.000000000000000000e+00
9.927782942984720860e-01 1.199635710114378834e-01 0.000000000000000000e+00 8.976613998413085938e+00 -1.199635710114378834e-01 9.927782942984720860e-01 -0.000000000000000000e+00 -1.018161535263061523e+00 -0.000000000000000000e+00 0.000000000000000000e+00 1.000000000000000000e+00 0.000000000000000000e+00
9.927782942984720860e-01 1.199635710114378834e-01 0.000000000000000000e+00 1.197258472442626953e+01 -1.199635710114378834e-01 9.927782942984720860e-01 -0.000000000000000000e+00 -1.270503401756286621e+00 -0.000000000000000000e+00 0.000000000000000000e+00 1.000000000000000000e+00 0.000000000000000000e+00
9.925461519124016974e-01 1.218693411973812007e-01 0.000000000000000000e+00 1.507591915130615234e+01 -1.218693411973812007e-01 9.925461519124016974e-01 -0.000000000000000000e+00 -1.608767390251159668e+00 -0.000000000000000000e+00 0.000000000000000000e+00 1.000000000000000000e+00 0.000000000000000000e+00
9.923103501295382767e-01 1.237746703723875130e-01 0.000000000000000000e+00 1.805956649780273438e+01 -1.237746703723875130e-01 9.923103501295382767e-01 -0.000000000000000000e+00 -2.129779100418090820e+00 -0.000000000000000000e+00 0.000000000000000000e+00 1.000000000000000000e+00 0.000000000000000000e+00
9.919166036980211487e-01 1.268914942310272187e-01 0.000000000000000000e+00 2.104179954528808594e+01 -1.268914942310272187e-01 9.919166036980211487e-01 -0.000000000000000000e+00 -2.518442153930664062e+00 -0.000000000000000000e+00 0.000000000000000000e+00 1.000000000000000000e+00 0.000000000000000000e+00
9.922454066295061104e-01 1.242942195866168081e-01 0.000000000000000000e+00 2.404924964904785156e+01 -1.242942195866168081e-01 9.922454066295061104e-01 -0.000000000000000000e+00 -2.657174348831176758e+00 -0.000000000000000000e+00 0.000000000000000000e+00 1.000000000000000000e+00 0.000000000000000000e+00
9.921801899058582119e-01 1.248137442687109327e-01 0.000000000000000000e+00 2.704294967651367188e+01 -1.248137442687109327e-01 9.921801899058582119e-01 -0.000000000000000000e+00 -2.932229995727539062e+00 -0.000000000000000000e+00 0.000000000000000000e+00 1.000000000000000000e+00 0.000000000000000000e+00
9.922236972567596291e-01 1.244674037735427896e-01 0.000000000000000000e+00 2.992504882812500000e+01 -1.244674037735427896e-01 9.922236972567596291e-01 -0.000000000000000000e+00 -3.166836261749267578e+00 -0.000000000000000000e+00 0.000000000000000000e+00 1.000000000000000000e+00 0.000000000000000000e+00
9.893232660556411373e-01 1.457376932745919618e-01 0.000000000000000000e+00 3.281795883178710938e+01 -1.457376932745919618e-01 9.893232660556411373e-01 -0.000000000000000000e+00 -4.349740982055664062e+00 -0.000000000000000000e+00 0.000000000000000000e+00 1.000000000000000000e+00 0.000000000000000000e+00
9.907004066316794644e-01 1.360613990073043789e-01 0.000000000000000000e+00 3.574794387817382812e+01 -1.360613990073043789e-01 9.907004066316794644e-01 -0.000000000000000000e+00 -4.176090717315673828e+00 -0.000000000000000000e+00 0.000000000000000000e+00 1.000000000000000000e+00 0.000000000000000000e+00
9.902923438790923738e-01 1.390002649438245308e-01 0.000000000000000000e+00 3.861396789550781250e+01 -1.390002649438245308e-01 9.902923438790923738e-01 -0.000000000000000000e+00 -4.554423809051513672e+00 -0.000000000000000000e+00 0.000000000000000000e+00 1.000000000000000000e+00 0.000000000000000000e+00
9.902316000837546595e-01 1.394323427170573448e-01 0.000000000000000000e+00 4.143261337280273438e+01 -1.394323427170573448e-01 9.902316000837546595e-01 -0.000000000000000000e+00 -4.914460182189941406e+00 -0.000000000000000000e+00 0.000000000000000000e+00 1.000000000000000000e+00 0.000000000000000000e+00
9.901706668165716207e-01 1.398644006744597934e-01 0.000000000000000000e+00 4.425125503540039062e+01 -1.398644006744597934e-01 9.901706668165716207e-01 -0.000000000000000000e+00 -5.274494171142578125e+00 -0.000000000000000000e+00 0.000000000000000000e+00 1.000000000000000000e+00 0.000000000000000000e+00
9.896513864577468622e-01 1.434926244873211132e-01 0.000000000000000000e+00 4.722444152832031250e+01 -1.434926244873211132e-01 9.896513864577468622e-01 -0.000000000000000000e+00 -5.870918750762939453e+00 -0.000000000000000000e+00 0.000000000000000000e+00 1.000000000000000000e+00 0.000000000000000000e+00
9.904734471436399401e-01 1.377038507210132101e-01 0.000000000000000000e+00 5.019219207763671875e+01 -1.377038507210132101e-01 9.904734471436399401e-01 -0.000000000000000000e+00 -5.868655204772949219e+00 -0.000000000000000000e+00 0.000000000000000000e+00 1.000000000000000000e+00 0.000000000000000000e+00
9.912616460521058714e-01 1.319103827076154867e-01 0.000000000000000000e+00 5.315846633911132812e+01 -1.319103827076154867e-01 9.912616460521058714e-01 -0.000000000000000000e+00 -5.866222381591796875e+00 -0.000000000000000000e+00 0.000000000000000000e+00 1.000000000000000000e+00 0.000000000000000000e+00
9.900482336781215587e-01 1.407284441427233412e-01 0.000000000000000000e+00 5.610709762573242188e+01 -1.407284441427233412e-01 9.900482336781215587e-01 -0.000000000000000000e+00 -6.689681529998779297e+00 -0.000000000000000000e+00 0.000000000000000000e+00 1.000000000000000000e+00 0.000000000000000000e+00
9.899497462163929784e-01 1.414195883394485098e-01 0.000000000000000000e+00 5.921492767333984375e+01 -1.414195883394485098e-01 9.899497462163929784e-01 -0.000000000000000000e+00 -6.974813938140869141e+00 -0.000000000000000000e+00 0.000000000000000000e+00 1.000000000000000000e+00 0.000000000000000000e+00
9.898135373439331808e-01 1.423698047013138290e-01 0.000000000000000000e+00 6.225956726074218750e+01 -1.423698047013138290e-01 9.898135373439331808e-01 -0.000000000000000000e+00 -7.455335140228271484e+00 -0.000000000000000000e+00 0.000000000000000000e+00 1.000000000000000000e+00 0.000000000000000000e+00
9.893994378957325919e-01 1.452196690934405288e-01 0.000000000000000000e+00 6.529831695556640625e+01 -1.452196690934405288e-01 9.893994378957325919e-01 -0.000000000000000000e+00 -7.833642482757568359e+00 -0.000000000000000000e+00 0.000000000000000000e+00 1.000000000000000000e+00 0.000000000000000000e+00
9.887302667205287721e-01 1.497079145227533936e-01 0.000000000000000000e+00 6.838130187988281250e+01 -1.497079145227533936e-01 9.887302667205287721e-01 -0.000000000000000000e+00 -8.470292091369628906e+00 -0.000000000000000000e+00 0.000000000000000000e+00 1.000000000000000000e+00 0.000000000000000000e+00
9.880944997417895337e-01 1.538481705449323833e-01 0.000000000000000000e+00 7.135411834716796875e+01 -1.538481705449323833e-01 9.880944997417895337e-01 -0.000000000000000000e+00 -8.903813362121582031e+00 -0.000000000000000000e+00 0.000000000000000000e+00 1.000000000000000000e+00 0.000000000000000000e+00
9.877156272023779326e-01 1.562620868291896559e-01 0.000000000000000000e+00 7.445161437988281250e+01 -1.562620868291896559e-01 9.877156272023779326e-01 -0.000000000000000000e+00 -9.264356613159179688e+00 -0.000000000000000000e+00 0.000000000000000000e+00 1.000000000000000000e+00 0.000000000000000000e+00
9.868839060442481381e-01 1.614315830029784959e-01 0.000000000000000000e+00 7.752826690673828125e+01 -1.614315830029784959e-01 9.868839060442481381e-01 -0.000000000000000000e+00 -9.930881500244140625e+00 -0.000000000000000000e+00 0.000000000000000000e+00 1.000000000000000000e+00 0.000000000000000000e+00
9.860832205689448182e-01 1.662524649813585109e-01 0.000000000000000000e+00 8.061003112792968750e+01 -1.662524649813585109e-01 9.860832205689448182e-01 -0.000000000000000000e+00 -1.039682865142822266e+01 -0.000000000000000000e+00 0.000000000000000000e+00 1.000000000000000000e+00 0.000000000000000000e+00
9.853186420575743565e-01 1.707254334123001760e-01 0.000000000000000000e+00 8.357345581054687500e+01 -1.707254334123001760e-01 9.853186420575743565e-01 -0.000000000000000000e+00 -1.103033351898193359e+01 -0.000000000000000000e+00 0.000000000000000000e+00 1.000000000000000000e+00 0.000000000000000000e+00
9.845948659257368618e-01 1.748512224512034086e-01 0.000000000000000000e+00 8.665779876708984375e+01 -1.748512224512034086e-01 9.845948659257368618e-01 -0.000000000000000000e+00 -1.146588611602783203e+01 -0.000000000000000000e+00 0.000000000000000000e+00 1.000000000000000000e+00 0.000000000000000000e+00
9.843902310999513849e-01 1.759996389626530267e-01 0.000000000000000000e+00 8.954032135009765625e+01 -1.759996389626530267e-01 9.843902310999513849e-01 -0.000000000000000000e+00 -1.224686145782470703e+01 -0.000000000000000000e+00 0.000000000000000000e+00 1.000000000000000000e+00 0.000000000000000000e+00
9.828533877148670772e-01 1.843887693364463232e-01 0.000000000000000000e+00 9.561577606201171875e+01 -1.843887693364463232e-01 9.828533877148670772e-01 -0.000000000000000000e+00 -1.340849304199218750e+01 -0.000000000000000000e+00 0.000000000000000000e+00 1.000000000000000000e+00 0.000000000000000000e+00
9.828533877148670772e-01 1.843887693364463232e-01 0.000000000000000000e+00 9.561577606201171875e+01 -1.843887693364463232e-01 9.828533877148670772e-01 -0.000000000000000000e+00 -1.340849304199218750e+01 -0.000000000000000000e+00 0.000000000000000000e+00 1.000000000000000000e+00 0.000000000000000000e+00
9.821973214762512727e-01 1.878521271768766321e-01 0.000000000000000000e+00 9.858476257324218750e+01 -1.878521271768766321e-01 9.821973214762512727e-01 -0.000000000000000000e+00 -1.406773662567138672e+01 -0.000000000000000000e+00 0.000000000000000000e+00 1.000000000000000000e+00 0.000000000000000000e+00
9.813541234980323047e-01 1.922084397039025283e-01 0.000000000000000000e+00 1.016583099365234375e+02 -1.922084397039025283e-01 9.813541234980323047e-01 -0.000000000000000000e+00 -1.470372390747070312e+01 -0.000000000000000000e+00 0.000000000000000000e+00 1.000000000000000000e+00 0.000000000000000000e+00
9.805015901253195665e-01 1.965111492046185127e-01 0.000000000000000000e+00 1.046688919067382812e+02 -1.965111492046185127e-01 9.805015901253195665e-01 -0.000000000000000000e+00 -1.533559417724609375e+01 -0.000000000000000000e+00 0.000000000000000000e+00 1.000000000000000000e+00 0.000000000000000000e+00
9.796872247144614576e-01 2.005316477049854940e-01 0.000000000000000000e+00 1.076431121826171875e+02 -2.005316477049854940e-01 9.796872247144614576e-01 -0.000000000000000000e+00 -1.597830772399902344e+01 -0.000000000000000000e+00 0.000000000000000000e+00 1.000000000000000000e+00 0.000000000000000000e+00
9.788712474267098340e-01 2.044775805834884719e-01 0.000000000000000000e+00 1.100664138793945312e+02 -2.044775805834884719e-01 9.788712474267098340e-01 -0.000000000000000000e+00 -1.647023963928222656e+01 -0.000000000000000000e+00 0.000000000000000000e+00 1.000000000000000000e+00 0.000000000000000000e+00
9.780013159371493403e-01 2.085987200948373477e-01 0.000000000000000000e+00 1.131539077758789062e+02 -2.085987200948373477e-01 9.780013159371493403e-01 -0.000000000000000000e+00 -1.719721221923828125e+01 -0.000000000000000000e+00 0.000000000000000000e+00 1.000000000000000000e+00 0.000000000000000000e+00
9.770263861769984404e-01 2.131183725395692785e-01 0.000000000000000000e+00 1.161327362060546875e+02 -2.131183725395692785e-01 9.770263861769984404e-01 -0.000000000000000000e+00 -1.784886169433593750e+01 -0.000000000000000000e+00 0.000000000000000000e+00 1.000000000000000000e+00 0.000000000000000000e+00
9.761595326304429721e-01 2.170542947161267222e-01 0.000000000000000000e+00 1.190971984863281250e+02 -2.170542947161267222e-01 9.761595326304429721e-01 -0.000000000000000000e+00 -1.857639694213867188e+01 -0.000000000000000000e+00 0.000000000000000000e+00 1.000000000000000000e+00 0.000000000000000000e+00
9.752015153950623905e-01 2.213187844968744766e-01 0.000000000000000000e+00 1.220890426635742188e+02 -2.213187844968744766e-01 9.752015153950623905e-01 -0.000000000000000000e+00 -1.928069686889648438e+01 -0.000000000000000000e+00 0.000000000000000000e+00 1.000000000000000000e+00 0.000000000000000000e+00
9.742124060116975626e-01 2.256328610218363839e-01 0.000000000000000000e+00 1.250547637939453125e+02 -2.256328610218363839e-01 9.742124060116975626e-01 -0.000000000000000000e+00 -1.999499702453613281e+01 -0.000000000000000000e+00 0.000000000000000000e+00 1.000000000000000000e+00 0.000000000000000000e+00
9.736941446495180896e-01 2.278589754107643861e-01 0.000000000000000000e+00 1.251431732177734375e+02 -2.278589754107643861e-01 9.736941446495180896e-01 -0.000000000000000000e+00 -1.977560234069824219e+01 -0.000000000000000000e+00 0.000000000000000000e+00 1.000000000000000000e+00 0.000000000000000000e+00
9.735068136348797863e-01 2.286580062155345316e-01 0.000000000000000000e+00 1.260617752075195312e+02 -2.286580062155345316e-01 9.735068136348797863e-01 -0.000000000000000000e+00 -1.999464797973632812e+01 -0.000000000000000000e+00 0.000000000000000000e+00 1.000000000000000000e+00 0.000000000000000000e+00
9.725544248291831950e-01 2.326755052539409285e-01 0.000000000000000000e+00 1.261326370239257812e+02 -2.326755052539409285e-01 9.725544248291831950e-01 -0.000000000000000000e+00 -1.959521865844726562e+01 -0.000000000000000000e+00 0.000000000000000000e+00 1.000000000000000000e+00 0.000000000000000000e+00
9.722428128462922148e-01 2.339741713709648785e-01 0.000000000000000000e+00 1.269768753051757812e+02 -2.339741713709648785e-01 9.722428128462922148e-01 -0.000000000000000000e+00 -1.975262832641601562e+01 -0.000000000000000000e+00 0.000000000000000000e+00 1.000000000000000000e+00 0.000000000000000000e+00
9.715338726178261997e-01 2.369006845836655883e-01 0.000000000000000000e+00 1.277773284912109375e+02 -2.369006845836655883e-01 9.715338726178261997e-01 -0.000000000000000000e+00 -1.973573684692382812e+01 -0.000000000000000000e+00 0.000000000000000000e+00 1.000000000000000000e+00 0.000000000000000000e+00
9.710956103297032627e-01 2.386908368546669101e-01 0.000000000000000000e+00 1.276954116821289062e+02 -2.386908368546669101e-01 9.710956103297032627e-01 -0.000000000000000000e+00 -1.951741218566894531e+01 -0.000000000000000000e+00 0.000000000000000000e+00 1.000000000000000000e+00 0.000000000000000000e+00
9.719677089882479137e-01 2.351143821295003378e-01 0.000000000000000000e+00 1.251696090698242188e+02 -2.351143821295003378e-01 9.719677089882479137e-01 -0.000000000000000000e+00 -1.912270355224609375e+01 -0.000000000000000000e+00 0.000000000000000000e+00 1.000000000000000000e+00 0.000000000000000000e+00
9.714318596500727265e-01 2.373186508827347663e-01 0.000000000000000000e+00 1.252707443237304688e+02 -2.373186508827347663e-01 9.714318596500727265e-01 -0.000000000000000000e+00 -1.869435501098632812e+01 -0.000000000000000000e+00 0.000000000000000000e+00 1.000000000000000000e+00 0.000000000000000000e+00
9.728664280440941781e-01 2.313674851501943408e-01 0.000000000000000000e+00 1.246429138183593750e+02 -2.313674851501943408e-01 9.728664280440941781e-01 -0.000000000000000000e+00 -1.891710090637207031e+01 -0.000000000000000000e+00 0.000000000000000000e+00 1.000000000000000000e+00 0.000000000000000000e+00
9.728664280440941781e-01 2.313674851501943408e-01 0.000000000000000000e+00 1.246429138183593750e+02 -2.313674851501943408e-01 9.728664280440941781e-01 -0.000000000000000000e+00 -1.891710090637207031e+01 -0.000000000000000000e+00 0.000000000000000000e+00 1.000000000000000000e+00 0.000000000000000000e+00
9.743583996049791640e-01 2.250015758149792044e-01 0.000000000000000000e+00 1.250594253540039062e+02 -2.250015758149792044e-01 9.743583996049791640e-01 -0.000000000000000000e+00 -1.969259452819824219e+01 -0.000000000000000000e+00 0.000000000000000000e+00 1.000000000000000000e+00 0.000000000000000000e+00
9.720322351060159960e-01 2.348474694664664242e-01 0.000000000000000000e+00 1.287213897705078125e+02 -2.348474694664664242e-01 9.720322351060159960e-01 -0.000000000000000000e+00 -2.014025115966796875e+01 -0.000000000000000000e+00 0.000000000000000000e+00 1.000000000000000000e+00 0.000000000000000000e+00
9.700494602280801404e-01 2.429074817933989661e-01 0.000000000000000000e+00 1.346896514892578125e+02 -2.429074817933989661e-01 9.700494602280801404e-01 -0.000000000000000000e+00 -2.171530914306640625e+01 -0.000000000000000000e+00 0.000000000000000000e+00 1.000000000000000000e+00 0.000000000000000000e+00
9.700494602280801404e-01 2.429074817933989661e-01 0.000000000000000000e+00 1.346896514892578125e+02 -2.429074817933989661e-01 9.700494602280801404e-01 -0.000000000000000000e+00 -2.171530914306640625e+01 -0.000000000000000000e+00 0.000000000000000000e+00 1.000000000000000000e+00 0.000000000000000000e+00
9.681739381057746785e-01 2.502782962479077611e-01 0.000000000000000000e+00 1.400779876708984375e+02 -2.502782962479077611e-01 9.681739381057746785e-01 -0.000000000000000000e+00 -2.313068008422851562e+01 -0.000000000000000000e+00 0.000000000000000000e+00 1.000000000000000000e+00 0.000000000000000000e+00
9.681739381057746785e-01 2.502782962479077611e-01 0.000000000000000000e+00 1.400779876708984375e+02 -2.502782962479077611e-01 9.681739381057746785e-01 -0.000000000000000000e+00 -2.313068008422851562e+01 -0.000000000000000000e+00 0.000000000000000000e+00 1.000000000000000000e+00 0.000000000000000000e+00
9.671659713993391305e-01 2.541455956084480716e-01 0.000000000000000000e+00 1.432392578125000000e+02 -2.541455956084480716e-01 9.671659713993391305e-01 -0.000000000000000000e+00 -2.402116394042968750e+01 -0.000000000000000000e+00 0.000000000000000000e+00 1.000000000000000000e+00 0.000000000000000000e+00
9.661017709404897680e-01 2.581615156944376821e-01 0.000000000000000000e+00 1.461717376708984375e+02 -2.581615156944376821e-01 9.661017709404897680e-01 -0.000000000000000000e+00 -2.482017135620117188e+01 -0.000000000000000000e+00 0.000000000000000000e+00 1.000000000000000000e+00 0.000000000000000000e+00
9.647842116160170178e-01 2.630426296562221600e-01 0.000000000000000000e+00 1.491751251220703125e+02 -2.630426296562221600e-01 9.647842116160170178e-01 -0.000000000000000000e+00 -2.557822799682617188e+01 -0.000000000000000000e+00 0.000000000000000000e+00 1.000000000000000000e+00 0.000000000000000000e+00
9.636579534910867384e-01 2.671391934429885318e-01 0.000000000000000000e+00 1.521520538330078125e+02 -2.671391934429885318e-01 9.636579534910867384e-01 -0.000000000000000000e+00 -2.640081977844238281e+01 -0.000000000000000000e+00 0.000000000000000000e+00 1.000000000000000000e+00 0.000000000000000000e+00
9.624590361257325810e-01 2.714269768831494289e-01 0.000000000000000000e+00 1.551441192626953125e+02 -2.714269768831494289e-01 9.624590361257325810e-01 -0.000000000000000000e+00 -2.724877738952636719e+01 -0.000000000000000000e+00 0.000000000000000000e+00 1.000000000000000000e+00 0.000000000000000000e+00
9.609844455404219499e-01 2.766024139977229512e-01 0.000000000000000000e+00 1.582159118652343750e+02 -2.766024139977229512e-01 9.609844455404219499e-01 -0.000000000000000000e+00 -2.807696342468261719e+01 -0.000000000000000000e+00 0.000000000000000000e+00 1.000000000000000000e+00 0.000000000000000000e+00
9.597316695043436319e-01 2.809183556665625914e-01 0.000000000000000000e+00 1.611670379638671875e+02 -2.809183556665625914e-01 9.597316695043436319e-01 -0.000000000000000000e+00 -2.893559265136718750e+01 -0.000000000000000000e+00 0.000000000000000000e+00 1.000000000000000000e+00 0.000000000000000000e+00
9.583831251094296899e-01 2.854851756317363098e-01 0.000000000000000000e+00 1.641139068603515625e+02 -2.854851756317363098e-01 9.583831251094296899e-01 -0.000000000000000000e+00 -2.978867340087890625e+01 -0.000000000000000000e+00 0.000000000000000000e+00 1.000000000000000000e+00 0.000000000000000000e+00
9.569946718453896661e-01 2.901054947075890067e-01 0.000000000000000000e+00 1.670826110839843750e+02 -2.901054947075890067e-01 9.569946718453896661e-01 -0.000000000000000000e+00 -3.066144943237304688e+01 -0.000000000000000000e+00 0.000000000000000000e+00 1.000000000000000000e+00 0.000000000000000000e+00
9.557772639886991106e-01 2.940915191607481050e-01 0.000000000000000000e+00 1.700884552001953125e+02 -2.940915191607481050e-01 9.557772639886991106e-01 -0.000000000000000000e+00 -3.161964225769042969e+01 -0.000000000000000000e+00 0.000000000000000000e+00 1.000000000000000000e+00 0.000000000000000000e+00
9.532524356452167780e-01 3.021751047595779283e-01 0.000000000000000000e+00 1.761265258789062500e+02 -3.021751047595779283e-01 9.532524356452167780e-01 -0.000000000000000000e+00 -3.354018783569335938e+01 -0.000000000000000000e+00 0.000000000000000000e+00 1.000000000000000000e+00 0.000000000000000000e+00
9.532524356452167780e-01 3.021751047595779283e-01 0.000000000000000000e+00 1.761265258789062500e+02 -3.021751047595779283e-01 9.532524356452167780e-01 -0.000000000000000000e+00 -3.354018783569335938e+01 -0.000000000000000000e+00 0.000000000000000000e+00 1.000000000000000000e+00 0.000000000000000000e+00
9.521931648166945816e-01 3.054966069801217654e-01 0.000000000000000000e+00 1.790042266845703125e+02 -3.054966069801217654e-01 9.521931648166945816e-01 -0.000000000000000000e+00 -3.449065399169921875e+01 -0.000000000000000000e+00 0.000000000000000000e+00 1.000000000000000000e+00 0.000000000000000000e+00
9.510617722110495942e-01 3.090008178610174072e-01 0.000000000000000000e+00 1.819920196533203125e+02 -3.090008178610174072e-01 9.510617722110495942e-01 -0.000000000000000000e+00 -3.545533752441406250e+01 -0.000000000000000000e+00 0.000000000000000000e+00 1.000000000000000000e+00 0.000000000000000000e+00
9.499497451325278341e-01 3.124027556258833216e-01 0.000000000000000000e+00 1.849468231201171875e+02 -3.124027556258833216e-01 9.499497451325278341e-01 -0.000000000000000000e+00 -3.642796707153320312e+01 -0.000000000000000000e+00 0.000000000000000000e+00 1.000000000000000000e+00 0.000000000000000000e+00
9.488158450380230757e-01 3.158298469188466906e-01 0.000000000000000000e+00 1.879187316894531250e+02 -3.158298469188466906e-01 9.488158450380230757e-01 -0.000000000000000000e+00 -3.739442825317382812e+01 -0.000000000000000000e+00 0.000000000000000000e+00 1.000000000000000000e+00 0.000000000000000000e+00
9.489624430761391949e-01 3.153890956120158351e-01 0.000000000000000000e+00 1.877266998291015625e+02 -3.153890956120158351e-01 9.489624430761391949e-01 -0.000000000000000000e+00 -3.736319732666015625e+01 -0.000000000000000000e+00 0.000000000000000000e+00 1.000000000000000000e+00 0.000000000000000000e+00
9.485445164715674560e-01 3.166438066214470326e-01 0.000000000000000000e+00 1.911308593750000000e+02 -3.166438066214470326e-01 9.485445164715674560e-01 -0.000000000000000000e+00 -3.874025726318359375e+01 -0.000000000000000000e+00 0.000000000000000000e+00 1.000000000000000000e+00 0.000000000000000000e+00
9.474835453734473667e-01 3.198045203660549451e-01 0.000000000000000000e+00 1.946056213378906250e+02 -3.198045203660549451e-01 9.474835453734473667e-01 -0.000000000000000000e+00 -3.995362472534179688e+01 -0.000000000000000000e+00 0.000000000000000000e+00 1.000000000000000000e+00 0.000000000000000000e+00
9.461969036362627428e-01 3.235914392395893291e-01 0.000000000000000000e+00 1.981010131835937500e+02 -3.235914392395893291e-01 9.461969036362627428e-01 -0.000000000000000000e+00 -4.111476516723632812e+01 -0.000000000000000000e+00 0.000000000000000000e+00 1.000000000000000000e+00 0.000000000000000000e+00
9.448755713331812300e-01 3.274296179300129617e-01 0.000000000000000000e+00 2.015858917236328125e+02 -3.274296179300129617e-01 9.448755713331812300e-01 -0.000000000000000000e+00 -4.228695678710937500e+01 -0.000000000000000000e+00 0.000000000000000000e+00 1.000000000000000000e+00 0.000000000000000000e+00
9.436053159148568570e-01 3.310725113584987445e-01 0.000000000000000000e+00 2.050214843750000000e+02 -3.310725113584987445e-01 9.436053159148568570e-01 -0.000000000000000000e+00 -4.344499206542968750e+01 -0.000000000000000000e+00 0.000000000000000000e+00 1.000000000000000000e+00 0.000000000000000000e+00
9.427263863546145872e-01 3.335670254548100955e-01 0.000000000000000000e+00 2.079230346679687500e+02 -3.335670254548100955e-01 9.427263863546145872e-01 -0.000000000000000000e+00 -4.451255416870117188e+01 -0.000000000000000000e+00 0.000000000000000000e+00 1.000000000000000000e+00 0.000000000000000000e+00
9.418087722501070624e-01 3.361491283831419263e-01 0.000000000000000000e+00 2.108520507812500000e+02 -3.361491283831419263e-01 9.418087722501070624e-01 -0.000000000000000000e+00 -4.557873535156250000e+01 -0.000000000000000000e+00 0.000000000000000000e+00 1.000000000000000000e+00 0.000000000000000000e+00
9.409106107125618790e-01 3.386550201141476646e-01 0.000000000000000000e+00 2.137228393554687500e+02 -3.386550201141476646e-01 9.409106107125618790e-01 -0.000000000000000000e+00 -4.663166046142578125e+01 -0.000000000000000000e+00 0.000000000000000000e+00 1.000000000000000000e+00 0.000000000000000000e+00
9.399357909751980822e-01 3.413512982893557868e-01 0.000000000000000000e+00 2.166377410888671875e+02 -3.413512982893557868e-01 9.399357909751980822e-01 -0.000000000000000000e+00 -4.769229507446289062e+01 -0.000000000000000000e+00 0.000000000000000000e+00 1.000000000000000000e+00 0.000000000000000000e+00
9.388283024592958270e-01 3.443855666275764116e-01 0.000000000000000000e+00 2.195725708007812500e+02 -3.443855666275764116e-01 9.388283024592958270e-01 -0.000000000000000000e+00 -4.876404571533203125e+01 -0.000000000000000000e+00 0.000000000000000000e+00 1.000000000000000000e+00 0.000000000000000000e+00
9.384210679458191429e-01 3.454937036118433391e-01 0.000000000000000000e+00 2.221852874755859375e+02 -3.454937036118433391e-01 9.384210679458191429e-01 -0.000000000000000000e+00 -4.983364868164062500e+01 -0.000000000000000000e+00 0.000000000000000000e+00 1.000000000000000000e+00 0.000000000000000000e+00
9.375337816085186349e-01 3.478942487924031046e-01 0.000000000000000000e+00 2.251129150390625000e+02 -3.478942487924031046e-01 9.375337816085186349e-01 -0.000000000000000000e+00 -5.095718002319335938e+01 -0.000000000000000000e+00 0.000000000000000000e+00 1.000000000000000000e+00 0.000000000000000000e+00
9.365430032911096214e-01 3.505527107104845497e-01 0.000000000000000000e+00 2.281027374267578125e+02 -3.505527107104845497e-01 9.365430032911096214e-01 -0.000000000000000000e+00 -5.209676361083984375e+01 -0.000000000000000000e+00 0.000000000000000000e+00 1.000000000000000000e+00 0.000000000000000000e+00
9.358044962938865119e-01 3.525194245940856952e-01 0.000000000000000000e+00 2.310782775878906250e+02 -3.525194245940856952e-01 9.358044962938865119e-01 -0.000000000000000000e+00 -5.330893707275390625e+01 -0.000000000000000000e+00 0.000000000000000000e+00 1.000000000000000000e+00 0.000000000000000000e+00
9.350671573407043358e-01 3.544706070505345141e-01 0.000000000000000000e+00 2.339891357421875000e+02 -3.544706070505345141e-01 9.350671573407043358e-01 -0.000000000000000000e+00 -5.448208618164062500e+01 -0.000000000000000000e+00 0.000000000000000000e+00 1.000000000000000000e+00 0.000000000000000000e+00
9.341875843950382396e-01 3.567822265222349021e-01 0.000000000000000000e+00 2.368569335937500000e+02 -3.567822265222349021e-01 9.341875843950382396e-01 -0.000000000000000000e+00 -5.562158203125000000e+01 -0.000000000000000000e+00 0.000000000000000000e+00 1.000000000000000000e+00 0.000000000000000000e+00
9.333664572219062538e-01 3.589248619600312051e-01 0.000000000000000000e+00 2.397164001464843750e+02 -3.589248619600312051e-01 9.333664572219062538e-01 -0.000000000000000000e+00 -5.677737426757812500e+01 -0.000000000000000000e+00 0.000000000000000000e+00 1.000000000000000000e+00 0.000000000000000000e+00
9.326886306763755297e-01 3.606825726411347355e-01 0.000000000000000000e+00 2.425542755126953125e+02 -3.606825726411347355e-01 9.326886306763755297e-01 -0.000000000000000000e+00 -5.793564605712890625e+01 -0.000000000000000000e+00 0.000000000000000000e+00 1.000000000000000000e+00 0.000000000000000000e+00
9.321022114408807901e-01 3.621953442923023792e-01 0.000000000000000000e+00 2.454044189453125000e+02 -3.621953442923023792e-01 9.321022114408807901e-01 -0.000000000000000000e+00 -5.909572219848632812e+01 -0.000000000000000000e+00 0.000000000000000000e+00 1.000000000000000000e+00 0.000000000000000000e+00
9.316648222017600567e-01 3.633189495082286280e-01 0.000000000000000000e+00 2.482781524658203125e+02 -3.633189495082286280e-01 9.316648222017600567e-01 -0.000000000000000000e+00 -6.028342056274414062e+01 -0.000000000000000000e+00 0.000000000000000000e+00 1.000000000000000000e+00 0.000000000000000000e+00
9.313481839704811360e-01 3.641298672381692025e-01 0.000000000000000000e+00 2.511275177001953125e+02 -3.641298672381692025e-01 9.313481839704811360e-01 -0.000000000000000000e+00 -6.148668289184570312e+01 -0.000000000000000000e+00 0.000000000000000000e+00 1.000000000000000000e+00 0.000000000000000000e+00
9.323587049668285998e-01 3.615345699550436276e-01 0.000000000000000000e+00 2.516209259033203125e+02 -3.615345699550436276e-01 9.323587049668285998e-01 -0.000000000000000000e+00 -6.193032836914062500e+01 -0.000000000000000000e+00 0.000000000000000000e+00 1.000000000000000000e+00 0.000000000000000000e+00
9.314582534758246712e-01 3.638482129017077127e-01 0.000000000000000000e+00 2.550368041992187500e+02 -3.638482129017077127e-01 9.314582534758246712e-01 -0.000000000000000000e+00 -6.327417373657226562e+01 -0.000000000000000000e+00 0.000000000000000000e+00 1.000000000000000000e+00 0.000000000000000000e+00
9.314582534758246712e-01 3.638482129017077127e-01 0.000000000000000000e+00 2.550368041992187500e+02 -3.638482129017077127e-01 9.314582534758246712e-01 -0.000000000000000000e+00 -6.327417373657226562e+01 -0.000000000000000000e+00 0.000000000000000000e+00 1.000000000000000000e+00 0.000000000000000000e+00
9.303107925933584710e-01 3.667721761316105056e-01 0.000000000000000000e+00 2.517659912109375000e+02 -3.667721761316105056e-01 9.303107925933584710e-01 -0.000000000000000000e+00 -6.159537506103515625e+01 -0.000000000000000000e+00 0.000000000000000000e+00 1.000000000000000000e+00 0.000000000000000000e+00
9.303107925933584710e-01 3.667721761316105056e-01 0.000000000000000000e+00 2.517659912109375000e+02 -3.667721761316105056e-01 9.303107925933584710e-01 -0.000000000000000000e+00 -6.159537506103515625e+01 -0.000000000000000000e+00 0.000000000000000000e+00 1.000000000000000000e+00 0.000000000000000000e+00
9.293398824706784467e-01 3.692253821846293027e-01 0.000000000000000000e+00 2.513512573242187500e+02 -3.692253821846293027e-01 9.293398824706784467e-01 -0.000000000000000000e+00 -6.118878555297851562e+01 -0.000000000000000000e+00 0.000000000000000000e+00 1.000000000000000000e+00 0.000000000000000000e+00
9.297788136276596838e-01 3.681186734317368758e-01 0.000000000000000000e+00 2.514493560791015625e+02 -3.681186734317368758e-01 9.297788136276596838e-01 -0.000000000000000000e+00 -6.133516311645507812e+01 -0.000000000000000000e+00 0.000000000000000000e+00 1.000000000000000000e+00 0.000000000000000000e+00
9.295513165202234918e-01 3.686927582086733657e-01 0.000000000000000000e+00 2.514268341064453125e+02 -3.686927582086733657e-01 9.295513165202234918e-01 -0.000000000000000000e+00 -6.129312515258789062e+01 -0.000000000000000000e+00 0.000000000000000000e+00 1.000000000000000000e+00 0.000000000000000000e+00
9.296777015104813469e-01 3.683739558033226613e-01 0.000000000000000000e+00 2.514451599121093750e+02 -3.683739558033226613e-01 9.296777015104813469e-01 -0.000000000000000000e+00 -6.134362030029296875e+01 -0.000000000000000000e+00 0.000000000000000000e+00 1.000000000000000000e+00 0.000000000000000000e+00
9.296150371430871306e-01 3.685320647073423994e-01 0.000000000000000000e+00 2.513740081787109375e+02 -3.685320647073423994e-01 9.296150371430871306e-01 -0.000000000000000000e+00 -6.132571792602539062e+01 -0.000000000000000000e+00 0.000000000000000000e+00 1.000000000000000000e+00 0.000000000000000000e+00
9.288012934963520983e-01 3.705781391279080461e-01 0.000000000000000000e+00 2.485912628173828125e+02 -3.705781391279080461e-01 9.288012934963520983e-01 -0.000000000000000000e+00 -5.993759155273437500e+01 -0.000000000000000000e+00 0.000000000000000000e+00 1.000000000000000000e+00 0.000000000000000000e+00
9.296207555946410794e-01 3.685176396967295154e-01 0.000000000000000000e+00 2.454541931152343750e+02 -3.685176396967295154e-01 9.296207555946410794e-01 -0.000000000000000000e+00 -5.881166076660156250e+01 -0.000000000000000000e+00 0.000000000000000000e+00 1.000000000000000000e+00 0.000000000000000000e+00
9.292449339839574662e-01 3.694642779283952017e-01 0.000000000000000000e+00 2.468069152832031250e+02 -3.694642779283952017e-01 9.292449339839574662e-01 -0.000000000000000000e+00 -5.935295867919921875e+01 -0.000000000000000000e+00 0.000000000000000000e+00 1.000000000000000000e+00 0.000000000000000000e+00
9.289645768440062401e-01 3.701686304497402435e-01 0.000000000000000000e+00 2.494306640625000000e+02 -3.701686304497402435e-01 9.289645768440062401e-01 -0.000000000000000000e+00 -6.049229812622070312e+01 -0.000000000000000000e+00 0.000000000000000000e+00 1.000000000000000000e+00 0.000000000000000000e+00
9.289041289360945308e-01 3.703202927810944067e-01 0.000000000000000000e+00 2.516926879882812500e+02 -3.703202927810944067e-01 9.289041289360945308e-01 -0.000000000000000000e+00 -6.152726745605468750e+01 -0.000000000000000000e+00 0.000000000000000000e+00 1.000000000000000000e+00 0.000000000000000000e+00
9.286200715227650448e-01 3.710320239077144477e-01 0.000000000000000000e+00 2.539749603271484375e+02 -3.710320239077144477e-01 9.286200715227650448e-01 -0.000000000000000000e+00 -6.252428054809570312e+01 -0.000000000000000000e+00 0.000000000000000000e+00 1.000000000000000000e+00 0.000000000000000000e+00
9.282206863887600967e-01 3.720300490013931927e-01 0.000000000000000000e+00 2.561920776367187500e+02 -3.720300490013931927e-01 9.282206863887600967e-01 -0.000000000000000000e+00 -6.347496414184570312e+01 -0.000000000000000000e+00 0.000000000000000000e+00 1.000000000000000000e+00 0.000000000000000000e+00
9.278011851042702318e-01 3.730750070952377206e-01 0.000000000000000000e+00 2.579443969726562500e+02 -3.730750070952377206e-01 9.278011851042702318e-01 -0.000000000000000000e+00 -6.422251892089843750e+01 -0.000000000000000000e+00 0.000000000000000000e+00 1.000000000000000000e+00 0.000000000000000000e+00
9.266783328285551624e-01 3.758553810524594141e-01 0.000000000000000000e+00 2.546798400878906250e+02 -3.758553810524594141e-01 9.266783328285551624e-01 -0.000000000000000000e+00 -6.260993576049804688e+01 -0.000000000000000000e+00 0.000000000000000000e+00 1.000000000000000000e+00 0.000000000000000000e+00
9.266977524359203411e-01 3.758074981027037520e-01 0.000000000000000000e+00 2.512772827148437500e+02 -3.758074981027037520e-01 9.266977524359203411e-01 -0.000000000000000000e+00 -6.117697906494140625e+01 -0.000000000000000000e+00 0.000000000000000000e+00 1.000000000000000000e+00 0.000000000000000000e+00
9.266713089651631430e-01 3.758726980518686256e-01 0.000000000000000000e+00 2.489603576660156250e+02 -3.758726980518686256e-01 9.266713089651631430e-01 -0.000000000000000000e+00 -6.021356582641601562e+01 -0.000000000000000000e+00 0.000000000000000000e+00 1.000000000000000000e+00 0.000000000000000000e+00
9.265527538561555421e-01 3.761648499282920777e-01 0.000000000000000000e+00 2.469775390625000000e+02 -3.761648499282920777e-01 9.265527538561555421e-01 -0.000000000000000000e+00 -5.941403198242187500e+01 -0.000000000000000000e+00 0.000000000000000000e+00 1.000000000000000000e+00 0.000000000000000000e+00
9.262908312996798177e-01 3.768093627421537639e-01 0.000000000000000000e+00 2.439111785888671875e+02 -3.768093627421537639e-01 9.262908312996798177e-01 -0.000000000000000000e+00 -5.807059478759765625e+01 -0.000000000000000000e+00 0.000000000000000000e+00 1.000000000000000000e+00 0.000000000000000000e+00
9.262487715631980700e-01 3.769127394738289727e-01 0.000000000000000000e+00 2.437809753417968750e+02 -3.769127394738289727e-01 9.262487715631980700e-01 -0.000000000000000000e+00 -5.808708190917968750e+01 -0.000000000000000000e+00 0.000000000000000000e+00 1.000000000000000000e+00 0.000000000000000000e+00
9.259953344778143469e-01 3.775349527200372868e-01 0.000000000000000000e+00 2.437511749267578125e+02 -3.775349527200372868e-01 9.259953344778143469e-01 -0.000000000000000000e+00 -5.810018157958984375e+01 -0.000000000000000000e+00 0.000000000000000000e+00 1.000000000000000000e+00 0.000000000000000000e+00
9.261040501360684463e-01 3.772681915051552815e-01 0.000000000000000000e+00 2.424913177490234375e+02 -3.772681915051552815e-01 9.261040501360684463e-01 -0.000000000000000000e+00 -5.765475082397460938e+01 -0.000000000000000000e+00 0.000000000000000000e+00 1.000000000000000000e+00 0.000000000000000000e+00
9.259033929059349299e-01 3.777603830542291541e-01 0.000000000000000000e+00 2.426196899414062500e+02 -3.777603830542291541e-01 9.259033929059349299e-01 -0.000000000000000000e+00 -5.775025558471679688e+01 -0.000000000000000000e+00 0.000000000000000000e+00 1.000000000000000000e+00 0.000000000000000000e+00
9.259033929059349299e-01 3.777603830542291541e-01 0.000000000000000000e+00 2.426196899414062500e+02 -3.777603830542291541e-01 9.259033929059349299e-01 -0.000000000000000000e+00 -5.775025558471679688e+01 -0.000000000000000000e+00 0.000000000000000000e+00 1.000000000000000000e+00 0.000000000000000000e+00
9.254731899374099013e-01 3.788131131667366591e-01 0.000000000000000000e+00 2.429225616455078125e+02 -3.788131131667366591e-01 9.254731899374099013e-01 -0.000000000000000000e+00 -5.794594955444335938e+01 -0.000000000000000000e+00 0.000000000000000000e+00 1.000000000000000000e+00 0.000000000000000000e+00
9.252239326933843211e-01 3.794214996167030174e-01 0.000000000000000000e+00 2.409123992919921875e+02 -3.794214996167030174e-01 9.252239326933843211e-01 -0.000000000000000000e+00 -5.708446502685546875e+01 -0.000000000000000000e+00 0.000000000000000000e+00 1.000000000000000000e+00 0.000000000000000000e+00
9.249386590715273915e-01 3.801163992186669116e-01 0.000000000000000000e+00 2.407534637451171875e+02 -3.801163992186669116e-01 9.249386590715273915e-01 -0.000000000000000000e+00 -5.703575897216796875e+01 -0.000000000000000000e+00 0.000000000000000000e+00 1.000000000000000000e+00 0.000000000000000000e+00
9.247761418889992591e-01 3.805116126912520547e-01 0.000000000000000000e+00 2.440335083007812500e+02 -3.805116126912520547e-01 9.247761418889992591e-01 -0.000000000000000000e+00 -5.850006866455078125e+01 -0.000000000000000000e+00 0.000000000000000000e+00 1.000000000000000000e+00 0.000000000000000000e+00
9.244748817190121537e-01 3.812429580603666768e-01 0.000000000000000000e+00 2.469084777832031250e+02 -3.812429580603666768e-01 9.244748817190121537e-01 -0.000000000000000000e+00 -5.978709793090820312e+01 -0.000000000000000000e+00 0.000000000000000000e+00 1.000000000000000000e+00 0.000000000000000000e+00
