9.929861583736463437e-01 1.182306613292331415e-01 0.000000000000000000e+00 0.000000000000000000e+00 -1.182306613292331415e-01 9.929861583736463437e-01 -0.000000000000000000e+00 0.000000000000000000e+00 -0.000000000000000000e+00 0.000000000000000000e+00 1.000000000000000000e+00 0.000000000000000000e+00
9.929861583736463437e-01 1.182306613292331415e-01 0.000000000000000000e+00 0.000000000000000000e+00 -1.182306613292331415e-01 9.929861583736463437e-01 -0.000000000000000000e+00 0.000000000000000000e+00 -0.000000000000000000e+00 0.000000000000000000e+00 1.000000000000000000e+00 0.000000000000000000e+00
9.928618028181874777e-01 1.192704510958964848e-01 0.000000000000000000e+00 2.991691589355468750e+00 -1.192704510958964848e-01 9.928618028181874777e-01 -0.000000000000000000e+00 -2.978186905384063721e-01 -0.000000000000000000e+00 0.000000000000000000e+00 1.000000000000000000e+00 0.000000000000000000e+00
9.927573413774571920e-01 1.201368433960328386e-01 0.000000000000000000e+00 5.984060287475585938e+00 -1.201368433960328386e-01 9.927573413774571920e-01 -0.000000000000000000e+00 -5.880535840988159180e-01 -0.000000000000000000e+00 0.000000000000000000e+00 1.000000000000000000e+00 0.000000000000000000e+00
9.927782942984720860e-01 1.199635710114378834e-01 0.000000000000000000e+00 8.976613998413085938e+00 -1.199635710114378834e-01 9.927782942984720860e-01 -0.000000000000000000e+00 -1.018161535263061523e+00 -0.000000000000000000e+00 0.000000000000000000e+00 1.000000000000000000e+00 0.000000000000000000e+00
9.927782942984720860e-01 1.199635710114378834e-01 0.000000000000000000e+00 1.197258472442626953e+01 -1.199635710114378834e-01 9.927782942984720860e-01 -0.000000000000000000e+00 -1.270503401756286621e+00 -0.000000000000000000e+00 0.000000000000000000e+00 1.000000000000000000e+00 0.000000000000000000e+00
9.925461519124016974e-01 1.218693411973812007e-01 0.000000000000000000e+00 1.507591915130615234e+01 -1.218693411973812007e-01 9.925461519124016974e-01 -0.000000000000000000e+00 -1.608767390251159668e+00 -0.000000000000000000e+00 0.000000000000000000e+00 1.000000000000000000e+00 0.000000000000000000e+00
9.923103501295382767e-01 1.237746703723875130e-01 0.000000000000000000e+00 1.805956649780273438e+01 -1.237746703723875130e-01 9.923103501295382767e-01 -0.000000000000000000e+00 -2.129779100418090820e+00 -0.000000000000000000e+00 0.000000000000000000e+00 1.000000000000000000e+00 0.000000000000000000e+00
9.919166036980211487e-01 1.268914942310272187e-01 0.000000000000000000e+00 2.104179954528808594e+01 -1.268914942310272187e-01 9.919166036980211487e-01 -0.000000000000000000e+00 -2.518442153930664062e+00 -0.000000000000000000e+00 0.000000000000000000e+00 1.000000000000000000e+00 0.000000000000000000e+00
9.922454066295061104e-01 1.242942195866168081e-01 0.000000000000000000e+00 2.404924964904785156e+01 -1.242942195866168081e-01 9.922454066295061104e-01 -0.000000000000000000e+00 -2.657174348831176758e+00 -0.000000000000000000e+00 0.000000000000000000e+00 1.000000000000000000e+00 0.000000000000000000e+00
9.921801899058582119e-01 1.248137442687109327e-01 0.000000000000000000e+00 2.704294967651367188e+01 -1.248137442687109327e-01 9.921801899058582119e-01 -0.000000000000000000e+00 -2.932229995727539062e+00 -0.000000000000000000e+00 0.000000000000000000e+00 1.000000000000000000e+00 0.000000000000000000e+00
9.922236974107375707e-01 1.244674025460690558e-01 0.000000000000000000e+00 2.992504813082484816e+01 -1.244674025460690558e-01 9.922236974107375707e-01 -0.000000000000000000e+00 -3.166836244101432385e+00 -0.000000000000000000e+00 0.000000000000000000e+00 1.000000000000000000e+00 0.000000000000000000e+00
9.893232660556411373e-01 1.457376932745919618e-01 0.000000000000000000e+00 3.281795883178710938e+01 -1.457376932745919618e-01 9.893232660556411373e-01 -0.000000000000000000e+00 -4.349740982055664062e+00 -0.000000000000000000e+00 0.000000000000000000e+00 1.000000000000000000e+00 0.000000000000000000e+00
9.907004066316794644e-01 1.360613990073043789e-01 0.000000000000000000e+00 3.574794387817382812e+01 -1.360613990073043789e-01 9.907004066316794644e-01 -0.000000000000000000e+00 -4.176090717315673828e+00 -0.000000000000000000e+00 0.000000000000000000e+00 1.000000000000000000e+00 0.000000000000000000e+00
9.902923438790923738e-01 1.390002649438245308e-01 0.000000000000000000e+00 3.861396789550781250e+01 -1.390002649438245308e-01 9.902923438790923738e-01 -0.000000000000000000e+00 -4.554423809051513672e+00 -0.000000000000000000e+00 0.000000000000000000e+00 1.000000000000000000e+00 0.000000000000000000e+00
9.902316000837546595e-01 1.394323427170573448e-01 0.000000000000000000e+00 4.143261337280273438e+01 -1.394323427170573448e-01 9.902316000837546595e-01 -0.000000000000000000e+00 -4.914460182189941406e+00 -0.000000000000000000e+00 0.000000000000000000e+00 1.000000000000000000e+00 0.000000000000000000e+00
9.901706668165716207e-01 1.398644006744597934e-01 0.000000000000000000e+00 4.425125503540039062e+01 -1.398644006744597934e-01 9.901706668165716207e-01 -0.000000000000000000e+00 -5.274494171142578125e+00 -0.000000000000000000e+00 0.000000000000000000e+00 1.000000000000000000e+00 0.000000000000000000e+00
9.896513864577468622e-01 1.434926244873211132e-01 0.000000000000000000e+00 4.722444152832031250e+01 -1.434926244873211132e-01 9.896513864577468622e-01 -0.000000000000000000e+00 -5.870918750762939453e+00 -0.000000000000000000e+00 0.000000000000000000e+00 1.000000000000000000e+00 0.000000000000000000e+00
9.904734471436399401e-01 1.377038507210132101e-01 0.000000000000000000e+00 5.019219207763671875e+01 -1.377038507210132101e-01 9.904734471436399401e-01 -0.000000000000000000e+00 -5.868655204772949219e+00 -0.000000000000000000e+00 0.000000000000000000e+00 1.000000000000000000e+00 0.000000000000000000e+00
9.912616460521058714e-01 1.319103827076154867e-01 0.000000000000000000e+00 5.315846633911132812e+01 -1.319103827076154867e-01 9.912616460521058714e-01 -0.000000000000000000e+00 -5.866222381591796875e+00 -0.000000000000000000e+00 0.000000000000000000e+00 1.000000000000000000e+00 0.000000000000000000e+00
9.900482336781215587e-01 1.407284441427233412e-01 0.000000000000000000e+00 5.610709762573242188e+01 -1.407284441427233412e-01 9.900482336781215587e-01 -0.000000000000000000e+00 -6.689681529998779297e+00 -0.000000000000000000e+00 0.000000000000000000e+00 1.000000000000000000e+00 0.000000000000000000e+00
9.899497462163929784e-01 1.414195883394485098e-01 0.000000000000000000e+00 5.921492767333984375e+01 -1.414195883394485098e-01 9.899497462163929784e-01 -0.000000000000000000e+00 -6.974813938140869141e+00 -0.000000000000000000e+00 0.000000000000000000e+00 1.000000000000000000e+00 0.000000000000000000e+00
9.898135373439331808e-01 1.423698047013138290e-01 0.000000000000000000e+00 6.225956726074218750e+01 -1.423698047013138290e-01 9.898135373439331808e-01 -0.000000000000000000e+00 -7.455335140228271484e+00 -0.000000000000000000e+00 0.000000000000000000e+00 1.000000000000000000e+00 0.000000000000000000e+00
9.893994378957325919e-01 1.452196690934405288e-01 0.000000000000000000e+00 6.529831695556640625e+01 -1.452196690934405288e-01 9.893994378957325919e-01 -0.000000000000000000e+00 -7.833642482757568359e+00 -0.000000000000000000e+00 0.000000000000000000e+00 1.000000000000000000e+00 0.000000000000000000e+00
9.887302667205287721e-01 1.497079145227533936e-01 0.000000000000000000e+00 6.838130187988281250e+01 -1.497079145227533936e-01 9.887302667205287721e-01 -0.000000000000000000e+00 -8.470292091369628906e+00 -0.000000000000000000e+00 0.000000000000000000e+00 1.000000000000000000e+00 0.000000000000000000e+00
9.880944997417895337e-01 1.538481705449323833e-01 0.000000000000000000e+00 7.135411834716796875e+01 -1.538481705449323833e-01 9.880944997417895337e-01 -0.000000000000000000e+00 -8.903813362121582031e+00 -0.000000000000000000e+00 0.000000000000000000e+00 1.000000000000000000e+00 0.000000000000000000e+00
9.877156272023779326e-01 1.562620868291896559e-01 0.000000000000000000e+00 7.445161437988281250e+01 -1.562620868291896559e-01 9.877156272023779326e-01 -0.000000000000000000e+00 -9.264356613159179688e+00 -0.000000000000000000e+00 0.000000000000000000e+00 1.000000000000000000e+00 0.000000000000000000e+00
9.868839060442481381e-01 1.614315830029784959e-01 0.000000000000000000e+00 7.752826690673828125e+01 -1.614315830029784959e-01 9.868839060442481381e-01 -0.000000000000000000e+00 -9.930881500244140625e+00 -0.000000000000000000e+00 0.000000000000000000e+00 1.000000000000000000e+00 0.000000000000000000e+00
9.860832205689448182e-01 1.662524649813585109e-01 0.000000000000000000e+00 8.061003112792968750e+01 -1.662524649813585109e-01 9.860832205689448182e-01 -0.000000000000000000e+00 -1.039682865142822266e+01 -0.000000000000000000e+00 0.000000000000000000e+00 1.000000000000000000e+00 0.000000000000000000e+00
9.853186420575743565e-01 1.707254334123001760e-01 0.000000000000000000e+00 8.357345581054687500e+01 -1.707254334123001760e-01 9.853186420575743565e-01 -0.000000000000000000e+00 -1.103033351898193359e+01 -0.000000000000000000e+00 0.000000000000000000e+00 1.000000000000000000e+00 0.000000000000000000e+00
9.845948659257368618e-01 1.748512224512034086e-01 0.000000000000000000e+00 8.665779876708984375e+01 -1.748512224512034086e-01 9.845948659257368618e-01 -0.000000000000000000e+00 -1.146588611602783203e+01 -0.000000000000000000e+00 0.000000000000000000e+00 1.000000000000000000e+00 0.000000000000000000e+00
9.848021191268454544e-01 1.736801259881925741e-01 0.000000000000000000e+00 8.935163116455078125e+01 -1.736801259881925741e-01 9.848021191268454544e-01 -0.000000000000000000e+00 -1.213998317718505859e+01 -0.000000000000000000e+00 0.000000000000000000e+00 1.000000000000000000e+00 0.000000000000000000e+00
9.841617181211601562e-01 1.772729888753672156e-01 0.000000000000000000e+00 9.245430755615234375e+01 -1.772729888753672156e-01 9.841617181211601562e-01 -0.000000000000000000e+00 -1.281959724426269531e+01 -0.000000000000000000e+00 0.000000000000000000e+00 1.000000000000000000e+00 0.000000000000000000e+00
9.834709571401931694e-01 1.810659450635386802e-01 0.000000000000000000e+00 9.556295013427734375e+01 -1.810659450635386802e-01 9.834709571401931694e-01 -0.000000000000000000e+00 -1.347567272186279297e+01 -0.000000000000000000e+00 0.000000000000000000e+00 1.000000000000000000e+00 0.000000000000000000e+00
9.827945927710124430e-01 1.847018906780862613e-01 0.000000000000000000e+00 9.863169860839843750e+01 -1.847018906780862613e-01 9.827945927710124430e-01 -0.000000000000000000e+00 -1.414838981628417969e+01 -0.000000000000000000e+00 0.000000000000000000e+00 1.000000000000000000e+00 0.000000000000000000e+00
9.820690846287316589e-01 1.885213860984610301e-01 0.000000000000000000e+00 1.017031021118164062e+02 -1.885213860984610301e-01 9.820690846287316589e-01 -0.000000000000000000e+00 -1.481877517700195312e+01 -0.000000000000000000e+00 0.000000000000000000e+00 1.000000000000000000e+00 0.000000000000000000e+00
9.813119958348119898e-01 1.924234051010894897e-01 0.000000000000000000e+00 1.047736587524414062e+02 -1.924234051010894897e-01 9.813119958348119898e-01 -0.000000000000000000e+00 -1.548554611206054688e+01 -0.000000000000000000e+00 0.000000000000000000e+00 1.000000000000000000e+00 0.000000000000000000e+00
9.805351520954727063e-01 1.963436159010733262e-01 0.000000000000000000e+00 1.078434677124023438e+02 -1.963436159010733262e-01 9.805351520954727063e-01 -0.000000000000000000e+00 -1.615661430358886719e+01 -0.000000000000000000e+00 0.000000000000000000e+00 1.000000000000000000e+00 0.000000000000000000e+00
9.797511214250507194e-01 2.002192300113943280e-01 0.000000000000000000e+00 1.105960083007812500e+02 -2.002192300113943280e-01 9.797511214250507194e-01 -0.000000000000000000e+00 -1.674842453002929688e+01 -0.000000000000000000e+00 0.000000000000000000e+00 1.000000000000000000e+00 0.000000000000000000e+00
9.789549872770192396e-01 2.040762918260008441e-01 0.000000000000000000e+00 1.134684906005859375e+02 -2.040762918260008441e-01 9.789549872770192396e-01 -0.000000000000000000e+00 -1.739625549316406250e+01 -0.000000000000000000e+00 0.000000000000000000e+00 1.000000000000000000e+00 0.000000000000000000e+00
9.781077228078077779e-01 2.080992133183702519e-01 0.000000000000000000e+00 1.163765487670898438e+02 -2.080992133183702519e-01 9.781077228078077779e-01 -0.000000000000000000e+00 -1.803567314147949219e+01 -0.000000000000000000e+00 0.000000000000000000e+00 1.000000000000000000e+00 0.000000000000000000e+00
9.772666445625616261e-01 2.120139274326851564e-01 0.000000000000000000e+00 1.192940826416015625e+02 -2.120139274326851564e-01 9.772666445625616261e-01 -0.000000000000000000e+00 -1.871140480041503906e+01 -0.000000000000000000e+00 0.000000000000000000e+00 1.000000000000000000e+00 0.000000000000000000e+00
9.763812297927314532e-01 2.160548405114622317e-01 0.000000000000000000e+00 1.222734527587890625e+02 -2.160548405114622317e-01 9.763812297927314532e-01 -0.000000000000000000e+00 -1.940188407897949219e+01 -0.000000000000000000e+00 0.000000000000000000e+00 1.000000000000000000e+00 0.000000000000000000e+00
9.754656997521253814e-01 2.201514674198116195e-01 0.000000000000000000e+00 1.252368927001953125e+02 -2.201514674198116195e-01 9.754656997521253814e-01 -0.000000000000000000e+00 -2.009426498413085938e+01 -0.000000000000000000e+00 0.000000000000000000e+00 1.000000000000000000e+00 0.000000000000000000e+00
9.746201656355893972e-01 2.238649877413980138e-01 0.000000000000000000e+00 1.267747268676757812e+02 -2.238649877413980138e-01 9.746201656355893972e-01 -0.000000000000000000e+00 -2.031446456909179688e+01 -0.000000000000000000e+00 0.000000000000000000e+00 1.000000000000000000e+00 0.000000000000000000e+00
9.738155940810744315e-01 2.273393690598354555e-01 0.000000000000000000e+00 1.297215881347656250e+02 -2.273393690598354555e-01 9.738155940810744315e-01 -0.000000000000000000e+00 -2.111902046203613281e+01 -0.000000000000000000e+00 0.000000000000000000e+00 1.000000000000000000e+00 0.000000000000000000e+00
9.729347187634647121e-01 2.310801441592456873e-01 0.000000000000000000e+00 1.327191925048828125e+02 -2.310801441592456873e-01 9.729347187634647121e-01 -0.000000000000000000e+00 -2.192646789550781250e+01 -0.000000000000000000e+00 0.000000000000000000e+00 1.000000000000000000e+00 0.000000000000000000e+00
9.720565158586608190e-01 2.347469488123776760e-01 0.000000000000000000e+00 1.357629394531250000e+02 -2.347469488123776760e-01 9.720565158586608190e-01 -0.000000000000000000e+00 -2.276762008666992188e+01 -0.000000000000000000e+00 0.000000000000000000e+00 1.000000000000000000e+00 0.000000000000000000e+00
9.711085115042942251e-01 2.386383432810285643e-01 0.000000000000000000e+00 1.388603210449218750e+02 -2.386383432810285643e-01 9.711085115042942251e-01 -0.000000000000000000e+00 -2.361389732360839844e+01 -0.000000000000000000e+00 0.000000000000000000e+00 1.000000000000000000e+00 0.000000000000000000e+00
9.701060112980068872e-01 2.426815337916573556e-01 0.000000000000000000e+00 1.420171661376953125e+02 -2.426815337916573556e-01 9.701060112980068872e-01 -0.000000000000000000e+00 -2.447434234619140625e+01 -0.000000000000000000e+00 0.000000000000000000e+00 1.000000000000000000e+00 0.000000000000000000e+00
9.689194091606726511e-01 2.473765925703826085e-01 0.000000000000000000e+00 1.452240142822265625e+02 -2.473765925703826085e-01 9.689194091606726511e-01 -0.000000000000000000e+00 -2.525713157653808594e+01 -0.000000000000000000e+00 0.000000000000000000e+00 1.000000000000000000e+00 0.000000000000000000e+00
9.677760987854038266e-01 2.518122765468441271e-01 0.000000000000000000e+00 1.484886016845703125e+02 -2.518122765468441271e-01 9.677760987854038266e-01 -0.000000000000000000e+00 -2.614114570617675781e+01 -0.000000000000000000e+00 0.000000000000000000e+00 1.000000000000000000e+00 0.000000000000000000e+00
9.665611439244314873e-01 2.564362592448549694e-01 0.000000000000000000e+00 1.518031768798828125e+02 -2.564362592448549694e-01 9.665611439244314873e-01 -0.000000000000000000e+00 -2.703682708740234375e+01 -0.000000000000000000e+00 0.000000000000000000e+00 1.000000000000000000e+00 0.000000000000000000e+00
9.652305502958252736e-01 2.614000473902372002e-01 0.000000000000000000e+00 1.551749725341796875e+02 -2.614000473902372002e-01 9.652305502958252736e-01 -0.000000000000000000e+00 -2.793211746215820312e+01 -0.000000000000000000e+00 0.000000000000000000e+00 1.000000000000000000e+00 0.000000000000000000e+00
9.639562908850045631e-01 2.660606495955845641e-01 0.000000000000000000e+00 1.583366394042968750e+02 -2.660606495955845641e-01 9.639562908850045631e-01 -0.000000000000000000e+00 -2.879753494262695312e+01 -0.000000000000000000e+00 0.000000000000000000e+00 1.000000000000000000e+00 0.000000000000000000e+00
9.628410528881926611e-01 2.700687076896479688e-01 0.000000000000000000e+00 1.611571502685546875e+02 -2.700687076896479688e-01 9.628410528881926611e-01 -0.000000000000000000e+00 -2.958510398864746094e+01 -0.000000000000000000e+00 0.000000000000000000e+00 1.000000000000000000e+00 0.000000000000000000e+00
9.616953240876138231e-01 2.741206005173987270e-01 0.000000000000000000e+00 1.640240325927734375e+02 -2.741206005173987270e-01 9.616953240876138231e-01 -0.000000000000000000e+00 -3.039809799194335938e+01 -0.000000000000000000e+00 0.000000000000000000e+00 1.000000000000000000e+00 0.000000000000000000e+00
9.605310669797528789e-01 2.781727329677324279e-01 0.000000000000000000e+00 1.669185791015625000e+02 -2.781727329677324279e-01 9.605310669797528789e-01 -0.000000000000000000e+00 -3.123784446716308594e+01 -0.000000000000000000e+00 0.000000000000000000e+00 1.000000000000000000e+00 0.000000000000000000e+00
9.593958048070925226e-01 2.820632725445679778e-01 0.000000000000000000e+00 1.695694885253906250e+02 -2.820632725445679778e-01 9.593958048070925226e-01 -0.000000000000000000e+00 -3.200994873046875000e+01 -0.000000000000000000e+00 0.000000000000000000e+00 1.000000000000000000e+00 0.000000000000000000e+00
9.582198905339569528e-01 2.860325879774742175e-01 0.000000000000000000e+00 1.723647308349609375e+02 -2.860325879774742175e-01 9.582198905339569528e-01 -0.000000000000000000e+00 -3.284556961059570312e+01 -0.000000000000000000e+00 0.000000000000000000e+00 1.000000000000000000e+00 0.000000000000000000e+00
9.570592778445533577e-01 2.898922880858717521e-01 0.000000000000000000e+00 1.752524566650390625e+02 -2.898922880858717521e-01 9.570592778445533577e-01 -0.000000000000000000e+00 -3.375163269042968750e+01 -0.000000000000000000e+00 0.000000000000000000e+00 1.000000000000000000e+00 0.000000000000000000e+00
9.558621886291905900e-01 2.938153779995419379e-01 0.000000000000000000e+00 1.781719665527343750e+02 -2.938153779995419379e-01 9.558621886291905900e-01 -0.000000000000000000e+00 -3.467142486572265625e+01 -0.000000000000000000e+00 0.000000000000000000e+00 1.000000000000000000e+00 0.000000000000000000e+00
9.545766686018506419e-01 2.979654069871074951e-01 0.000000000000000000e+00 1.811107482910156250e+02 -2.979654069871074951e-01 9.545766686018506419e-01 -0.000000000000000000e+00 -3.558406829833984375e+01 -0.000000000000000000e+00 0.000000000000000000e+00 1.000000000000000000e+00 0.000000000000000000e+00
9.532777691424154654e-01 3.020951751664691654e-01 0.000000000000000000e+00 1.840509490966796875e+02 -3.020951751664691654e-01 9.532777691424154654e-01 -0.000000000000000000e+00 -3.651680374145507812e+01 -0.000000000000000000e+00 0.000000000000000000e+00 1.000000000000000000e+00 0.000000000000000000e+00
9.519337933204976565e-01 3.063038575245959905e-01 0.000000000000000000e+00 1.869850921630859375e+02 -3.063038575245959905e-01 9.519337933204976565e-01 -0.000000000000000000e+00 -3.745484161376953125e+01 -0.000000000000000000e+00 0.000000000000000000e+00 1.000000000000000000e+00 0.000000000000000000e+00
9.505122355935888834e-01 3.106871255570107238e-01 0.000000000000000000e+00 1.899561767578125000e+02 -3.106871255570107238e-01 9.505122355935888834e-01 -0.000000000000000000e+00 -3.839767837524414062e+01 -0.000000000000000000e+00 0.000000000000000000e+00 1.000000000000000000e+00 0.000000000000000000e+00
9.490823048465393263e-01 3.150282187791762500e-01 0.000000000000000000e+00 1.928974609375000000e+02 -3.150282187791762500e-01 9.490823048465393263e-01 -0.000000000000000000e+00 -3.934938812255859375e+01 -0.000000000000000000e+00 0.000000000000000000e+00 1.000000000000000000e+00 0.000000000000000000e+00
9.476523519321770062e-01 3.193039615748815008e-01 0.000000000000000000e+00 1.958041381835937500e+02 -3.193039615748815008e-01 9.476523519321770062e-01 -0.000000000000000000e+00 -4.031698989868164062e+01 -0.000000000000000000e+00 0.000000000000000000e+00 1.000000000000000000e+00 0.000000000000000000e+00
9.462256312327711472e-01 3.235074261870102275e-01 0.000000000000000000e+00 1.987053375244140625e+02 -3.235074261870102275e-01 9.462256312327711472e-01 -0.000000000000000000e+00 -4.130845642089843750e+01 -0.000000000000000000e+00 0.000000000000000000e+00 1.000000000000000000e+00 0.000000000000000000e+00
9.448080578266591090e-01 3.276243792299594615e-01 0.000000000000000000e+00 2.016212005615234375e+02 -3.276243792299594615e-01 9.448080578266591090e-01 -0.000000000000000000e+00 -4.232670974731445312e+01 -0.000000000000000000e+00 0.000000000000000000e+00 1.000000000000000000e+00 0.000000000000000000e+00
9.433687217915697198e-01 3.317460696757989491e-01 0.000000000000000000e+00 2.045863647460937500e+02 -3.317460696757989491e-01 9.433687217915697198e-01 -0.000000000000000000e+00 -4.338277435302734375e+01 -0.000000000000000000e+00 0.000000000000000000e+00 1.000000000000000000e+00 0.000000000000000000e+00
9.419809098081421972e-01 3.356664498531609087e-01 0.000000000000000000e+00 2.075213775634765625e+02 -3.356664498531609087e-01 9.419809098081421972e-01 -0.000000000000000000e+00 -4.445430374145507812e+01 -0.000000000000000000e+00 0.000000000000000000e+00 1.000000000000000000e+00 0.000000000000000000e+00
9.406423697474221024e-01 3.393993698225648004e-01 0.000000000000000000e+00 2.104175262451171875e+02 -3.393993698225648004e-01 9.406423697474221024e-01 -0.000000000000000000e+00 -4.552498245239257812e+01 -0.000000000000000000e+00 0.000000000000000000e+00 1.000000000000000000e+00 0.000000000000000000e+00
9.393380381473104279e-01 3.429927843112182684e-01 0.000000000000000000e+00 2.133252563476562500e+02 -3.429927843112182684e-01 9.393380381473104279e-01 -0.000000000000000000e+00 -4.660757446289062500e+01 -0.000000000000000000e+00 0.000000000000000000e+00 1.000000000000000000e+00 0.000000000000000000e+00
9.380383640606023699e-01 3.465314236119270697e-01 0.000000000000000000e+00 2.162388305664062500e+02 -3.465314236119270697e-01 9.380383640606023699e-01 -0.000000000000000000e+00 -4.769657135009765625e+01 -0.000000000000000000e+00 0.000000000000000000e+00 1.000000000000000000e+00 0.000000000000000000e+00
9.367598796662526262e-01 3.499727530075275039e-01 0.000000000000000000e+00 2.191495666503906250e+02 -3.499727530075275039e-01 9.367598796662526262e-01 -0.000000000000000000e+00 -4.879064178466796875e+01 -0.000000000000000000e+00 0.000000000000000000e+00 1.000000000000000000e+00 0.000000000000000000e+00
9.358972467017993013e-01 3.522731094136925534e-01 0.000000000000000000e+00 2.204537200927734375e+02 -3.522731094136925534e-01 9.358972467017993013e-01 -0.000000000000000000e+00 -4.929450988769531250e+01 -0.000000000000000000e+00 0.000000000000000000e+00 1.000000000000000000e+00 0.000000000000000000e+00
9.349488875557215861e-01 3.547824370770327196e-01 0.000000000000000000e+00 2.232776794433593750e+02 -3.547824370770327196e-01 9.349488875557215861e-01 -0.000000000000000000e+00 -5.049605178833007812e+01 -0.000000000000000000e+00 0.000000000000000000e+00 1.000000000000000000e+00 0.000000000000000000e+00
9.338165452418567547e-01 3.577522324634233031e-01 0.000000000000000000e+00 2.261730194091796875e+02 -3.577522324634233031e-01 9.338165452418567547e-01 -0.000000000000000000e+00 -5.162084197998046875e+01 -0.000000000000000000e+00 0.000000000000000000e+00 1.000000000000000000e+00 0.000000000000000000e+00
9.327598207724161483e-01 3.604984282248815952e-01 0.000000000000000000e+00 2.291121826171875000e+02 -3.604984282248815952e-01 9.327598207724161483e-01 -0.000000000000000000e+00 -5.278338623046875000e+01 -0.000000000000000000e+00 0.000000000000000000e+00 1.000000000000000000e+00 0.000000000000000000e+00
9.317357535207406727e-01 3.631370066670948082e-01 0.000000000000000000e+00 2.321069946289062500e+02 -3.631370066670948082e-01 9.317357535207406727e-01 -0.000000000000000000e+00 -5.396768569946289062e+01 -0.000000000000000000e+00 0.000000000000000000e+00 1.000000000000000000e+00 0.000000000000000000e+00
9.307859315341941997e-01 3.655646996880609900e-01 0.000000000000000000e+00 2.351456604003906250e+02 -3.655646996880609900e-01 9.307859315341941997e-01 -0.000000000000000000e+00 -5.518425369262695312e+01 -0.000000000000000000e+00 0.000000000000000000e+00 1.000000000000000000e+00 0.000000000000000000e+00
9.297729947226456293e-01 3.681333702403018493e-01 0.000000000000000000e+00 2.382490234375000000e+02 -3.681333702403018493e-01 9.297729947226456293e-01 -0.000000000000000000e+00 -5.640512847900390625e+01 -0.000000000000000000e+00 0.000000000000000000e+00 1.000000000000000000e+00 0.000000000000000000e+00
9.287184254941875938e-01 3.707857685343344811e-01 0.000000000000000000e+00 2.414069519042968750e+02 -3.707857685343344811e-01 9.287184254941875938e-01 -0.000000000000000000e+00 -5.763727188110351562e+01 -0.000000000000000000e+00 0.000000000000000000e+00 1.000000000000000000e+00 0.000000000000000000e+00
9.276978543387330856e-01 3.733318778986209341e-01 0.000000000000000000e+00 2.445029602050781250e+02 -3.733318778986209341e-01 9.276978543387330856e-01 -0.000000000000000000e+00 -5.886097717285156250e+01 -0.000000000000000000e+00 0.000000000000000000e+00 1.000000000000000000e+00 0.000000000000000000e+00
9.266903940771111792e-01 3.758256424529974882e-01 0.000000000000000000e+00 2.475179443359375000e+02 -3.758256424529974882e-01 9.266903940771111792e-01 -0.000000000000000000e+00 -6.007236862182617188e+01 -0.000000000000000000e+00 0.000000000000000000e+00 1.000000000000000000e+00 0.000000000000000000e+00
9.256501817910898211e-01 3.783804182963519946e-01 0.000000000000000000e+00 2.504666748046875000e+02 -3.783804182963519946e-01 9.256501817910898211e-01 -0.000000000000000000e+00 -6.126791763305664062e+01 -0.000000000000000000e+00 0.000000000000000000e+00 1.000000000000000000e+00 0.000000000000000000e+00
9.248104229553743005e-01 3.804282870569717367e-01 0.000000000000000000e+00 2.531468811035156250e+02 -3.804282870569717367e-01 9.248104229553743005e-01 -0.000000000000000000e+00 -6.247342300415039062e+01 -0.000000000000000000e+00 0.000000000000000000e+00 1.000000000000000000e+00 0.000000000000000000e+00
9.248104229553743005e-01 3.804282870569717367e-01 0.000000000000000000e+00 2.531468811035156250e+02 -3.804282870569717367e-01 9.248104229553743005e-01 -0.000000000000000000e+00 -6.247342300415039062e+01 -0.000000000000000000e+00 0.000000000000000000e+00 1.000000000000000000e+00 0.000000000000000000e+00
9.234040034445775147e-01 3.838294496550866963e-01 0.000000000000000000e+00 2.576036682128906250e+02 -3.838294496550866963e-01 9.234040034445775147e-01 -0.000000000000000000e+00 -6.451287078857421875e+01 -0.000000000000000000e+00 0.000000000000000000e+00 1.000000000000000000e+00 0.000000000000000000e+00
9.224930409719624969e-01 3.860137165416550609e-01 0.000000000000000000e+00 2.605665588378906250e+02 -3.860137165416550609e-01 9.224930409719624969e-01 -0.000000000000000000e+00 -6.582045745849609375e+01 -0.000000000000000000e+00 0.000000000000000000e+00 1.000000000000000000e+00 0.000000000000000000e+00
9.215713671621728054e-01 3.882089839594695668e-01 0.000000000000000000e+00 2.634764099121093750e+02 -3.882089839594695668e-01 9.215713671621728054e-01 -0.000000000000000000e+00 -6.710918426513671875e+01 -0.000000000000000000e+00 0.000000000000000000e+00 1.000000000000000000e+00 0.000000000000000000e+00
9.205621603981680723e-01 3.905960942496193300e-01 0.000000000000000000e+00 2.663524780273437500e+02 -3.905960942496193300e-01 9.205621603981680723e-01 -0.000000000000000000e+00 -6.835999298095703125e+01 -0.000000000000000000e+00 0.000000000000000000e+00 1.000000000000000000e+00 0.000000000000000000e+00
9.195624111589406624e-01 3.929439807193326195e-01 0.000000000000000000e+00 2.691995849609375000e+02 -3.929439807193326195e-01 9.195624111589406624e-01 -0.000000000000000000e+00 -6.960488128662109375e+01 -0.000000000000000000e+00 0.000000000000000000e+00 1.000000000000000000e+00 0.000000000000000000e+00
9.176797508211421706e-01 3.973208715041868233e-01 0.000000000000000000e+00 2.748674926757812500e+02 -3.973208715041868233e-01 9.176797508211421706e-01 -0.000000000000000000e+00 -7.210085296630859375e+01 -0.000000000000000000e+00 0.000000000000000000e+00 1.000000000000000000e+00 0.000000000000000000e+00
9.176797508211421706e-01 3.973208715041868233e-01 0.000000000000000000e+00 2.748674926757812500e+02 -3.973208715041868233e-01 9.176797508211421706e-01 -0.000000000000000000e+00 -7.210085296630859375e+01 -0.000000000000000000e+00 0.000000000000000000e+00 1.000000000000000000e+00 0.000000000000000000e+00
9.160983421733349674e-01 4.009536475295707447e-01 0.000000000000000000e+00 2.804995422363281250e+02 -4.009536475295707447e-01 9.160983421733349674e-01 -0.000000000000000000e+00 -7.461430358886718750e+01 -0.000000000000000000e+00 0.000000000000000000e+00 1.000000000000000000e+00 0.000000000000000000e+00
9.160983421733349674e-01 4.009536475295707447e-01 0.000000000000000000e+00 2.804995422363281250e+02 -4.009536475295707447e-01 9.160983421733349674e-01 -0.000000000000000000e+00 -7.461430358886718750e+01 -0.000000000000000000e+00 0.000000000000000000e+00 1.000000000000000000e+00 0.000000000000000000e+00
9.161443655561885002e-01 4.008484769331783215e-01 0.000000000000000000e+00 2.821598510742187500e+02 -4.008484769331783215e-01 9.161443655561885002e-01 -0.000000000000000000e+00 -7.556871032714843750e+01 -0.000000000000000000e+00 0.000000000000000000e+00 1.000000000000000000e+00 0.000000000000000000e+00
9.155298856718603329e-01 4.022499576652187603e-01 0.000000000000000000e+00 2.850386047363281250e+02 -4.022499576652187603e-01 9.155298856718603329e-01 -0.000000000000000000e+00 -7.684777069091796875e+01 -0.000000000000000000e+00 0.000000000000000000e+00 1.000000000000000000e+00 0.000000000000000000e+00
9.147808765561291633e-01 4.039504275120894827e-01 0.000000000000000000e+00 2.908750915527343750e+02 -4.039504275120894827e-01 9.147808765561291633e-01 -0.000000000000000000e+00 -7.955612182617187500e+01 -0.000000000000000000e+00 0.000000000000000000e+00 1.000000000000000000e+00 0.000000000000000000e+00
9.147808765561291633e-01 4.039504275120894827e-01 0.000000000000000000e+00 2.908750915527343750e+02 -4.039504275120894827e-01 9.147808765561291633e-01 -0.000000000000000000e+00 -7.955612182617187500e+01 -0.000000000000000000e+00 0.000000000000000000e+00 1.000000000000000000e+00 0.000000000000000000e+00
9.144781251147917622e-01 4.046353403825911355e-01 0.000000000000000000e+00 2.950154724121093750e+02 -4.046353403825911355e-01 9.144781251147917622e-01 -0.000000000000000000e+00 -8.170149993896484375e+01 -0.000000000000000000e+00 0.000000000000000000e+00 1.000000000000000000e+00 0.000000000000000000e+00
9.143849700609822939e-01 4.048458058651175917e-01 0.000000000000000000e+00 2.977295532226562500e+02 -4.048458058651175917e-01 9.143849700609822939e-01 -0.000000000000000000e+00 -8.302392578125000000e+01 -0.000000000000000000e+00 0.000000000000000000e+00 1.000000000000000000e+00 0.000000000000000000e+00
9.142409156772914880e-01 4.051710109343308330e-01 0.000000000000000000e+00 3.003288879394531250e+02 -4.051710109343308330e-01 9.142409156772914880e-01 -0.000000000000000000e+00 -8.428250885009765625e+01 -0.000000000000000000e+00 0.000000000000000000e+00 1.000000000000000000e+00 0.000000000000000000e+00
9.142944373282200221e-01 4.050502214178800520e-01 0.000000000000000000e+00 3.030002136230468750e+02 -4.050502214178800520e-01 9.142944373282200221e-01 -0.000000000000000000e+00 -8.561412048339843750e+01 -0.000000000000000000e+00 0.000000000000000000e+00 1.000000000000000000e+00 0.000000000000000000e+00
9.144861811727889034e-01 4.046171331567770535e-01 0.000000000000000000e+00 3.056349487304687500e+02 -4.046171331567770535e-01 9.144861811727889034e-01 -0.000000000000000000e+00 -8.696875000000000000e+01 -0.000000000000000000e+00 0.000000000000000000e+00 1.000000000000000000e+00 0.000000000000000000e+00
9.146144412417736014e-01 4.043271248283972219e-01 0.000000000000000000e+00 3.084152526855468750e+02 -4.043271248283972219e-01 9.146144412417736014e-01 -0.000000000000000000e+00 -8.822469329833984375e+01 -0.000000000000000000e+00 0.000000000000000000e+00 1.000000000000000000e+00 0.000000000000000000e+00
9.148048030281646925e-01 4.038962395920527304e-01 0.000000000000000000e+00 3.113209228515625000e+02 -4.038962395920527304e-01 9.148048030281646925e-01 -0.000000000000000000e+00 -8.969026947021484375e+01 -0.000000000000000000e+00 0.000000000000000000e+00 1.000000000000000000e+00 0.000000000000000000e+00
9.149318526646916805e-01 4.036083559337627635e-01 0.000000000000000000e+00 3.143072814941406250e+02 -4.036083559337627635e-01 9.149318526646916805e-01 -0.000000000000000000e+00 -9.114400482177734375e+01 -0.000000000000000000e+00 0.000000000000000000e+00 1.000000000000000000e+00 0.000000000000000000e+00
9.149301178546412894e-01 4.036122885176964825e-01 0.000000000000000000e+00 3.173732604980468750e+02 -4.036122885176964825e-01 9.149301178546412894e-01 -0.000000000000000000e+00 -9.259283447265625000e+01 -0.000000000000000000e+00 0.000000000000000000e+00 1.000000000000000000e+00 0.000000000000000000e+00
9.150033443465553917e-01 4.034462539603249076e-01 0.000000000000000000e+00 3.204695739746093750e+02 -4.034462539603249076e-01 9.150033443465553917e-01 -0.000000000000000000e+00 -9.407000732421875000e+01 -0.000000000000000000e+00 0.000000000000000000e+00 1.000000000000000000e+00 0.000000000000000000e+00
9.151534498832005760e-01 4.031056476494421781e-01 0.000000000000000000e+00 3.235038146972656250e+02 -4.031056476494421781e-01 9.151534498832005760e-01 -0.000000000000000000e+00 -9.553288269042968750e+01 -0.000000000000000000e+00 0.000000000000000000e+00 1.000000000000000000e+00 0.000000000000000000e+00
9.154339802436836093e-01 4.024681699404402679e-01 0.000000000000000000e+00 3.262082214355468750e+02 -4.024681699404402679e-01 9.154339802436836093e-01 -0.000000000000000000e+00 -9.687574768066406250e+01 -0.000000000000000000e+00 0.000000000000000000e+00 1.000000000000000000e+00 0.000000000000000000e+00
9.153855554317368304e-01 4.025782966168577892e-01 0.000000000000000000e+00 3.293621215820312500e+02 -4.025782966168577892e-01 9.153855554317368304e-01 -0.000000000000000000e+00 -9.835276794433593750e+01 -0.000000000000000000e+00 0.000000000000000000e+00 1.000000000000000000e+00 0.000000000000000000e+00
9.150515454122770675e-01 4.033369177729748678e-01 0.000000000000000000e+00 3.353106079101562500e+02 -4.033369177729748678e-01 9.150515454122770675e-01 -0.000000000000000000e+00 -1.011897201538085938e+02 -0.000000000000000000e+00 0.000000000000000000e+00 1.000000000000000000e+00 0.000000000000000000e+00
9.150515454122770675e-01 4.033369177729748678e-01 0.000000000000000000e+00 3.353106079101562500e+02 -4.033369177729748678e-01 9.150515454122770675e-01 -0.000000000000000000e+00 -1.011897201538085938e+02 -0.000000000000000000e+00 0.000000000000000000e+00 1.000000000000000000e+00 0.000000000000000000e+00
9.150726291669695200e-01 4.032890816144789059e-01 0.000000000000000000e+00 3.399728698730468750e+02 -4.032890816144789059e-01 9.150726291669695200e-01 -0.000000000000000000e+00 -1.034613876342773438e+02 -0.000000000000000000e+00 0.000000000000000000e+00 1.000000000000000000e+00 0.000000000000000000e+00
9.150726291669695200e-01 4.032890816144789059e-01 0.000000000000000000e+00 3.399728698730468750e+02 -4.032890816144789059e-01 9.150726291669695200e-01 -0.000000000000000000e+00 -1.034613876342773438e+02 -0.000000000000000000e+00 0.000000000000000000e+00 1.000000000000000000e+00 0.000000000000000000e+00
9.151795045784966165e-01 4.030464916104066209e-01 0.000000000000000000e+00 3.424002075195312500e+02 -4.030464916104066209e-01 9.151795045784966165e-01 -0.000000000000000000e+00 -1.046765060424804688e+02 -0.000000000000000000e+00 0.000000000000000000e+00 1.000000000000000000e+00 0.000000000000000000e+00
9.153944581837601957e-01 4.025580528649998491e-01 0.000000000000000000e+00 3.447342224121093750e+02 -4.025580528649998491e-01 9.153944581837601957e-01 -0.000000000000000000e+00 -1.058732147216796875e+02 -0.000000000000000000e+00 0.000000000000000000e+00 1.000000000000000000e+00 0.000000000000000000e+00
9.156993142302206623e-01 4.018641137477985681e-01 0.000000000000000000e+00 3.471087951660156250e+02 -4.018641137477985681e-01 9.156993142302206623e-01 -0.000000000000000000e+00 -1.071190338134765625e+02 -0.000000000000000000e+00 0.000000000000000000e+00 1.000000000000000000e+00 0.000000000000000000e+00
9.162406843250163746e-01 4.006282670851193384e-01 0.000000000000000000e+00 3.492486572265625000e+02 -4.006282670851193384e-01 9.162406843250163746e-01 -0.000000000000000000e+00 -1.083002853393554688e+02 -0.000000000000000000e+00 0.000000000000000000e+00 1.000000000000000000e+00 0.000000000000000000e+00
9.171081988517786332e-01 3.986383719599085884e-01 0.000000000000000000e+00 3.507292480468750000e+02 -3.986383719599085884e-01 9.171081988517786332e-01 -0.000000000000000000e+00 -1.091927871704101562e+02 -0.000000000000000000e+00 0.000000000000000000e+00 1.000000000000000000e+00 0.000000000000000000e+00
9.188899967770964849e-01 3.945138449065984654e-01 0.000000000000000000e+00 3.513945922851562500e+02 -3.945138449065984654e-01 9.188899967770964849e-01 -0.000000000000000000e+00 -1.097887344360351562e+02 -0.000000000000000000e+00 0.000000000000000000e+00 1.000000000000000000e+00 0.000000000000000000e+00
9.203788756008620675e-01 3.910277807876224587e-01 0.000000000000000000e+00 3.515099487304687500e+02 -3.910277807876224587e-01 9.203788756008620675e-01 -0.000000000000000000e+00 -1.100865783691406250e+02 -0.000000000000000000e+00 0.000000000000000000e+00 1.000000000000000000e+00 0.000000000000000000e+00
9.192690658742815879e-01 3.936297556418031363e-01 0.000000000000000000e+00 3.516751403808593750e+02 -3.936297556418031363e-01 9.192690658742815879e-01 -0.000000000000000000e+00 -1.100682754516601562e+02 -0.000000000000000000e+00 0.000000000000000000e+00 1.000000000000000000e+00 0.000000000000000000e+00
9.190175990315033738e-01 3.942165048173033037e-01 0.000000000000000000e+00 3.534399414062500000e+02 -3.942165048173033037e-01 9.190175990315033738e-01 -0.000000000000000000e+00 -1.108785629272460938e+02 -0.000000000000000000e+00 0.000000000000000000e+00 1.000000000000000000e+00 0.000000000000000000e+00
9.188284255404481904e-01 3.946572239537254334e-01 0.000000000000000000e+00 3.552888183593750000e+02 -3.946572239537254334e-01 9.188284255404481904e-01 -0.000000000000000000e+00 -1.117386550903320312e+02 -0.000000000000000000e+00 0.000000000000000000e+00 1.000000000000000000e+00 0.000000000000000000e+00
9.188284255404481904e-01 3.946572239537254334e-01 0.000000000000000000e+00 3.552888183593750000e+02 -3.946572239537254334e-01 9.188284255404481904e-01 -0.000000000000000000e+00 -1.117386550903320312e+02 -0.000000000000000000e+00 0.000000000000000000e+00 1.000000000000000000e+00 0.000000000000000000e+00
9.180500306449983494e-01 3.964645523028730301e-01 0.000000000000000000e+00 3.579662780761718750e+02 -3.964645523028730301e-01 9.180500306449983494e-01 -0.000000000000000000e+00 -1.128360900878906250e+02 -0.000000000000000000e+00 0.000000000000000000e+00 1.000000000000000000e+00 0.000000000000000000e+00
