9.929861583736463437e-01 1.182306613292331415e-01 0.000000000000000000e+00 0.000000000000000000e+00 -1.182306613292331415e-01 9.929861583736463437e-01 -0.000000000000000000e+00 0.000000000000000000e+00 -0.000000000000000000e+00 0.000000000000000000e+00 1.000000000000000000e+00 0.000000000000000000e+00
9.929861580373543495e-01 1.182306641536549907e-01 0.000000000000000000e+00 0.000000000000000000e+00 -1.182306641536549907e-01 9.929861580373543495e-01 -0.000000000000000000e+00 0.000000000000000000e+00 -0.000000000000000000e+00 0.000000000000000000e+00 1.000000000000000000e+00 0.000000000000000000e+00
9.928618028181874777e-01 1.192704510958964848e-01 0.000000000000000000e+00 2.991691589355468750e+00 -1.192704510958964848e-01 9.928618028181874777e-01 -0.000000000000000000e+00 -2.978186905384063721e-01 -0.000000000000000000e+00 0.000000000000000000e+00 1.000000000000000000e+00 0.000000000000000000e+00
9.927573413774571920e-01 1.201368433960328386e-01 0.000000000000000000e+00 5.984060287475585938e+00 -1.201368433960328386e-01 9.927573413774571920e-01 -0.000000000000000000e+00 -5.880535840988159180e-01 -0.000000000000000000e+00 0.000000000000000000e+00 1.000000000000000000e+00 0.000000000000000000e+00
9.927782942984720860e-01 1.199635710114378834e-01 0.000000000000000000e+00 8.976613998413085938e+00 -1.199635710114378834e-01 9.927782942984720860e-01 -0.000000000000000000e+00 -1.018161535263061523e+00 -0.000000000000000000e+00 0.000000000000000000e+00 1.000000000000000000e+00 0.000000000000000000e+00
9.927782942984720860e-01 1.199635710114378834e-01 0.000000000000000000e+00 1.197258472442626953e+01 -1.199635710114378834e-01 9.927782942984720860e-01 -0.000000000000000000e+00 -1.270503401756286621e+00 -0.000000000000000000e+00 0.000000000000000000e+00 1.000000000000000000e+00 0.000000000000000000e+00
9.925461519124016974e-01 1.218693411973812007e-01 0.000000000000000000e+00 1.507591915130615234e+01 -1.218693411973812007e-01 9.925461519124016974e-01 -0.000000000000000000e+00 -1.608767390251159668e+00 -0.000000000000000000e+00 0.000000000000000000e+00 1.000000000000000000e+00 0.000000000000000000e+00
9.923103501295382767e-01 1.237746703723875130e-01 0.000000000000000000e+00 1.805956649780273438e+01 -1.237746703723875130e-01 9.923103501295382767e-01 -0.000000000000000000e+00 -2.129779100418090820e+00 -0.000000000000000000e+00 0.000000000000000000e+00 1.000000000000000000e+00 0.000000000000000000e+00
9.919166036980211487e-01 1.268914942310272187e-01 0.000000000000000000e+00 2.104179954528808594e+01 -1.268914942310272187e-01 9.919166036980211487e-01 -0.000000000000000000e+00 -2.518442153930664062e+00 -0.000000000000000000e+00 0.000000000000000000e+00 1.000000000000000000e+00 0.000000000000000000e+00
9.922454066295061104e-01 1.242942195866168081e-01 0.000000000000000000e+00 2.404924964904785156e+01 -1.242942195866168081e-01 9.922454066295061104e-01 -0.000000000000000000e+00 -2.657174348831176758e+00 -0.000000000000000000e+00 0.000000000000000000e+00 1.000000000000000000e+00 0.000000000000000000e+00
9.921801899058582119e-01 1.248137442687109327e-01 0.000000000000000000e+00 2.704294967651367188e+01 -1.248137442687109327e-01 9.921801899058582119e-01 -0.000000000000000000e+00 -2.932229995727539062e+00 -0.000000000000000000e+00 0.000000000000000000e+00 1.000000000000000000e+00 0.000000000000000000e+00
9.922236972567596291e-01 1.244674037735427896e-01 0.000000000000000000e+00 2.992504882812500000e+01 -1.244674037735427896e-01 9.922236972567596291e-01 -0.000000000000000000e+00 -3.166836261749267578e+00 -0.000000000000000000e+00 0.000000000000000000e+00 1.000000000000000000e+00 0.000000000000000000e+00
9.893232660556411373e-01 1.457376932745919618e-01 0.000000000000000000e+00 3.281795883178710938e+01 -1.457376932745919618e-01 9.893232660556411373e-01 -0.000000000000000000e+00 -4.349740982055664062e+00 -0.000000000000000000e+00 0.000000000000000000e+00 1.000000000000000000e+00 0.000000000000000000e+00
9.907004066316794644e-01 1.360613990073043789e-01 0.000000000000000000e+00 3.574794387817382812e+01 -1.360613990073043789e-01 9.907004066316794644e-01 -0.000000000000000000e+00 -4.176090717315673828e+00 -0.000000000000000000e+00 0.000000000000000000e+00 1.000000000000000000e+00 0.000000000000000000e+00
9.902923438790923738e-01 1.390002649438245308e-01 0.000000000000000000e+00 3.861396789550781250e+01 -1.390002649438245308e-01 9.902923438790923738e-01 -0.000000000000000000e+00 -4.554423809051513672e+00 -0.000000000000000000e+00 0.000000000000000000e+00 1.000000000000000000e+00 0.000000000000000000e+00
9.902316000837546595e-01 1.394323427170573448e-01 0.000000000000000000e+00 4.143261337280273438e+01 -1.394323427170573448e-01 9.902316000837546595e-01 -0.000000000000000000e+00 -4.914460182189941406e+00 -0.000000000000000000e+00 0.000000000000000000e+00 1.000000000000000000e+00 0.000000000000000000e+00
9.901706668165716207e-01 1.398644006744597934e-01 0.000000000000000000e+00 4.425125503540039062e+01 -1.398644006744597934e-01 9.901706668165716207e-01 -0.000000000000000000e+00 -5.274494171142578125e+00 -0.000000000000000000e+00 0.000000000000000000e+00 1.000000000000000000e+00 0.000000000000000000e+00
9.896513864577468622e-01 1.434926244873211132e-01 0.000000000000000000e+00 4.722444152832031250e+01 -1.434926244873211132e-01 9.896513864577468622e-01 -0.000000000000000000e+00 -5.870918750762939453e+00 -0.000000000000000000e+00 0.000000000000000000e+00 1.000000000000000000e+00 0.000000000000000000e+00
9.904734471436399401e-01 1.377038507210132101e-01 0.000000000000000000e+00 5.019219207763671875e+01 -1.377038507210132101e-01 9.904734471436399401e-01 -0.000000000000000000e+00 -5.868655204772949219e+00 -0.000000000000000000e+00 0.000000000000000000e+00 1.000000000000000000e+00 0.000000000000000000e+00
9.912616460521058714e-01 1.319103827076154867e-01 0.000000000000000000e+00 5.315846633911132812e+01 -1.319103827076154867e-01 9.912616460521058714e-01 -0.000000000000000000e+00 -5.866222381591796875e+00 -0.000000000000000000e+00 0.000000000000000000e+00 1.000000000000000000e+00 0.000000000000000000e+00
9.900482336781215587e-01 1.407284441427233412e-01 0.000000000000000000e+00 5.610709762573242188e+01 -1.407284441427233412e-01 9.900482336781215587e-01 -0.000000000000000000e+00 -6.689681529998779297e+00 -0.000000000000000000e+00 0.000000000000000000e+00 1.000000000000000000e+00 0.000000000000000000e+00
9.899497462163929784e-01 1.414195883394485098e-01 0.000000000000000000e+00 5.921492767333984375e+01 -1.414195883394485098e-01 9.899497462163929784e-01 -0.000000000000000000e+00 -6.974813938140869141e+00 -0.000000000000000000e+00 0.000000000000000000e+00 1.000000000000000000e+00 0.000000000000000000e+00
9.898135373439331808e-01 1.423698047013138290e-01 0.000000000000000000e+00 6.225956726074218750e+01 -1.423698047013138290e-01 9.898135373439331808e-01 -0.000000000000000000e+00 -7.455335140228271484e+00 -0.000000000000000000e+00 0.000000000000000000e+00 1.000000000000000000e+00 0.000000000000000000e+00
9.893994378957325919e-01 1.452196690934405288e-01 0.000000000000000000e+00 6.529831695556640625e+01 -1.452196690934405288e-01 9.893994378957325919e-01 -0.000000000000000000e+00 -7.833642482757568359e+00 -0.000000000000000000e+00 0.000000000000000000e+00 1.000000000000000000e+00 0.000000000000000000e+00
9.887302667205287721e-01 1.497079145227533936e-01 0.000000000000000000e+00 6.838130187988281250e+01 -1.497079145227533936e-01 9.887302667205287721e-01 -0.000000000000000000e+00 -8.470292091369628906e+00 -0.000000000000000000e+00 0.000000000000000000e+00 1.000000000000000000e+00 0.000000000000000000e+00
9.880944997417895337e-01 1.538481705449323833e-01 0.000000000000000000e+00 7.135411834716796875e+01 -1.538481705449323833e-01 9.880944997417895337e-01 -0.000000000000000000e+00 -8.903813362121582031e+00 -0.000000000000000000e+00 0.000000000000000000e+00 1.000000000000000000e+00 0.000000000000000000e+00
9.877156272023779326e-01 1.562620868291896559e-01 0.000000000000000000e+00 7.445161437988281250e+01 -1.562620868291896559e-01 9.877156272023779326e-01 -0.000000000000000000e+00 -9.264356613159179688e+00 -0.000000000000000000e+00 0.000000000000000000e+00 1.000000000000000000e+00 0.000000000000000000e+00
9.868839060442481381e-01 1.614315830029784959e-01 0.000000000000000000e+00 7.752826690673828125e+01 -1.614315830029784959e-01 9.868839060442481381e-01 -0.000000000000000000e+00 -9.930881500244140625e+00 -0.000000000000000000e+00 0.000000000000000000e+00 1.000000000000000000e+00 0.000000000000000000e+00
9.860832205689448182e-01 1.662524649813585109e-01 0.000000000000000000e+00 8.061003112792968750e+01 -1.662524649813585109e-01 9.860832205689448182e-01 -0.000000000000000000e+00 -1.039682865142822266e+01 -0.000000000000000000e+00 0.000000000000000000e+00 1.000000000000000000e+00 0.000000000000000000e+00
9.853186420575743565e-01 1.707254334123001760e-01 0.000000000000000000e+00 8.357345581054687500e+01 -1.707254334123001760e-01 9.853186420575743565e-01 -0.000000000000000000e+00 -1.103033351898193359e+01 -0.000000000000000000e+00 0.000000000000000000e+00 1.000000000000000000e+00 0.000000000000000000e+00
9.845948659257368618e-01 1.748512224512034086e-01 0.000000000000000000e+00 8.665779876708984375e+01 -1.748512224512034086e-01 9.845948659257368618e-01 -0.000000000000000000e+00 -1.146588611602783203e+01 -0.000000000000000000e+00 0.000000000000000000e+00 1.000000000000000000e+00 0.000000000000000000e+00
9.851946010236610762e-01 1.714397798465373823e-01 0.000000000000000000e+00 8.931803894042968750e+01 -1.714397798465373823e-01 9.851946010236610762e-01 -0.000000000000000000e+00 -1.138840007781982422e+01 -0.000000000000000000e+00 0.000000000000000000e+00 1.000000000000000000e+00 0.000000000000000000e+00
9.847506499433704708e-01 1.739717144713744112e-01 0.000000000000000000e+00 9.215268707275390625e+01 -1.739717144713744112e-01 9.847506499433704708e-01 -0.000000000000000000e+00 -1.179855537414550781e+01 -0.000000000000000000e+00 0.000000000000000000e+00 1.000000000000000000e+00 0.000000000000000000e+00
9.843157741999829513e-01 1.764155794171483327e-01 0.000000000000000000e+00 9.498057556152343750e+01 -1.764155794171483327e-01 9.843157741999829513e-01 -0.000000000000000000e+00 -1.220562076568603516e+01 -0.000000000000000000e+00 0.000000000000000000e+00 1.000000000000000000e+00 0.000000000000000000e+00
9.837683471673378532e-01 1.794431361508269929e-01 0.000000000000000000e+00 9.797845458984375000e+01 -1.794431361508269929e-01 9.837683471673378532e-01 -0.000000000000000000e+00 -1.265631198883056641e+01 -0.000000000000000000e+00 0.000000000000000000e+00 1.000000000000000000e+00 0.000000000000000000e+00
9.833108432028921930e-01 1.819334648700376145e-01 0.000000000000000000e+00 1.010380783081054688e+02 -1.819334648700376145e-01 9.833108432028921930e-01 -0.000000000000000000e+00 -1.315511989593505859e+01 -0.000000000000000000e+00 0.000000000000000000e+00 1.000000000000000000e+00 0.000000000000000000e+00
9.827956323077124967e-01 1.846963592410085508e-01 0.000000000000000000e+00 1.039361877441406250e+02 -1.846963592410085508e-01 9.827956323077124967e-01 -0.000000000000000000e+00 -1.359901905059814453e+01 -0.000000000000000000e+00 0.000000000000000000e+00 1.000000000000000000e+00 0.000000000000000000e+00
9.822570130310790404e-01 1.875397567217750860e-01 0.000000000000000000e+00 1.068666458129882812e+02 -1.875397567217750860e-01 9.822570130310790404e-01 -0.000000000000000000e+00 -1.406424140930175781e+01 -0.000000000000000000e+00 0.000000000000000000e+00 1.000000000000000000e+00 0.000000000000000000e+00
9.817304586808699440e-01 1.902769205611881398e-01 0.000000000000000000e+00 1.097124328613281250e+02 -1.902769205611881398e-01 9.817304586808699440e-01 -0.000000000000000000e+00 -1.449005317687988281e+01 -0.000000000000000000e+00 0.000000000000000000e+00 1.000000000000000000e+00 0.000000000000000000e+00
9.812281773729497614e-01 1.928503666819408602e-01 0.000000000000000000e+00 1.126618881225585938e+02 -1.928503666819408602e-01 9.812281773729497614e-01 -0.000000000000000000e+00 -1.496383476257324219e+01 -0.000000000000000000e+00 0.000000000000000000e+00 1.000000000000000000e+00 0.000000000000000000e+00
9.806642442859460074e-01 1.956978282431216520e-01 0.000000000000000000e+00 1.156445083618164062e+02 -1.956978282431216520e-01 9.806642442859460074e-01 -0.000000000000000000e+00 -1.545136547088623047e+01 -0.000000000000000000e+00 0.000000000000000000e+00 1.000000000000000000e+00 0.000000000000000000e+00
9.802008618372525239e-01 1.980057333854436941e-01 0.000000000000000000e+00 1.184568023681640625e+02 -1.980057333854436941e-01 9.802008618372525239e-01 -0.000000000000000000e+00 -1.591823959350585938e+01 -0.000000000000000000e+00 0.000000000000000000e+00 1.000000000000000000e+00 0.000000000000000000e+00
9.797467117633216205e-01 2.002408070023661835e-01 0.000000000000000000e+00 1.212575073242187500e+02 -2.002408070023661835e-01 9.797467117633216205e-01 -0.000000000000000000e+00 -1.638985443115234375e+01 -0.000000000000000000e+00 0.000000000000000000e+00 1.000000000000000000e+00 0.000000000000000000e+00
9.793318564902548928e-01 2.022600179554792377e-01 0.000000000000000000e+00 1.241949920654296875e+02 -2.022600179554792377e-01 9.793318564902548928e-01 -0.000000000000000000e+00 -1.691062927246093750e+01 -0.000000000000000000e+00 0.000000000000000000e+00 1.000000000000000000e+00 0.000000000000000000e+00
9.788876266602500875e-01 2.043991545272699217e-01 0.000000000000000000e+00 1.268433380126953125e+02 -2.043991545272699217e-01 9.788876266602500875e-01 -0.000000000000000000e+00 -1.732980346679687500e+01 -0.000000000000000000e+00 0.000000000000000000e+00 1.000000000000000000e+00 0.000000000000000000e+00
9.784822813684658227e-01 2.063308630524346432e-01 0.000000000000000000e+00 1.297504119873046875e+02 -2.063308630524346432e-01 9.784822813684658227e-01 -0.000000000000000000e+00 -1.786251258850097656e+01 -0.000000000000000000e+00 0.000000000000000000e+00 1.000000000000000000e+00 0.000000000000000000e+00
9.780805151432278022e-01 2.082270537109866260e-01 0.000000000000000000e+00 1.325003356933593750e+02 -2.082270537109866260e-01 9.780805151432278022e-01 -0.000000000000000000e+00 -1.835424613952636719e+01 -0.000000000000000000e+00 0.000000000000000000e+00 1.000000000000000000e+00 0.000000000000000000e+00
9.775845087247996279e-01 2.105434119161462836e-01 0.000000000000000000e+00 1.350047607421875000e+02 -2.105434119161462836e-01 9.775845087247996279e-01 -0.000000000000000000e+00 -1.879078292846679688e+01 -0.000000000000000000e+00 0.000000000000000000e+00 1.000000000000000000e+00 0.000000000000000000e+00
9.772225533023539690e-01 2.122170617957657712e-01 0.000000000000000000e+00 1.377334442138671875e+02 -2.122170617957657712e-01 9.772225533023539690e-01 -0.000000000000000000e+00 -1.928213119506835938e+01 -0.000000000000000000e+00 0.000000000000000000e+00 1.000000000000000000e+00 0.000000000000000000e+00
9.767594521178357692e-01 2.143384536159234910e-01 0.000000000000000000e+00 1.406248779296875000e+02 -2.143384536159234910e-01 9.767594521178357692e-01 -0.000000000000000000e+00 -1.981629753112792969e+01 -0.000000000000000000e+00 0.000000000000000000e+00 1.000000000000000000e+00 0.000000000000000000e+00
9.764086778112607279e-01 2.159307618077275503e-01 0.000000000000000000e+00 1.431394500732421875e+02 -2.159307618077275503e-01 9.764086778112607279e-01 -0.000000000000000000e+00 -2.022784423828125000e+01 -0.000000000000000000e+00 0.000000000000000000e+00 1.000000000000000000e+00 0.000000000000000000e+00
9.760758715858305345e-01 2.174302023821926000e-01 0.000000000000000000e+00 1.458021392822265625e+02 -2.174302023821926000e-01 9.760758715858305345e-01 -0.000000000000000000e+00 -2.071944236755371094e+01 -0.000000000000000000e+00 0.000000000000000000e+00 1.000000000000000000e+00 0.000000000000000000e+00
9.757230738087709909e-01 2.190079524518771248e-01 0.000000000000000000e+00 1.484914398193359375e+02 -2.190079524518771248e-01 9.757230738087709909e-01 -0.000000000000000000e+00 -2.123196029663085938e+01 -0.000000000000000000e+00 0.000000000000000000e+00 1.000000000000000000e+00 0.000000000000000000e+00
9.753751843600877436e-01 2.205521474266908533e-01 0.000000000000000000e+00 1.512378692626953125e+02 -2.205521474266908533e-01 9.753751843600877436e-01 -0.000000000000000000e+00 -2.177494812011718750e+01 -0.000000000000000000e+00 0.000000000000000000e+00 1.000000000000000000e+00 0.000000000000000000e+00
9.750965930590833608e-01 2.217805992519821801e-01 0.000000000000000000e+00 1.538899993896484375e+02 -2.217805992519821801e-01 9.750965930590833608e-01 -0.000000000000000000e+00 -2.228451919555664062e+01 -0.000000000000000000e+00 0.000000000000000000e+00 1.000000000000000000e+00 0.000000000000000000e+00
9.747733214025341431e-01 2.231971592155058415e-01 0.000000000000000000e+00 1.566244812011718750e+02 -2.231971592155058415e-01 9.747733214025341431e-01 -0.000000000000000000e+00 -2.282374954223632812e+01 -0.000000000000000000e+00 0.000000000000000000e+00 1.000000000000000000e+00 0.000000000000000000e+00
9.744769312717806997e-01 2.244876620643842524e-01 0.000000000000000000e+00 1.593377990722656250e+02 -2.244876620643842524e-01 9.744769312717806997e-01 -0.000000000000000000e+00 -2.336173057556152344e+01 -0.000000000000000000e+00 0.000000000000000000e+00 1.000000000000000000e+00 0.000000000000000000e+00
9.741170408963800709e-01 2.260442227425425166e-01 0.000000000000000000e+00 1.617220611572265625e+02 -2.260442227425425166e-01 9.741170408963800709e-01 -0.000000000000000000e+00 -2.380764770507812500e+01 -0.000000000000000000e+00 0.000000000000000000e+00 1.000000000000000000e+00 0.000000000000000000e+00
9.737956664989401157e-01 2.274247126147134201e-01 0.000000000000000000e+00 1.640791320800781250e+02 -2.274247126147134201e-01 9.737956664989401157e-01 -0.000000000000000000e+00 -2.423641586303710938e+01 -0.000000000000000000e+00 0.000000000000000000e+00 1.000000000000000000e+00 0.000000000000000000e+00
9.734993752678048340e-01 2.286896725984660927e-01 0.000000000000000000e+00 1.667620391845703125e+02 -2.286896725984660927e-01 9.734993752678048340e-01 -0.000000000000000000e+00 -2.478751373291015625e+01 -0.000000000000000000e+00 0.000000000000000000e+00 1.000000000000000000e+00 0.000000000000000000e+00
9.731785578177443163e-01 2.300510695558167507e-01 0.000000000000000000e+00 1.690873870849609375e+02 -2.300510695558167507e-01 9.731785578177443163e-01 -0.000000000000000000e+00 -2.522263145446777344e+01 -0.000000000000000000e+00 0.000000000000000000e+00 1.000000000000000000e+00 0.000000000000000000e+00
9.728859893826753424e-01 2.312852171300466830e-01 0.000000000000000000e+00 1.717275238037109375e+02 -2.312852171300466830e-01 9.728859893826753424e-01 -0.000000000000000000e+00 -2.577538681030273438e+01 -0.000000000000000000e+00 0.000000000000000000e+00 1.000000000000000000e+00 0.000000000000000000e+00
9.726004462053087218e-01 2.324830575358867168e-01 0.000000000000000000e+00 1.743615264892578125e+02 -2.324830575358867168e-01 9.726004462053087218e-01 -0.000000000000000000e+00 -2.633185386657714844e+01 -0.000000000000000000e+00 0.000000000000000000e+00 1.000000000000000000e+00 0.000000000000000000e+00
9.723132952087584213e-01 2.336810988511602571e-01 0.000000000000000000e+00 1.770335235595703125e+02 -2.336810988511602571e-01 9.723132952087584213e-01 -0.000000000000000000e+00 -2.690706062316894531e+01 -0.000000000000000000e+00 0.000000000000000000e+00 1.000000000000000000e+00 0.000000000000000000e+00
9.720212783098083342e-01 2.348928149453833880e-01 0.000000000000000000e+00 1.796660156250000000e+02 -2.348928149453833880e-01 9.720212783098083342e-01 -0.000000000000000000e+00 -2.748016357421875000e+01 -0.000000000000000000e+00 0.000000000000000000e+00 1.000000000000000000e+00 0.000000000000000000e+00
9.717252940067327982e-01 2.361142795078871315e-01 0.000000000000000000e+00 1.823066864013671875e+02 -2.361142795078871315e-01 9.717252940067327982e-01 -0.000000000000000000e+00 -2.805925369262695312e+01 -0.000000000000000000e+00 0.000000000000000000e+00 1.000000000000000000e+00 0.000000000000000000e+00
9.714383430734692126e-01 2.372921102916670799e-01 0.000000000000000000e+00 1.848177032470703125e+02 -2.372921102916670799e-01 9.714383430734692126e-01 -0.000000000000000000e+00 -2.860272789001464844e+01 -0.000000000000000000e+00 0.000000000000000000e+00 1.000000000000000000e+00 0.000000000000000000e+00
9.711294789562260332e-01 2.385530027105274842e-01 0.000000000000000000e+00 1.873603820800781250e+02 -2.385530027105274842e-01 9.711294789562260332e-01 -0.000000000000000000e+00 -2.916528129577636719e+01 -0.000000000000000000e+00 0.000000000000000000e+00 1.000000000000000000e+00 0.000000000000000000e+00
9.708226817734900704e-01 2.397984998996631201e-01 0.000000000000000000e+00 1.900084686279296875e+02 -2.397984998996631201e-01 9.708226817734900704e-01 -0.000000000000000000e+00 -2.976603889465332031e+01 -0.000000000000000000e+00 0.000000000000000000e+00 1.000000000000000000e+00 0.000000000000000000e+00
9.705219195447636338e-01 2.410128703682591078e-01 0.000000000000000000e+00 1.925550384521484375e+02 -2.410128703682591078e-01 9.705219195447636338e-01 -0.000000000000000000e+00 -3.033758735656738281e+01 -0.000000000000000000e+00 0.000000000000000000e+00 1.000000000000000000e+00 0.000000000000000000e+00
9.699536673371867979e-01 2.432897104670521393e-01 0.000000000000000000e+00 1.973233032226562500e+02 -2.432897104670521393e-01 9.699536673371867979e-01 -0.000000000000000000e+00 -3.139381599426269531e+01 -0.000000000000000000e+00 0.000000000000000000e+00 1.000000000000000000e+00 0.000000000000000000e+00
9.699536673371867979e-01 2.432897104670521393e-01 0.000000000000000000e+00 1.973233032226562500e+02 -2.432897104670521393e-01 9.699536673371867979e-01 -0.000000000000000000e+00 -3.139381599426269531e+01 -0.000000000000000000e+00 0.000000000000000000e+00 1.000000000000000000e+00 0.000000000000000000e+00
9.696589495128061786e-01 2.444616976741370573e-01 0.000000000000000000e+00 1.998263092041015625e+02 -2.444616976741370573e-01 9.696589495128061786e-01 -0.000000000000000000e+00 -3.196563148498535156e+01 -0.000000000000000000e+00 0.000000000000000000e+00 1.000000000000000000e+00 0.000000000000000000e+00
9.693656151262574072e-01 2.456222795490924371e-01 0.000000000000000000e+00 2.020387115478515625e+02 -2.456222795490924371e-01 9.693656151262574072e-01 -0.000000000000000000e+00 -3.244822311401367188e+01 -0.000000000000000000e+00 0.000000000000000000e+00 1.000000000000000000e+00 0.000000000000000000e+00
9.690856740928415203e-01 2.467244541346134690e-01 0.000000000000000000e+00 2.044895477294921875e+02 -2.467244541346134690e-01 9.690856740928415203e-01 -0.000000000000000000e+00 -3.301628494262695312e+01 -0.000000000000000000e+00 0.000000000000000000e+00 1.000000000000000000e+00 0.000000000000000000e+00
9.688156600762474202e-01 2.477825998552462272e-01 0.000000000000000000e+00 2.069068145751953125e+02 -2.477825998552462272e-01 9.688156600762474202e-01 -0.000000000000000000e+00 -3.357040405273437500e+01 -0.000000000000000000e+00 0.000000000000000000e+00 1.000000000000000000e+00 0.000000000000000000e+00
9.685570078047684994e-01 2.487917254095753927e-01 0.000000000000000000e+00 2.090759735107421875e+02 -2.487917254095753927e-01 9.685570078047684994e-01 -0.000000000000000000e+00 -3.404183959960937500e+01 -0.000000000000000000e+00 0.000000000000000000e+00 1.000000000000000000e+00 0.000000000000000000e+00
9.683425421224417518e-01 2.496251612234775263e-01 0.000000000000000000e+00 2.115912017822265625e+02 -2.496251612234775263e-01 9.683425421224417518e-01 -0.000000000000000000e+00 -3.463450622558593750e+01 -0.000000000000000000e+00 0.000000000000000000e+00 1.000000000000000000e+00 0.000000000000000000e+00
9.680949830115308519e-01 2.505835267289208135e-01 0.000000000000000000e+00 2.139319915771484375e+02 -2.505835267289208135e-01 9.680949830115308519e-01 -0.000000000000000000e+00 -3.517975997924804688e+01 -0.000000000000000000e+00 0.000000000000000000e+00 1.000000000000000000e+00 0.000000000000000000e+00
9.678578452252142306e-01 2.514978954902111763e-01 0.000000000000000000e+00 2.163332061767578125e+02 -2.514978954902111763e-01 9.678578452252142306e-01 -0.000000000000000000e+00 -3.574884796142578125e+01 -0.000000000000000000e+00 0.000000000000000000e+00 1.000000000000000000e+00 0.000000000000000000e+00
9.675961943477988658e-01 2.525026825276450171e-01 0.000000000000000000e+00 2.184564361572265625e+02 -2.525026825276450171e-01 9.675961943477988658e-01 -0.000000000000000000e+00 -3.623527908325195312e+01 -0.000000000000000000e+00 0.000000000000000000e+00 1.000000000000000000e+00 0.000000000000000000e+00
9.673537248975636604e-01 2.534300118904796451e-01 0.000000000000000000e+00 2.207911529541015625e+02 -2.534300118904796451e-01 9.673537248975636604e-01 -0.000000000000000000e+00 -3.679465866088867188e+01 -0.000000000000000000e+00 0.000000000000000000e+00 1.000000000000000000e+00 0.000000000000000000e+00
9.671269757026617064e-01 2.542939497279144700e-01 0.000000000000000000e+00 2.231135864257812500e+02 -2.542939497279144700e-01 9.671269757026617064e-01 -0.000000000000000000e+00 -3.734692764282226562e+01 -0.000000000000000000e+00 0.000000000000000000e+00 1.000000000000000000e+00 0.000000000000000000e+00
9.668116423118494618e-01 2.554902117308301968e-01 0.000000000000000000e+00 2.251888580322265625e+02 -2.554902117308301968e-01 9.668116423118494618e-01 -0.000000000000000000e+00 -3.786246871948242188e+01 -0.000000000000000000e+00 0.000000000000000000e+00 1.000000000000000000e+00 0.000000000000000000e+00
9.668116423118494618e-01 2.554902117308301968e-01 0.000000000000000000e+00 2.251888580322265625e+02 -2.554902117308301968e-01 9.668116423118494618e-01 -0.000000000000000000e+00 -3.786246871948242188e+01 -0.000000000000000000e+00 0.000000000000000000e+00 1.000000000000000000e+00 0.000000000000000000e+00
9.663075909782300466e-01 2.573900534555478292e-01 0.000000000000000000e+00 2.300551147460937500e+02 -2.573900534555478292e-01 9.663075909782300466e-01 -0.000000000000000000e+00 -3.908072662353515625e+01 -0.000000000000000000e+00 0.000000000000000000e+00 1.000000000000000000e+00 0.000000000000000000e+00
9.660330544823360066e-01 2.584185319351692267e-01 0.000000000000000000e+00 2.323416595458984375e+02 -2.584185319351692267e-01 9.660330544823360066e-01 -0.000000000000000000e+00 -3.967296600341796875e+01 -0.000000000000000000e+00 0.000000000000000000e+00 1.000000000000000000e+00 0.000000000000000000e+00
9.657828879836198865e-01 2.593519101106037117e-01 0.000000000000000000e+00 2.346359252929687500e+02 -2.593519101106037117e-01 9.657828879836198865e-01 -0.000000000000000000e+00 -4.025897979736328125e+01 -0.000000000000000000e+00 0.000000000000000000e+00 1.000000000000000000e+00 0.000000000000000000e+00
9.652815556944727149e-01 2.612116349553719186e-01 0.000000000000000000e+00 2.393370971679687500e+02 -2.612116349553719186e-01 9.652815556944727149e-01 -0.000000000000000000e+00 -4.148113250732421875e+01 -0.000000000000000000e+00 0.000000000000000000e+00 1.000000000000000000e+00 0.000000000000000000e+00
9.652815556944727149e-01 2.612116349553719186e-01 0.000000000000000000e+00 2.393370971679687500e+02 -2.612116349553719186e-01 9.652815556944727149e-01 -0.000000000000000000e+00 -4.148113250732421875e+01 -0.000000000000000000e+00 0.000000000000000000e+00 1.000000000000000000e+00 0.000000000000000000e+00
9.650298134150576690e-01 2.621401518655601115e-01 0.000000000000000000e+00 2.416592559814453125e+02 -2.621401518655601115e-01 9.650298134150576690e-01 -0.000000000000000000e+00 -4.210214614868164062e+01 -0.000000000000000000e+00 0.000000000000000000e+00 1.000000000000000000e+00 0.000000000000000000e+00
9.647388483684937732e-01 2.632089558670684393e-01 0.000000000000000000e+00 2.436637573242187500e+02 -2.632089558670684393e-01 9.647388483684937732e-01 -0.000000000000000000e+00 -4.263224411010742188e+01 -0.000000000000000000e+00 0.000000000000000000e+00 1.000000000000000000e+00 0.000000000000000000e+00
9.644912097700399922e-01 2.641149489830607044e-01 0.000000000000000000e+00 2.459442749023437500e+02 -2.641149489830607044e-01 9.644912097700399922e-01 -0.000000000000000000e+00 -4.323767089843750000e+01 -0.000000000000000000e+00 0.000000000000000000e+00 1.000000000000000000e+00 0.000000000000000000e+00
9.642155388999353871e-01 2.651195853646183820e-01 0.000000000000000000e+00 2.479237518310546875e+02 -2.651195853646183820e-01 9.642155388999353871e-01 -0.000000000000000000e+00 -4.376039886474609375e+01 -0.000000000000000000e+00 0.000000000000000000e+00 1.000000000000000000e+00 0.000000000000000000e+00
9.639675172812488535e-01 2.660199722325847227e-01 0.000000000000000000e+00 2.502532196044921875e+02 -2.660199722325847227e-01 9.639675172812488535e-01 -0.000000000000000000e+00 -4.439062118530273438e+01 -0.000000000000000000e+00 0.000000000000000000e+00 1.000000000000000000e+00 0.000000000000000000e+00
9.637225440048632352e-01 2.669060849377443145e-01 0.000000000000000000e+00 2.525045013427734375e+02 -2.669060849377443145e-01 9.637225440048632352e-01 -0.000000000000000000e+00 -4.500119400024414062e+01 -0.000000000000000000e+00 0.000000000000000000e+00 1.000000000000000000e+00 0.000000000000000000e+00
9.631821159972758783e-01 2.688497934219222785e-01 0.000000000000000000e+00 2.563915710449218750e+02 -2.688497934219222785e-01 9.631821159972758783e-01 -0.000000000000000000e+00 -4.605117416381835938e+01 -0.000000000000000000e+00 0.000000000000000000e+00 1.000000000000000000e+00 0.000000000000000000e+00
9.631821159972758783e-01 2.688497934219222785e-01 0.000000000000000000e+00 2.563915710449218750e+02 -2.688497934219222785e-01 9.631821159972758783e-01 -0.000000000000000000e+00 -4.605117416381835938e+01 -0.000000000000000000e+00 0.000000000000000000e+00 1.000000000000000000e+00 0.000000000000000000e+00
9.627138355478872533e-01 2.705218491077485132e-01 0.000000000000000000e+00 2.601942443847656250e+02 -2.705218491077485132e-01 9.627138355478872533e-01 -0.000000000000000000e+00 -4.704996109008789062e+01 -0.000000000000000000e+00 0.000000000000000000e+00 1.000000000000000000e+00 0.000000000000000000e+00
9.627138355478872533e-01 2.705218491077485132e-01 0.000000000000000000e+00 2.601942443847656250e+02 -2.705218491077485132e-01 9.627138355478872533e-01 -0.000000000000000000e+00 -4.704996109008789062e+01 -0.000000000000000000e+00 0.000000000000000000e+00 1.000000000000000000e+00 0.000000000000000000e+00
9.625197596180807835e-01 2.712115638108965054e-01 0.000000000000000000e+00 2.623762817382812500e+02 -2.712115638108965054e-01 9.625197596180807835e-01 -0.000000000000000000e+00 -4.763584899902343750e+01 -0.000000000000000000e+00 0.000000000000000000e+00 1.000000000000000000e+00 0.000000000000000000e+00
9.623007848274749421e-01 2.719874988311517527e-01 0.000000000000000000e+00 2.642434692382812500e+02 -2.719874988311517527e-01 9.623007848274749421e-01 -0.000000000000000000e+00 -4.812968826293945312e+01 -0.000000000000000000e+00 0.000000000000000000e+00 1.000000000000000000e+00 0.000000000000000000e+00
9.620892621651988552e-01 2.727347642425205776e-01 0.000000000000000000e+00 2.663549804687500000e+02 -2.727347642425205776e-01 9.620892621651988552e-01 -0.000000000000000000e+00 -4.871004486083984375e+01 -0.000000000000000000e+00 0.000000000000000000e+00 1.000000000000000000e+00 0.000000000000000000e+00
9.617965797929719507e-01 2.737651166575854056e-01 0.000000000000000000e+00 2.681900329589843750e+02 -2.737651166575854056e-01 9.617965797929719507e-01 -0.000000000000000000e+00 -4.924464416503906250e+01 -0.000000000000000000e+00 0.000000000000000000e+00 1.000000000000000000e+00 0.000000000000000000e+00
9.615600114282858435e-01 2.745948732624751143e-01 0.000000000000000000e+00 2.700086975097656250e+02 -2.745948732624751143e-01 9.615600114282858435e-01 -0.000000000000000000e+00 -4.974473190307617188e+01 -0.000000000000000000e+00 0.000000000000000000e+00 1.000000000000000000e+00 0.000000000000000000e+00
9.613509852968302738e-01 2.753257762520857077e-01 0.000000000000000000e+00 2.720629272460937500e+02 -2.753257762520857077e-01 9.613509852968302738e-01 -0.000000000000000000e+00 -5.031599807739257812e+01 -0.000000000000000000e+00 0.000000000000000000e+00 1.000000000000000000e+00 0.000000000000000000e+00
9.611407754826826189e-01 2.760587069891971002e-01 0.000000000000000000e+00 2.741183471679687500e+02 -2.760587069891971002e-01 9.611407754826826189e-01 -0.000000000000000000e+00 -5.089137649536132812e+01 -0.000000000000000000e+00 0.000000000000000000e+00 1.000000000000000000e+00 0.000000000000000000e+00
9.609427681722577663e-01 2.767471703512763836e-01 0.000000000000000000e+00 2.761812438964843750e+02 -2.767471703512763836e-01 9.609427681722577663e-01 -0.000000000000000000e+00 -5.147185897827148438e+01 -0.000000000000000000e+00 0.000000000000000000e+00 1.000000000000000000e+00 0.000000000000000000e+00
9.607357331518180388e-01 2.774650447267884013e-01 0.000000000000000000e+00 2.779701843261718750e+02 -2.774650447267884013e-01 9.607357331518180388e-01 -0.000000000000000000e+00 -5.196509933471679688e+01 -0.000000000000000000e+00 0.000000000000000000e+00 1.000000000000000000e+00 0.000000000000000000e+00
9.605467994712504343e-01 2.781184028890165139e-01 0.000000000000000000e+00 2.800006713867187500e+02 -2.781184028890165139e-01 9.605467994712504343e-01 -0.000000000000000000e+00 -5.253483581542968750e+01 -0.000000000000000000e+00 0.000000000000000000e+00 1.000000000000000000e+00 0.000000000000000000e+00
9.603254735473214510e-01 2.788816681965897160e-01 0.000000000000000000e+00 2.817630920410156250e+02 -2.788816681965897160e-01 9.603254735473214510e-01 -0.000000000000000000e+00 -5.303693008422851562e+01 -0.000000000000000000e+00 0.000000000000000000e+00 1.000000000000000000e+00 0.000000000000000000e+00
9.600852061731379727e-01 2.797076990136007635e-01 0.000000000000000000e+00 2.835047302246093750e+02 -2.797076990136007635e-01 9.600852061731379727e-01 -0.000000000000000000e+00 -5.354662322998046875e+01 -0.000000000000000000e+00 0.000000000000000000e+00 1.000000000000000000e+00 0.000000000000000000e+00
9.600852061731379727e-01 2.797076990136007635e-01 0.000000000000000000e+00 2.835047302246093750e+02 -2.797076990136007635e-01 9.600852061731379727e-01 -0.000000000000000000e+00 -5.354662322998046875e+01 -0.000000000000000000e+00 0.000000000000000000e+00 1.000000000000000000e+00 0.000000000000000000e+00
9.596630981742371169e-01 2.811525173328962568e-01 0.000000000000000000e+00 2.868616333007812500e+02 -2.811525173328962568e-01 9.596630981742371169e-01 -0.000000000000000000e+00 -5.451356124877929688e+01 -0.000000000000000000e+00 0.000000000000000000e+00 1.000000000000000000e+00 0.000000000000000000e+00
9.594855426713447821e-01 2.817578630751502167e-01 0.000000000000000000e+00 2.885036010742187500e+02 -2.817578630751502167e-01 9.594855426713447821e-01 -0.000000000000000000e+00 -5.497316741943359375e+01 -0.000000000000000000e+00 0.000000000000000000e+00 1.000000000000000000e+00 0.000000000000000000e+00
9.592734597345606851e-01 2.824790778958436999e-01 0.000000000000000000e+00 2.903843383789062500e+02 -2.824790778958436999e-01 9.592734597345606851e-01 -0.000000000000000000e+00 -5.552898025512695312e+01 -0.000000000000000000e+00 0.000000000000000000e+00 1.000000000000000000e+00 0.000000000000000000e+00
9.590723500219549003e-01 2.831611333205262260e-01 0.000000000000000000e+00 2.922321472167968750e+02 -2.831611333205262260e-01 9.590723500219549003e-01 -0.000000000000000000e+00 -5.607443618774414062e+01 -0.000000000000000000e+00 0.000000000000000000e+00 1.000000000000000000e+00 0.000000000000000000e+00
9.588972190108721039e-01 2.837536314714150798e-01 0.000000000000000000e+00 2.938536071777343750e+02 -2.837536314714150798e-01 9.588972190108721039e-01 -0.000000000000000000e+00 -5.653515625000000000e+01 -0.000000000000000000e+00 0.000000000000000000e+00 1.000000000000000000e+00 0.000000000000000000e+00
9.587189403619459371e-01 2.843553997927021904e-01 0.000000000000000000e+00 2.954563598632812500e+02 -2.843553997927021904e-01 9.587189403619459371e-01 -0.000000000000000000e+00 -5.699573898315429688e+01 -0.000000000000000000e+00 0.000000000000000000e+00 1.000000000000000000e+00 0.000000000000000000e+00
9.585456191220593780e-01 2.849391093934068864e-01 0.000000000000000000e+00 2.970417175292968750e+02 -2.849391093934068864e-01 9.585456191220593780e-01 -0.000000000000000000e+00 -5.745144653320312500e+01 -0.000000000000000000e+00 0.000000000000000000e+00 1.000000000000000000e+00 0.000000000000000000e+00
9.583401009482308552e-01 2.856295693980835382e-01 0.000000000000000000e+00 2.988310241699218750e+02 -2.856295693980835382e-01 9.583401009482308552e-01 -0.000000000000000000e+00 -5.799119567871093750e+01 -0.000000000000000000e+00 0.000000000000000000e+00 1.000000000000000000e+00 0.000000000000000000e+00
9.581709921209695668e-01 2.861963484356796483e-01 0.000000000000000000e+00 3.003951721191406250e+02 -2.861963484356796483e-01 9.581709921209695668e-01 -0.000000000000000000e+00 -5.844351959228515625e+01 -0.000000000000000000e+00 0.000000000000000000e+00 1.000000000000000000e+00 0.000000000000000000e+00
9.580043281020103052e-01 2.867537398846192742e-01 0.000000000000000000e+00 3.019410705566406250e+02 -2.867537398846192742e-01 9.580043281020103052e-01 -0.000000000000000000e+00 -5.889221191406250000e+01 -0.000000000000000000e+00 0.000000000000000000e+00 1.000000000000000000e+00 0.000000000000000000e+00
9.577940748460735954e-01 2.874552316270378438e-01 0.000000000000000000e+00 3.034627685546875000e+02 -2.874552316270378438e-01 9.577940748460735954e-01 -0.000000000000000000e+00 -5.936334228515625000e+01 -0.000000000000000000e+00 0.000000000000000000e+00 1.000000000000000000e+00 0.000000000000000000e+00
9.574669231578207818e-01 2.885430488829969775e-01 0.000000000000000000e+00 3.064637145996093750e+02 -2.885430488829969775e-01 9.574669231578207818e-01 -0.000000000000000000e+00 -6.024254608154296875e+01 -0.000000000000000000e+00 0.000000000000000000e+00 1.000000000000000000e+00 0.000000000000000000e+00
9.574669231578207818e-01 2.885430488829969775e-01 0.000000000000000000e+00 3.064637145996093750e+02 -2.885430488829969775e-01 9.574669231578207818e-01 -0.000000000000000000e+00 -6.024254608154296875e+01 -0.000000000000000000e+00 0.000000000000000000e+00 1.000000000000000000e+00 0.000000000000000000e+00
9.573141696660878441e-01 2.890494431001877640e-01 0.000000000000000000e+00 3.079387817382812500e+02 -2.890494431001877640e-01 9.573141696660878441e-01 -0.000000000000000000e+00 -6.067267227172851562e+01 -0.000000000000000000e+00 0.000000000000000000e+00 1.000000000000000000e+00 0.000000000000000000e+00
9.571437102513314921e-01 2.896133939000666846e-01 0.000000000000000000e+00 3.095675048828125000e+02 -2.896133939000666846e-01 9.571437102513314921e-01 -0.000000000000000000e+00 -6.114457702636718750e+01 -0.000000000000000000e+00 0.000000000000000000e+00 1.000000000000000000e+00 0.000000000000000000e+00
9.569761685492923498e-01 2.901665260306853789e-01 0.000000000000000000e+00 3.110176696777343750e+02 -2.901665260306853789e-01 9.569761685492923498e-01 -0.000000000000000000e+00 -6.158084869384765625e+01 -0.000000000000000000e+00 0.000000000000000000e+00 1.000000000000000000e+00 0.000000000000000000e+00
9.568163988227013084e-01 2.906929289541757000e-01 0.000000000000000000e+00 3.124519042968750000e+02 -2.906929289541757000e-01 9.568163988227013084e-01 -0.000000000000000000e+00 -6.200996017456054688e+01 -0.000000000000000000e+00 0.000000000000000000e+00 1.000000000000000000e+00 0.000000000000000000e+00
9.566626476942938773e-01 2.911985207835769973e-01 0.000000000000000000e+00 3.138692016601562500e+02 -2.911985207835769973e-01 9.566626476942938773e-01 -0.000000000000000000e+00 -6.243297195434570312e+01 -0.000000000000000000e+00 0.000000000000000000e+00 1.000000000000000000e+00 0.000000000000000000e+00
