9.927782942984720860e-01 1.199635710114378834e-01 0.000000000000000000e+00 5.300302734375000000e+02 -1.199635710114378834e-01 9.927782942984720860e-01 -0.000000000000000000e+00 -3.550565719604492188e+01 -0.000000000000000000e+00 0.000000000000000000e+00 1.000000000000000000e+00 0.000000000000000000e+00
9.927782942984720860e-01 1.199635710114378834e-01 0.000000000000000000e+00 5.330262451171875000e+02 -1.199635710114378834e-01 9.927782942984720860e-01 -0.000000000000000000e+00 -3.575799942016601562e+01 -0.000000000000000000e+00 0.000000000000000000e+00 1.000000000000000000e+00 0.000000000000000000e+00
9.925461519124016974e-01 1.218693411973812007e-01 0.000000000000000000e+00 5.361295776367187500e+02 -1.218693411973812007e-01 9.925461519124016974e-01 -0.000000000000000000e+00 -3.609626388549804688e+01 -0.000000000000000000e+00 0.000000000000000000e+00 1.000000000000000000e+00 0.000000000000000000e+00
9.923583220592709919e-01 1.233894672964762074e-01 0.000000000000000000e+00 5.386932373046875000e+02 -1.233894672964762074e-01 9.923583220592709919e-01 -0.000000000000000000e+00 -3.632020187377929688e+01 -0.000000000000000000e+00 0.000000000000000000e+00 1.000000000000000000e+00 0.000000000000000000e+00
9.921808013384483260e-01 1.248088837198478990e-01 0.000000000000000000e+00 5.417278442382812500e+02 -1.248088837198478990e-01 9.921808013384483260e-01 -0.000000000000000000e+00 -3.678397369384765625e+01 -0.000000000000000000e+00 0.000000000000000000e+00 1.000000000000000000e+00 0.000000000000000000e+00
9.920057106507922384e-01 1.261929872703576594e-01 0.000000000000000000e+00 5.447617797851562500e+02 -1.261929872703576594e-01 9.920057106507922384e-01 -0.000000000000000000e+00 -3.723905563354492188e+01 -0.000000000000000000e+00 0.000000000000000000e+00 1.000000000000000000e+00 0.000000000000000000e+00
9.918151960405833245e-01 1.276817015197530825e-01 0.000000000000000000e+00 5.477826538085937500e+02 -1.276817015197530825e-01 9.918151960405833245e-01 -0.000000000000000000e+00 -3.768146133422851562e+01 -0.000000000000000000e+00 0.000000000000000000e+00 1.000000000000000000e+00 0.000000000000000000e+00
9.916388286194165458e-01 1.290443085700075099e-01 0.000000000000000000e+00 5.508044433593750000e+02 -1.290443085700075099e-01 9.916388286194165458e-01 -0.000000000000000000e+00 -3.812841033935546875e+01 -0.000000000000000000e+00 0.000000000000000000e+00 1.000000000000000000e+00 0.000000000000000000e+00
9.914547703830542957e-01 1.304509037327261645e-01 0.000000000000000000e+00 5.538309326171875000e+02 -1.304509037327261645e-01 9.914547703830542957e-01 -0.000000000000000000e+00 -3.857935333251953125e+01 -0.000000000000000000e+00 0.000000000000000000e+00 1.000000000000000000e+00 0.000000000000000000e+00
9.912542043574088524e-01 1.319662924528846870e-01 0.000000000000000000e+00 5.568665161132812500e+02 -1.319662924528846870e-01 9.912542043574088524e-01 -0.000000000000000000e+00 -3.902535629272460938e+01 -0.000000000000000000e+00 0.000000000000000000e+00 1.000000000000000000e+00 0.000000000000000000e+00
9.910347651849448214e-01 1.336042446736680767e-01 0.000000000000000000e+00 5.598869018554687500e+02 -1.336042446736680767e-01 9.910347651849448214e-01 -0.000000000000000000e+00 -3.946884536743164062e+01 -0.000000000000000000e+00 0.000000000000000000e+00 1.000000000000000000e+00 0.000000000000000000e+00
9.907898284387606225e-01 1.354086993597208854e-01 0.000000000000000000e+00 5.629014892578125000e+02 -1.354086993597208854e-01 9.907898284387606225e-01 -0.000000000000000000e+00 -3.991043472290039062e+01 -0.000000000000000000e+00 0.000000000000000000e+00 1.000000000000000000e+00 0.000000000000000000e+00
9.905269447311514375e-01 1.373185048038700617e-01 0.000000000000000000e+00 5.659093627929687500e+02 -1.373185048038700617e-01 9.905269447311514375e-01 -0.000000000000000000e+00 -4.035199356079101562e+01 -0.000000000000000000e+00 0.000000000000000000e+00 1.000000000000000000e+00 0.000000000000000000e+00
9.902627356039896966e-01 1.392110429315968068e-01 0.000000000000000000e+00 5.689333496093750000e+02 -1.392110429315968068e-01 9.902627356039896966e-01 -0.000000000000000000e+00 -4.080650711059570312e+01 -0.000000000000000000e+00 0.000000000000000000e+00 1.000000000000000000e+00 0.000000000000000000e+00
9.899955390019873347e-01 1.410986631976525463e-01 0.000000000000000000e+00 5.718591308593750000e+02 -1.410986631976525463e-01 9.899955390019873347e-01 -0.000000000000000000e+00 -4.123968505859375000e+01 -0.000000000000000000e+00 0.000000000000000000e+00 1.000000000000000000e+00 0.000000000000000000e+00
9.897482727912205736e-01 1.428228150779684846e-01 0.000000000000000000e+00 5.747998657226562500e+02 -1.428228150779684846e-01 9.897482727912205736e-01 -0.000000000000000000e+00 -4.168966293334960938e+01 -0.000000000000000000e+00 0.000000000000000000e+00 1.000000000000000000e+00 0.000000000000000000e+00
9.894498163101754784e-01 1.448760194226771936e-01 0.000000000000000000e+00 5.777689208984375000e+02 -1.448760194226771936e-01 9.894498163101754784e-01 -0.000000000000000000e+00 -4.214281845092773438e+01 -0.000000000000000000e+00 0.000000000000000000e+00 1.000000000000000000e+00 0.000000000000000000e+00
9.892151020207350376e-01 1.464700718034464277e-01 0.000000000000000000e+00 5.807258911132812500e+02 -1.464700718034464277e-01 9.892151020207350376e-01 -0.000000000000000000e+00 -4.261515808105468750e+01 -0.000000000000000000e+00 0.000000000000000000e+00 1.000000000000000000e+00 0.000000000000000000e+00
9.889510938684895613e-01 1.482421462888266761e-01 0.000000000000000000e+00 5.836959228515625000e+02 -1.482421462888266761e-01 9.889510938684895613e-01 -0.000000000000000000e+00 -4.309601593017578125e+01 -0.000000000000000000e+00 0.000000000000000000e+00 1.000000000000000000e+00 0.000000000000000000e+00
9.886241255118098925e-01 1.504072420331187543e-01 0.000000000000000000e+00 5.866887817382812500e+02 -1.504072420331187543e-01 9.886241255118098925e-01 -0.000000000000000000e+00 -4.357271575927734375e+01 -0.000000000000000000e+00 0.000000000000000000e+00 1.000000000000000000e+00 0.000000000000000000e+00
9.882796875246954160e-01 1.526540508014459230e-01 0.000000000000000000e+00 5.896754150390625000e+02 -1.526540508014459230e-01 9.882796875246954160e-01 -0.000000000000000000e+00 -4.404875183105468750e+01 -0.000000000000000000e+00 0.000000000000000000e+00 1.000000000000000000e+00 0.000000000000000000e+00
9.879133732401060852e-01 1.550069900790116695e-01 0.000000000000000000e+00 5.926784667968750000e+02 -1.550069900790116695e-01 9.879133732401060852e-01 -0.000000000000000000e+00 -4.453642654418945312e+01 -0.000000000000000000e+00 0.000000000000000000e+00 1.000000000000000000e+00 0.000000000000000000e+00
9.875302542833923614e-01 1.574293393080791748e-01 0.000000000000000000e+00 5.956907348632812500e+02 -1.574293393080791748e-01 9.875302542833923614e-01 -0.000000000000000000e+00 -4.503084182739257812e+01 -0.000000000000000000e+00 0.000000000000000000e+00 1.000000000000000000e+00 0.000000000000000000e+00
9.870957198167625846e-01 1.601313208570619151e-01 0.000000000000000000e+00 5.987004394531250000e+02 -1.601313208570619151e-01 9.870957198167625846e-01 -0.000000000000000000e+00 -4.552461624145507812e+01 -0.000000000000000000e+00 0.000000000000000000e+00 1.000000000000000000e+00 0.000000000000000000e+00
9.863284526553449671e-01 1.647913331535154624e-01 0.000000000000000000e+00 6.042135009765625000e+02 -1.647913331535154624e-01 9.863284526553449671e-01 -0.000000000000000000e+00 -4.641105651855468750e+01 -0.000000000000000000e+00 0.000000000000000000e+00 1.000000000000000000e+00 0.000000000000000000e+00
9.863284526553449671e-01 1.647913331535154624e-01 0.000000000000000000e+00 6.042135009765625000e+02 -1.647913331535154624e-01 9.863284526553449671e-01 -0.000000000000000000e+00 -4.641105651855468750e+01 -0.000000000000000000e+00 0.000000000000000000e+00 1.000000000000000000e+00 0.000000000000000000e+00
9.853643800037471534e-01 1.704612525468206519e-01 0.000000000000000000e+00 6.102364501953125000e+02 -1.704612525468206519e-01 9.853643800037471534e-01 -0.000000000000000000e+00 -4.743646621704101562e+01 -0.000000000000000000e+00 0.000000000000000000e+00 1.000000000000000000e+00 0.000000000000000000e+00
9.853643800037471534e-01 1.704612525468206519e-01 0.000000000000000000e+00 6.102364501953125000e+02 -1.704612525468206519e-01 9.853643800037471534e-01 -0.000000000000000000e+00 -4.743646621704101562e+01 -0.000000000000000000e+00 0.000000000000000000e+00 1.000000000000000000e+00 0.000000000000000000e+00
9.848393364509835379e-01 1.734689637335347367e-01 0.000000000000000000e+00 6.132295532226562500e+02 -1.734689637335347367e-01 9.848393364509835379e-01 -0.000000000000000000e+00 -4.795335769653320312e+01 -0.000000000000000000e+00 0.000000000000000000e+00 1.000000000000000000e+00 0.000000000000000000e+00
9.842588281488655610e-01 1.767330167541479036e-01 0.000000000000000000e+00 6.162343750000000000e+02 -1.767330167541479036e-01 9.842588281488655610e-01 -0.000000000000000000e+00 -4.847580718994140625e+01 -0.000000000000000000e+00 0.000000000000000000e+00 1.000000000000000000e+00 0.000000000000000000e+00
9.836502194520493347e-01 1.800895493134880843e-01 0.000000000000000000e+00 6.192254028320312500e+02 -1.800895493134880843e-01 9.836502194520493347e-01 -0.000000000000000000e+00 -4.900019454956054688e+01 -0.000000000000000000e+00 0.000000000000000000e+00 1.000000000000000000e+00 0.000000000000000000e+00
9.830078676820984684e-01 1.835634279345808584e-01 0.000000000000000000e+00 6.222105712890625000e+02 -1.835634279345808584e-01 9.830078676820984684e-01 -0.000000000000000000e+00 -4.952979660034179688e+01 -0.000000000000000000e+00 0.000000000000000000e+00 1.000000000000000000e+00 0.000000000000000000e+00
9.823458064429179126e-01 1.870740937810826676e-01 0.000000000000000000e+00 6.252006835937500000e+02 -1.870740937810826676e-01 9.823458064429179126e-01 -0.000000000000000000e+00 -5.006770324707031250e+01 -0.000000000000000000e+00 0.000000000000000000e+00 1.000000000000000000e+00 0.000000000000000000e+00
9.816662815605221581e-01 1.906077428834873910e-01 0.000000000000000000e+00 6.281919555664062500e+02 -1.906077428834873910e-01 9.816662815605221581e-01 -0.000000000000000000e+00 -5.061494827270507812e+01 -0.000000000000000000e+00 0.000000000000000000e+00 1.000000000000000000e+00 0.000000000000000000e+00
9.809652884980519794e-01 1.941831680705970731e-01 0.000000000000000000e+00 6.310891723632812500e+02 -1.941831680705970731e-01 9.809652884980519794e-01 -0.000000000000000000e+00 -5.114428329467773438e+01 -0.000000000000000000e+00 0.000000000000000000e+00 1.000000000000000000e+00 0.000000000000000000e+00
9.802377353124126502e-01 1.978231085328316374e-01 0.000000000000000000e+00 6.340195312500000000e+02 -1.978231085328316374e-01 9.802377353124126502e-01 -0.000000000000000000e+00 -5.169049835205078125e+01 -0.000000000000000000e+00 0.000000000000000000e+00 1.000000000000000000e+00 0.000000000000000000e+00
9.794691179927297320e-01 2.015942630596021801e-01 0.000000000000000000e+00 6.369511108398437500e+02 -2.015942630596021801e-01 9.794691179927297320e-01 -0.000000000000000000e+00 -5.223278808593750000e+01 -0.000000000000000000e+00 0.000000000000000000e+00 1.000000000000000000e+00 0.000000000000000000e+00
9.786730560657855849e-01 2.054240719362160905e-01 0.000000000000000000e+00 6.398978271484375000e+02 -2.054240719362160905e-01 9.786730560657855849e-01 -0.000000000000000000e+00 -5.278691482543945312e+01 -0.000000000000000000e+00 0.000000000000000000e+00 1.000000000000000000e+00 0.000000000000000000e+00
9.778781100633563428e-01 2.091755288242826138e-01 0.000000000000000000e+00 6.428505249023437500e+02 -2.091755288242826138e-01 9.778781100633563428e-01 -0.000000000000000000e+00 -5.335663986206054688e+01 -0.000000000000000000e+00 0.000000000000000000e+00 1.000000000000000000e+00 0.000000000000000000e+00
9.770544306644355359e-01 2.129897638831401152e-01 0.000000000000000000e+00 6.458044433593750000e+02 -2.129897638831401152e-01 9.770544306644355359e-01 -0.000000000000000000e+00 -5.393129348754882812e+01 -0.000000000000000000e+00 0.000000000000000000e+00 1.000000000000000000e+00 0.000000000000000000e+00
9.763236772520095252e-01 2.163147642605885712e-01 0.000000000000000000e+00 6.483153686523437500e+02 -2.163147642605885712e-01 9.763236772520095252e-01 -0.000000000000000000e+00 -5.438178253173828125e+01 -0.000000000000000000e+00 0.000000000000000000e+00 1.000000000000000000e+00 0.000000000000000000e+00
9.754594980051329856e-01 2.201789448416306971e-01 0.000000000000000000e+00 6.512848510742187500e+02 -2.201789448416306971e-01 9.754594980051329856e-01 -0.000000000000000000e+00 -5.500538635253906250e+01 -0.000000000000000000e+00 0.000000000000000000e+00 1.000000000000000000e+00 0.000000000000000000e+00
9.745382601529798405e-01 2.242212735179312799e-01 0.000000000000000000e+00 6.542559204101562500e+02 -2.242212735179312799e-01 9.745382601529798405e-01 -0.000000000000000000e+00 -5.565343475341796875e+01 -0.000000000000000000e+00 0.000000000000000000e+00 1.000000000000000000e+00 0.000000000000000000e+00
9.736228244559257394e-01 2.281635284143055387e-01 0.000000000000000000e+00 6.572144165039062500e+02 -2.281635284143055387e-01 9.736228244559257394e-01 -0.000000000000000000e+00 -5.632204055786132812e+01 -0.000000000000000000e+00 0.000000000000000000e+00 1.000000000000000000e+00 0.000000000000000000e+00
9.726591487071216680e-01 2.322373364391207284e-01 0.000000000000000000e+00 6.601739501953125000e+02 -2.322373364391207284e-01 9.726591487071216680e-01 -0.000000000000000000e+00 -5.700966262817382812e+01 -0.000000000000000000e+00 0.000000000000000000e+00 1.000000000000000000e+00 0.000000000000000000e+00
9.717140585141506026e-01 2.361605142396965840e-01 0.000000000000000000e+00 6.631253662109375000e+02 -2.361605142396965840e-01 9.717140585141506026e-01 -0.000000000000000000e+00 -5.772402954101562500e+01 -0.000000000000000000e+00 0.000000000000000000e+00 1.000000000000000000e+00 0.000000000000000000e+00
9.708495108645531779e-01 2.396898563854086561e-01 0.000000000000000000e+00 6.659972534179687500e+02 -2.396898563854086561e-01 9.708495108645531779e-01 -0.000000000000000000e+00 -5.843524169921875000e+01 -0.000000000000000000e+00 0.000000000000000000e+00 1.000000000000000000e+00 0.000000000000000000e+00
9.698524883775371253e-01 2.436927384800361973e-01 0.000000000000000000e+00 6.689335327148437500e+02 -2.436927384800361973e-01 9.698524883775371253e-01 -0.000000000000000000e+00 -5.917853164672851562e+01 -0.000000000000000000e+00 0.000000000000000000e+00 1.000000000000000000e+00 0.000000000000000000e+00
9.689143764991934304e-01 2.473963035560136914e-01 0.000000000000000000e+00 6.718570556640625000e+02 -2.473963035560136914e-01 9.689143764991934304e-01 -0.000000000000000000e+00 -5.994577789306640625e+01 -0.000000000000000000e+00 0.000000000000000000e+00 1.000000000000000000e+00 0.000000000000000000e+00
9.679200294397051207e-01 2.512584657468090454e-01 0.000000000000000000e+00 6.747692260742187500e+02 -2.512584657468090454e-01 9.679200294397051207e-01 -0.000000000000000000e+00 -6.072379684448242188e+01 -0.000000000000000000e+00 0.000000000000000000e+00 1.000000000000000000e+00 0.000000000000000000e+00
9.669357966732171628e-01 2.550199308131244069e-01 0.000000000000000000e+00 6.776687622070312500e+02 -2.550199308131244069e-01 9.669357966732171628e-01 -0.000000000000000000e+00 -6.151552963256835938e+01 -0.000000000000000000e+00 0.000000000000000000e+00 1.000000000000000000e+00 0.000000000000000000e+00
9.658126288838366769e-01 2.592411346381826021e-01 0.000000000000000000e+00 6.806428222656250000e+02 -2.592411346381826021e-01 9.658126288838366769e-01 -0.000000000000000000e+00 -6.218343734741210938e+01 -0.000000000000000000e+00 0.000000000000000000e+00 1.000000000000000000e+00 0.000000000000000000e+00
9.647235771640718660e-01 2.632649229649801637e-01 0.000000000000000000e+00 6.836029052734375000e+02 -2.632649229649801637e-01 9.647235771640718660e-01 -0.000000000000000000e+00 -6.287418746948242188e+01 -0.000000000000000000e+00 0.000000000000000000e+00 1.000000000000000000e+00 0.000000000000000000e+00
9.635869581280491758e-01 2.673951647385069963e-01 0.000000000000000000e+00 6.865653076171875000e+02 -2.673951647385069963e-01 9.635869581280491758e-01 -0.000000000000000000e+00 -6.357442474365234375e+01 -0.000000000000000000e+00 0.000000000000000000e+00 1.000000000000000000e+00 0.000000000000000000e+00
9.625474155186495295e-01 2.711133948707960539e-01 0.000000000000000000e+00 6.894278564453125000e+02 -2.711133948707960539e-01 9.625474155186495295e-01 -0.000000000000000000e+00 -6.426721954345703125e+01 -0.000000000000000000e+00 0.000000000000000000e+00 1.000000000000000000e+00 0.000000000000000000e+00
9.615086229147490338e-01 2.747747587763166854e-01 0.000000000000000000e+00 6.923160400390625000e+02 -2.747747587763166854e-01 9.615086229147490338e-01 -0.000000000000000000e+00 -6.498633575439453125e+01 -0.000000000000000000e+00 0.000000000000000000e+00 1.000000000000000000e+00 0.000000000000000000e+00
9.604867693935008610e-01 2.783256470755720025e-01 0.000000000000000000e+00 6.952293090820312500e+02 -2.783256470755720025e-01 9.604867693935008610e-01 -0.000000000000000000e+00 -6.573596954345703125e+01 -0.000000000000000000e+00 0.000000000000000000e+00 1.000000000000000000e+00 0.000000000000000000e+00
9.594289607680206444e-01 2.819504730260189995e-01 0.000000000000000000e+00 6.981470336914062500e+02 -2.819504730260189995e-01 9.594289607680206444e-01 -0.000000000000000000e+00 -6.649457550048828125e+01 -0.000000000000000000e+00 0.000000000000000000e+00 1.000000000000000000e+00 0.000000000000000000e+00
9.582796140974489951e-01 2.858324355374039505e-01 0.000000000000000000e+00 7.010685424804687500e+02 -2.858324355374039505e-01 9.582796140974489951e-01 -0.000000000000000000e+00 -6.725451660156250000e+01 -0.000000000000000000e+00 0.000000000000000000e+00 1.000000000000000000e+00 0.000000000000000000e+00
9.571229213734735453e-01 2.896820901980437513e-01 0.000000000000000000e+00 7.039906005859375000e+02 -2.896820901980437513e-01 9.571229213734735453e-01 -0.000000000000000000e+00 -6.802256774902343750e+01 -0.000000000000000000e+00 0.000000000000000000e+00 1.000000000000000000e+00 0.000000000000000000e+00
9.559794555641102365e-01 2.934336049932717017e-01 0.000000000000000000e+00 7.069156494140625000e+02 -2.934336049932717017e-01 9.559794555641102365e-01 -0.000000000000000000e+00 -6.880672454833984375e+01 -0.000000000000000000e+00 0.000000000000000000e+00 1.000000000000000000e+00 0.000000000000000000e+00
9.546965228901239664e-01 2.975811640233752553e-01 0.000000000000000000e+00 7.098646850585937500e+02 -2.975811640233752553e-01 9.546965228901239664e-01 -0.000000000000000000e+00 -6.959140777587890625e+01 -0.000000000000000000e+00 0.000000000000000000e+00 1.000000000000000000e+00 0.000000000000000000e+00
9.534398529074705753e-01 3.015832337643802874e-01 0.000000000000000000e+00 7.128076171875000000e+02 -3.015832337643802874e-01 9.534398529074705753e-01 -0.000000000000000000e+00 -7.039021301269531250e+01 -0.000000000000000000e+00 0.000000000000000000e+00 1.000000000000000000e+00 0.000000000000000000e+00
9.521439583107245141e-01 3.056499348149533390e-01 0.000000000000000000e+00 7.157436523437500000e+02 -3.056499348149533390e-01 9.521439583107245141e-01 -0.000000000000000000e+00 -7.119210815429687500e+01 -0.000000000000000000e+00 0.000000000000000000e+00 1.000000000000000000e+00 0.000000000000000000e+00
9.508485592772790707e-01 3.096562890049591177e-01 0.000000000000000000e+00 7.186727294921875000e+02 -3.096562890049591177e-01 9.508485592772790707e-01 -0.000000000000000000e+00 -7.200749206542968750e+01 -0.000000000000000000e+00 0.000000000000000000e+00 1.000000000000000000e+00 0.000000000000000000e+00
9.495925831208498202e-01 3.134867239324050092e-01 0.000000000000000000e+00 7.216074218750000000e+02 -3.134867239324050092e-01 9.495925831208498202e-01 -0.000000000000000000e+00 -7.284077453613281250e+01 -0.000000000000000000e+00 0.000000000000000000e+00 1.000000000000000000e+00 0.000000000000000000e+00
9.483366026911848046e-01 3.172659578274068526e-01 0.000000000000000000e+00 7.245531005859375000e+02 -3.172659578274068526e-01 9.483366026911848046e-01 -0.000000000000000000e+00 -7.369014739990234375e+01 -0.000000000000000000e+00 0.000000000000000000e+00 1.000000000000000000e+00 0.000000000000000000e+00
9.471767492939129340e-01 3.207120290806317331e-01 0.000000000000000000e+00 7.274805297851562500e+02 -3.207120290806317331e-01 9.471767492939129340e-01 -0.000000000000000000e+00 -7.455708312988281250e+01 -0.000000000000000000e+00 0.000000000000000000e+00 1.000000000000000000e+00 0.000000000000000000e+00
9.460284160862268976e-01 3.240836866572964770e-01 0.000000000000000000e+00 7.304055786132812500e+02 -3.240836866572964770e-01 9.460284160862268976e-01 -0.000000000000000000e+00 -7.542694854736328125e+01 -0.000000000000000000e+00 0.000000000000000000e+00 1.000000000000000000e+00 0.000000000000000000e+00
9.449415201363033923e-01 3.272392450830005628e-01 0.000000000000000000e+00 7.333233032226562500e+02 -3.272392450830005628e-01 9.449415201363033923e-01 -0.000000000000000000e+00 -7.630652618408203125e+01 -0.000000000000000000e+00 0.000000000000000000e+00 1.000000000000000000e+00 0.000000000000000000e+00
9.438273192915983545e-01 3.304390887271591026e-01 0.000000000000000000e+00 7.362439575195312500e+02 -3.304390887271591026e-01 9.438273192915983545e-01 -0.000000000000000000e+00 -7.719252777099609375e+01 -0.000000000000000000e+00 0.000000000000000000e+00 1.000000000000000000e+00 0.000000000000000000e+00
9.427109175596563029e-01 3.336107401056369048e-01 0.000000000000000000e+00 7.391652832031250000e+02 -3.336107401056369048e-01 9.427109175596563029e-01 -0.000000000000000000e+00 -7.808190155029296875e+01 -0.000000000000000000e+00 0.000000000000000000e+00 1.000000000000000000e+00 0.000000000000000000e+00
9.429726412534764624e-01 3.328702417571183791e-01 0.000000000000000000e+00 7.415715942382812500e+02 -3.328702417571183791e-01 9.429726412534764624e-01 -0.000000000000000000e+00 -7.893260955810546875e+01 -0.000000000000000000e+00 0.000000000000000000e+00 1.000000000000000000e+00 0.000000000000000000e+00
9.420073712145806688e-01 3.355921819372365000e-01 0.000000000000000000e+00 7.444672851562500000e+02 -3.355921819372365000e-01 9.420073712145806688e-01 -0.000000000000000000e+00 -7.988042449951171875e+01 -0.000000000000000000e+00 0.000000000000000000e+00 1.000000000000000000e+00 0.000000000000000000e+00
9.400952059151739260e-01 3.409120177044317468e-01 0.000000000000000000e+00 7.501644897460937500e+02 -3.409120177044317468e-01 9.400952059151739260e-01 -0.000000000000000000e+00 -8.182967376708984375e+01 -0.000000000000000000e+00 0.000000000000000000e+00 1.000000000000000000e+00 0.000000000000000000e+00
9.400952059151739260e-01 3.409120177044317468e-01 0.000000000000000000e+00 7.501644897460937500e+02 -3.409120177044317468e-01 9.400952059151739260e-01 -0.000000000000000000e+00 -8.182967376708984375e+01 -0.000000000000000000e+00 0.000000000000000000e+00 1.000000000000000000e+00 0.000000000000000000e+00
9.391657166116327282e-01 3.434643456624840718e-01 0.000000000000000000e+00 7.530263671875000000e+02 -3.434643456624840718e-01 9.391657166116327282e-01 -0.000000000000000000e+00 -8.284890747070312500e+01 -0.000000000000000000e+00 0.000000000000000000e+00 1.000000000000000000e+00 0.000000000000000000e+00
9.384260713644478891e-01 3.454801131519557589e-01 0.000000000000000000e+00 7.558529663085937500e+02 -3.454801131519557589e-01 9.384260713644478891e-01 -0.000000000000000000e+00 -8.389302062988281250e+01 -0.000000000000000000e+00 0.000000000000000000e+00 1.000000000000000000e+00 0.000000000000000000e+00
9.376033076769495489e-01 3.477068268430224540e-01 0.000000000000000000e+00 7.586842651367187500e+02 -3.477068268430224540e-01 9.376033076769495489e-01 -0.000000000000000000e+00 -8.495014953613281250e+01 -0.000000000000000000e+00 0.000000000000000000e+00 1.000000000000000000e+00 0.000000000000000000e+00
9.376033076769495489e-01 3.477068268430224540e-01 0.000000000000000000e+00 7.586842651367187500e+02 -3.477068268430224540e-01 9.376033076769495489e-01 -0.000000000000000000e+00 -8.495014953613281250e+01 -0.000000000000000000e+00 0.000000000000000000e+00 1.000000000000000000e+00 0.000000000000000000e+00
9.366789183980412936e-01 3.501893828040416601e-01 0.000000000000000000e+00 7.659753417968750000e+02 -3.501893828040416601e-01 9.366789183980412936e-01 -0.000000000000000000e+00 -8.754375457763671875e+01 -0.000000000000000000e+00 0.000000000000000000e+00 1.000000000000000000e+00 0.000000000000000000e+00
9.363082161821602023e-01 3.511793335459552079e-01 0.000000000000000000e+00 7.685772094726562500e+02 -3.511793335459552079e-01 9.363082161821602023e-01 -0.000000000000000000e+00 -8.873722076416015625e+01 -0.000000000000000000e+00 0.000000000000000000e+00 1.000000000000000000e+00 0.000000000000000000e+00
9.357275567668621452e-01 3.527236021407113009e-01 0.000000000000000000e+00 7.712133178710937500e+02 -3.527236021407113009e-01 9.357275567668621452e-01 -0.000000000000000000e+00 -8.992281341552734375e+01 -0.000000000000000000e+00 0.000000000000000000e+00 1.000000000000000000e+00 0.000000000000000000e+00
9.355017600212374163e-01 3.533220301611081360e-01 0.000000000000000000e+00 7.738415527343750000e+02 -3.533220301611081360e-01 9.355017600212374163e-01 -0.000000000000000000e+00 -9.114905548095703125e+01 -0.000000000000000000e+00 0.000000000000000000e+00 1.000000000000000000e+00 0.000000000000000000e+00
9.355017600212374163e-01 3.533220301611081360e-01 0.000000000000000000e+00 7.738415527343750000e+02 -3.533220301611081360e-01 9.355017600212374163e-01 -0.000000000000000000e+00 -9.114905548095703125e+01 -0.000000000000000000e+00 0.000000000000000000e+00 1.000000000000000000e+00 0.000000000000000000e+00
9.349658620396309461e-01 3.547377014365541426e-01 0.000000000000000000e+00 7.788668823242187500e+02 -3.547377014365541426e-01 9.349658620396309461e-01 -0.000000000000000000e+00 -9.301544952392578125e+01 -0.000000000000000000e+00 0.000000000000000000e+00 1.000000000000000000e+00 0.000000000000000000e+00
9.344714980758896949e-01 3.560379464099330260e-01 0.000000000000000000e+00 7.816674804687500000e+02 -3.560379464099330260e-01 9.344714980758896949e-01 -0.000000000000000000e+00 -9.409145355224609375e+01 -0.000000000000000000e+00 0.000000000000000000e+00 1.000000000000000000e+00 0.000000000000000000e+00
9.337950110989668984e-01 3.578084365225062680e-01 0.000000000000000000e+00 7.844740600585937500e+02 -3.578084365225062680e-01 9.337950110989668984e-01 -0.000000000000000000e+00 -9.515834808349609375e+01 -0.000000000000000000e+00 0.000000000000000000e+00 1.000000000000000000e+00 0.000000000000000000e+00
9.331636307868610425e-01 3.594518579402294911e-01 0.000000000000000000e+00 7.872563476562500000e+02 -3.594518579402294911e-01 9.331636307868610425e-01 -0.000000000000000000e+00 -9.622497558593750000e+01 -0.000000000000000000e+00 0.000000000000000000e+00 1.000000000000000000e+00 0.000000000000000000e+00
9.326230340320367240e-01 3.608521530944195366e-01 0.000000000000000000e+00 7.900332641601562500e+02 -3.608521530944195366e-01 9.326230340320367240e-01 -0.000000000000000000e+00 -9.730086517333984375e+01 -0.000000000000000000e+00 0.000000000000000000e+00 1.000000000000000000e+00 0.000000000000000000e+00
9.322086022701991936e-01 3.619214304976172136e-01 0.000000000000000000e+00 7.927982177734375000e+02 -3.619214304976172136e-01 9.322086022701991936e-01 -0.000000000000000000e+00 -9.838475036621093750e+01 -0.000000000000000000e+00 0.000000000000000000e+00 1.000000000000000000e+00 0.000000000000000000e+00
9.317902503762984789e-01 3.629971477899999743e-01 0.000000000000000000e+00 7.955708618164062500e+02 -3.629971477899999743e-01 9.317902503762984789e-01 -0.000000000000000000e+00 -9.946643829345703125e+01 -0.000000000000000000e+00 0.000000000000000000e+00 1.000000000000000000e+00 0.000000000000000000e+00
9.314582900917911523e-01 3.638481191641322332e-01 0.000000000000000000e+00 7.983334960937500000e+02 -3.638481191641322332e-01 9.314582900917911523e-01 -0.000000000000000000e+00 -1.005565795898437500e+02 -0.000000000000000000e+00 0.000000000000000000e+00 1.000000000000000000e+00 0.000000000000000000e+00
9.322011615117912209e-01 3.619405952308573093e-01 0.000000000000000000e+00 8.006431274414062500e+02 -3.619405952308573093e-01 9.322011615117912209e-01 -0.000000000000000000e+00 -1.015831909179687500e+02 -0.000000000000000000e+00 0.000000000000000000e+00 1.000000000000000000e+00 0.000000000000000000e+00
9.318507148843445664e-01 3.628419010664781230e-01 0.000000000000000000e+00 8.033880004882812500e+02 -3.628419010664781230e-01 9.318507148843445664e-01 -0.000000000000000000e+00 -1.026844329833984375e+02 -0.000000000000000000e+00 0.000000000000000000e+00 1.000000000000000000e+00 0.000000000000000000e+00
9.315620429081546972e-01 3.635823981063788235e-01 0.000000000000000000e+00 8.061535644531250000e+02 -3.635823981063788235e-01 9.315620429081546972e-01 -0.000000000000000000e+00 -1.038125000000000000e+02 -0.000000000000000000e+00 0.000000000000000000e+00 1.000000000000000000e+00 0.000000000000000000e+00
9.317805433428157924e-01 3.630220641335274445e-01 0.000000000000000000e+00 8.088555908203125000e+02 -3.630220641335274445e-01 9.317805433428157924e-01 -0.000000000000000000e+00 -1.049893417358398438e+02 -0.000000000000000000e+00 0.000000000000000000e+00 1.000000000000000000e+00 0.000000000000000000e+00
9.316391240455086376e-01 3.633848408336777247e-01 0.000000000000000000e+00 8.116276245117187500e+02 -3.633848408336777247e-01 9.316391240455086376e-01 -0.000000000000000000e+00 -1.061529769897460938e+02 -0.000000000000000000e+00 0.000000000000000000e+00 1.000000000000000000e+00 0.000000000000000000e+00
9.314644835810006462e-01 3.638322633126145345e-01 0.000000000000000000e+00 8.144052734375000000e+02 -3.638322633126145345e-01 9.314644835810006462e-01 -0.000000000000000000e+00 -1.073164138793945312e+02 -0.000000000000000000e+00 0.000000000000000000e+00 1.000000000000000000e+00 0.000000000000000000e+00
9.312357372053461368e-01 3.644173455690817853e-01 0.000000000000000000e+00 8.171947631835937500e+02 -3.644173455690817853e-01 9.312357372053461368e-01 -0.000000000000000000e+00 -1.084825286865234375e+02 -0.000000000000000000e+00 0.000000000000000000e+00 1.000000000000000000e+00 0.000000000000000000e+00
9.309960163316174375e-01 3.650293379643048119e-01 0.000000000000000000e+00 8.199888305664062500e+02 -3.650293379643048119e-01 9.309960163316174375e-01 -0.000000000000000000e+00 -1.096583786010742188e+02 -0.000000000000000000e+00 0.000000000000000000e+00 1.000000000000000000e+00 0.000000000000000000e+00
9.308556356241690644e-01 3.653871722251947340e-01 0.000000000000000000e+00 8.227830200195312500e+02 -3.653871722251947340e-01 9.308556356241690644e-01 -0.000000000000000000e+00 -1.108497543334960938e+02 -0.000000000000000000e+00 0.000000000000000000e+00 1.000000000000000000e+00 0.000000000000000000e+00
9.308405556583334572e-01 3.654255874205923349e-01 0.000000000000000000e+00 8.255703735351562500e+02 -3.654255874205923349e-01 9.308405556583334572e-01 -0.000000000000000000e+00 -1.120627899169921875e+02 -0.000000000000000000e+00 0.000000000000000000e+00 1.000000000000000000e+00 0.000000000000000000e+00
9.312054945043384269e-01 3.644946186227316920e-01 0.000000000000000000e+00 8.282959594726562500e+02 -3.644946186227316920e-01 9.312054945043384269e-01 -0.000000000000000000e+00 -1.133038558959960938e+02 -0.000000000000000000e+00 0.000000000000000000e+00 1.000000000000000000e+00 0.000000000000000000e+00
9.311034837463832980e-01 3.647551268390185619e-01 0.000000000000000000e+00 8.310904541015625000e+02 -3.647551268390185619e-01 9.311034837463832980e-01 -0.000000000000000000e+00 -1.145283737182617188e+02 -0.000000000000000000e+00 0.000000000000000000e+00 1.000000000000000000e+00 0.000000000000000000e+00
9.310275391488911367e-01 3.649489297783458097e-01 0.000000000000000000e+00 8.338895874023437500e+02 -3.649489297783458097e-01 9.310275391488911367e-01 -0.000000000000000000e+00 -1.157627563476562500e+02 -0.000000000000000000e+00 0.000000000000000000e+00 1.000000000000000000e+00 0.000000000000000000e+00
9.309016699733090316e-01 3.652698739848447285e-01 0.000000000000000000e+00 8.366944580078125000e+02 -3.652698739848447285e-01 9.309016699733090316e-01 -0.000000000000000000e+00 -1.170014266967773438e+02 -0.000000000000000000e+00 0.000000000000000000e+00 1.000000000000000000e+00 0.000000000000000000e+00
9.307792443269774507e-01 3.655817259247250428e-01 0.000000000000000000e+00 8.395032348632812500e+02 -3.655817259247250428e-01 9.307792443269774507e-01 -0.000000000000000000e+00 -1.182456207275390625e+02 -0.000000000000000000e+00 0.000000000000000000e+00 1.000000000000000000e+00 0.000000000000000000e+00
9.305664934328539140e-01 3.661229319505706625e-01 0.000000000000000000e+00 8.423208007812500000e+02 -3.661229319505706625e-01 9.305664934328539140e-01 -0.000000000000000000e+00 -1.194898147583007812e+02 -0.000000000000000000e+00 0.000000000000000000e+00 1.000000000000000000e+00 0.000000000000000000e+00
9.305200048502029198e-01 3.662410689335349190e-01 0.000000000000000000e+00 8.451345825195312500e+02 -3.662410689335349190e-01 9.305200048502029198e-01 -0.000000000000000000e+00 -1.207515335083007812e+02 -0.000000000000000000e+00 0.000000000000000000e+00 1.000000000000000000e+00 0.000000000000000000e+00
9.305256700219999288e-01 3.662266749297598545e-01 0.000000000000000000e+00 8.479481201171875000e+02 -3.662266749297598545e-01 9.305256700219999288e-01 -0.000000000000000000e+00 -1.220204620361328125e+02 -0.000000000000000000e+00 0.000000000000000000e+00 1.000000000000000000e+00 0.000000000000000000e+00
9.304230207607915304e-01 3.664873837369626020e-01 0.000000000000000000e+00 8.507641601562500000e+02 -3.664873837369626020e-01 9.304230207607915304e-01 -0.000000000000000000e+00 -1.232903442382812500e+02 -0.000000000000000000e+00 0.000000000000000000e+00 1.000000000000000000e+00 0.000000000000000000e+00
9.304010205190813565e-01 3.665432321255596149e-01 0.000000000000000000e+00 8.535464477539062500e+02 -3.665432321255596149e-01 9.304010205190813565e-01 -0.000000000000000000e+00 -1.245585708618164062e+02 -0.000000000000000000e+00 0.000000000000000000e+00 1.000000000000000000e+00 0.000000000000000000e+00
9.301936663038858910e-01 3.670691258715925720e-01 0.000000000000000000e+00 8.563768310546875000e+02 -3.670691258715925720e-01 9.301936663038858910e-01 -0.000000000000000000e+00 -1.258241500854492188e+02 -0.000000000000000000e+00 0.000000000000000000e+00 1.000000000000000000e+00 0.000000000000000000e+00
9.299751178107501515e-01 3.676224697333955738e-01 0.000000000000000000e+00 8.592088623046875000e+02 -3.676224697333955738e-01 9.299751178107501515e-01 -0.000000000000000000e+00 -1.270924530029296875e+02 -0.000000000000000000e+00 0.000000000000000000e+00 1.000000000000000000e+00 0.000000000000000000e+00
9.298097848792610254e-01 3.680404379178763841e-01 0.000000000000000000e+00 8.620447387695312500e+02 -3.680404379178763841e-01 9.298097848792610254e-01 -0.000000000000000000e+00 -1.283701171875000000e+02 -0.000000000000000000e+00 0.000000000000000000e+00 1.000000000000000000e+00 0.000000000000000000e+00
9.296203899614421395e-01 3.685185620398737094e-01 0.000000000000000000e+00 8.648841552734375000e+02 -3.685185620398737094e-01 9.296203899614421395e-01 -0.000000000000000000e+00 -1.296472625732421875e+02 -0.000000000000000000e+00 0.000000000000000000e+00 1.000000000000000000e+00 0.000000000000000000e+00
9.295035907364574967e-01 3.688130621439973944e-01 0.000000000000000000e+00 8.677219848632812500e+02 -3.688130621439973944e-01 9.295035907364574967e-01 -0.000000000000000000e+00 -1.309312133789062500e+02 -0.000000000000000000e+00 0.000000000000000000e+00 1.000000000000000000e+00 0.000000000000000000e+00
9.295704676695621949e-01 3.686444705086344698e-01 0.000000000000000000e+00 8.705544433593750000e+02 -3.686444705086344698e-01 9.295704676695621949e-01 -0.000000000000000000e+00 -1.322213897705078125e+02 -0.000000000000000000e+00 0.000000000000000000e+00 1.000000000000000000e+00 0.000000000000000000e+00
9.294710880061898273e-01 3.688949668409555183e-01 0.000000000000000000e+00 8.733951416015625000e+02 -3.688949668409555183e-01 9.294710880061898273e-01 -0.000000000000000000e+00 -1.334965209960937500e+02 -0.000000000000000000e+00 0.000000000000000000e+00 1.000000000000000000e+00 0.000000000000000000e+00
9.297935011022604446e-01 3.680815742576646343e-01 0.000000000000000000e+00 8.762138671875000000e+02 -3.680815742576646343e-01 9.297935011022604446e-01 -0.000000000000000000e+00 -1.347852935791015625e+02 -0.000000000000000000e+00 0.000000000000000000e+00 1.000000000000000000e+00 0.000000000000000000e+00
9.297854546120415398e-01 3.681018994679045586e-01 0.000000000000000000e+00 8.790352172851562500e+02 -3.681018994679045586e-01 9.297854546120415398e-01 -0.000000000000000000e+00 -1.360589294433593750e+02 -0.000000000000000000e+00 0.000000000000000000e+00 1.000000000000000000e+00 0.000000000000000000e+00
9.295255092872626301e-01 3.687578169805421635e-01 0.000000000000000000e+00 8.818540039062500000e+02 -3.687578169805421635e-01 9.295255092872626301e-01 -0.000000000000000000e+00 -1.373174743652343750e+02 -0.000000000000000000e+00 0.000000000000000000e+00 1.000000000000000000e+00 0.000000000000000000e+00
9.293416703789421085e-01 3.692208819897349614e-01 0.000000000000000000e+00 8.846550292968750000e+02 -3.692208819897349614e-01 9.293416703789421085e-01 -0.000000000000000000e+00 -1.385341644287109375e+02 -0.000000000000000000e+00 0.000000000000000000e+00 1.000000000000000000e+00 0.000000000000000000e+00
9.291551897252766645e-01 3.696899152081175033e-01 0.000000000000000000e+00 8.874639282226562500e+02 -3.696899152081175033e-01 9.291551897252766645e-01 -0.000000000000000000e+00 -1.397576293945312500e+02 -0.000000000000000000e+00 0.000000000000000000e+00 1.000000000000000000e+00 0.000000000000000000e+00
9.287445019156272963e-01 3.707204474553478235e-01 0.000000000000000000e+00 8.930714721679687500e+02 -3.707204474553478235e-01 9.287445019156272963e-01 -0.000000000000000000e+00 -1.422060089111328125e+02 -0.000000000000000000e+00 0.000000000000000000e+00 1.000000000000000000e+00 0.000000000000000000e+00
9.287445019156272963e-01 3.707204474553478235e-01 0.000000000000000000e+00 8.930714721679687500e+02 -3.707204474553478235e-01 9.287445019156272963e-01 -0.000000000000000000e+00 -1.422060089111328125e+02 -0.000000000000000000e+00 0.000000000000000000e+00 1.000000000000000000e+00 0.000000000000000000e+00
9.286265572648917388e-01 3.710157909609168025e-01 0.000000000000000000e+00 8.958801269531250000e+02 -3.710157909609168025e-01 9.286265572648917388e-01 -0.000000000000000000e+00 -1.434478302001953125e+02 -0.000000000000000000e+00 0.000000000000000000e+00 1.000000000000000000e+00 0.000000000000000000e+00
9.284757615302793310e-01 3.713929997331235633e-01 0.000000000000000000e+00 8.986785888671875000e+02 -3.713929997331235633e-01 9.284757615302793310e-01 -0.000000000000000000e+00 -1.446826934814453125e+02 -0.000000000000000000e+00 0.000000000000000000e+00 1.000000000000000000e+00 0.000000000000000000e+00
9.283668533508390164e-01 3.716651525223501062e-01 0.000000000000000000e+00 9.014784545898437500e+02 -3.716651525223501062e-01 9.283668533508390164e-01 -0.000000000000000000e+00 -1.459242553710937500e+02 -0.000000000000000000e+00 0.000000000000000000e+00 1.000000000000000000e+00 0.000000000000000000e+00
9.282804790927396965e-01 3.718808305564481054e-01 0.000000000000000000e+00 9.042709960937500000e+02 -3.718808305564481054e-01 9.282804790927396965e-01 -0.000000000000000000e+00 -1.471682739257812500e+02 -0.000000000000000000e+00 0.000000000000000000e+00 1.000000000000000000e+00 0.000000000000000000e+00
