9.921862032126879116e-01 1.247659334689993627e-01 0.000000000000000000e+00 5.389210815429687500e+02 -1.247659334689993627e-01 9.921862032126879116e-01 -0.000000000000000000e+00 -3.636027145385742188e+01 -0.000000000000000000e+00 0.000000000000000000e+00 1.000000000000000000e+00 0.000000000000000000e+00
9.919747028852863302e-01 1.264365011998031807e-01 0.000000000000000000e+00 5.419664916992187500e+02 -1.264365011998031807e-01 9.919747028852863302e-01 -0.000000000000000000e+00 -3.687079238891601562e+01 -0.000000000000000000e+00 0.000000000000000000e+00 1.000000000000000000e+00 0.000000000000000000e+00
9.917411204158071980e-01 1.282557993870039048e-01 0.000000000000000000e+00 5.450019531250000000e+02 -1.282557993870039048e-01 9.917411204158071980e-01 -0.000000000000000000e+00 -3.734592437744140625e+01 -0.000000000000000000e+00 0.000000000000000000e+00 1.000000000000000000e+00 0.000000000000000000e+00
9.912708148281066389e-01 1.318414641530558928e-01 0.000000000000000000e+00 5.510560913085937500e+02 -1.318414641530558928e-01 9.912708148281066389e-01 -0.000000000000000000e+00 -3.826657867431640625e+01 -0.000000000000000000e+00 0.000000000000000000e+00 1.000000000000000000e+00 0.000000000000000000e+00
9.912708148281066389e-01 1.318414641530558928e-01 0.000000000000000000e+00 5.510560913085937500e+02 -1.318414641530558928e-01 9.912708148281066389e-01 -0.000000000000000000e+00 -3.826657867431640625e+01 -0.000000000000000000e+00 0.000000000000000000e+00 1.000000000000000000e+00 0.000000000000000000e+00
9.910819349795767508e-01 1.332538860864398989e-01 0.000000000000000000e+00 5.540813598632812500e+02 -1.332538860864398989e-01 9.910819349795767508e-01 -0.000000000000000000e+00 -3.873233795166015625e+01 -0.000000000000000000e+00 0.000000000000000000e+00 1.000000000000000000e+00 0.000000000000000000e+00
9.908862764009156443e-01 1.347011033374566624e-01 0.000000000000000000e+00 5.571150512695312500e+02 -1.347011033374566624e-01 9.908862764009156443e-01 -0.000000000000000000e+00 -3.919879150390625000e+01 -0.000000000000000000e+00 0.000000000000000000e+00 1.000000000000000000e+00 0.000000000000000000e+00
9.906623124635809408e-01 1.363384856315722204e-01 0.000000000000000000e+00 5.601380004882812500e+02 -1.363384856315722204e-01 9.906623124635809408e-01 -0.000000000000000000e+00 -3.966112899780273438e+01 -0.000000000000000000e+00 0.000000000000000000e+00 1.000000000000000000e+00 0.000000000000000000e+00
9.904289859995215606e-01 1.380232722839142001e-01 0.000000000000000000e+00 5.631613159179687500e+02 -1.380232722839142001e-01 9.904289859995215606e-01 -0.000000000000000000e+00 -4.012659072875976562e+01 -0.000000000000000000e+00 0.000000000000000000e+00 1.000000000000000000e+00 0.000000000000000000e+00
9.901644379182494848e-01 1.399084911005656906e-01 0.000000000000000000e+00 5.661856689453125000e+02 -1.399084911005656906e-01 9.901644379182494848e-01 -0.000000000000000000e+00 -4.058558654785156250e+01 -0.000000000000000000e+00 0.000000000000000000e+00 1.000000000000000000e+00 0.000000000000000000e+00
9.898770818710974639e-01 1.419273151523712806e-01 0.000000000000000000e+00 5.692131347656250000e+02 -1.419273151523712806e-01 9.898770818710974639e-01 -0.000000000000000000e+00 -4.104888153076171875e+01 -0.000000000000000000e+00 0.000000000000000000e+00 1.000000000000000000e+00 0.000000000000000000e+00
9.896059598173775340e-01 1.438055781043522108e-01 0.000000000000000000e+00 5.721427001953125000e+02 -1.438055781043522108e-01 9.896059598173775340e-01 -0.000000000000000000e+00 -4.150091934204101562e+01 -0.000000000000000000e+00 0.000000000000000000e+00 1.000000000000000000e+00 0.000000000000000000e+00
9.893591010082458670e-01 1.454942241195697206e-01 0.000000000000000000e+00 5.750991210937500000e+02 -1.454942241195697206e-01 9.893591010082458670e-01 -0.000000000000000000e+00 -4.197290420532226562e+01 -0.000000000000000000e+00 0.000000000000000000e+00 1.000000000000000000e+00 0.000000000000000000e+00
9.890869581610639560e-01 1.473329195926477986e-01 0.000000000000000000e+00 5.780751953125000000e+02 -1.473329195926477986e-01 9.890869581610639560e-01 -0.000000000000000000e+00 -4.245191955566406250e+01 -0.000000000000000000e+00 0.000000000000000000e+00 1.000000000000000000e+00 0.000000000000000000e+00
9.888456340492638441e-01 1.489439895454308938e-01 0.000000000000000000e+00 5.810528564453125000e+02 -1.489439895454308938e-01 9.888456340492638441e-01 -0.000000000000000000e+00 -4.294449615478515625e+01 -0.000000000000000000e+00 0.000000000000000000e+00 1.000000000000000000e+00 0.000000000000000000e+00
9.885812289469635417e-01 1.506889304949482755e-01 0.000000000000000000e+00 5.840315551757812500e+02 -1.506889304949482755e-01 9.885812289469635417e-01 -0.000000000000000000e+00 -4.344118881225585938e+01 -0.000000000000000000e+00 0.000000000000000000e+00 1.000000000000000000e+00 0.000000000000000000e+00
9.882799730814720851e-01 1.526522021003459129e-01 0.000000000000000000e+00 5.870409545898437500e+02 -1.526522021003459129e-01 9.882799730814720851e-01 -0.000000000000000000e+00 -4.394197845458984375e+01 -0.000000000000000000e+00 0.000000000000000000e+00 1.000000000000000000e+00 0.000000000000000000e+00
9.879370410721114437e-01 1.548560714911789704e-01 0.000000000000000000e+00 5.900471801757812500e+02 -1.548560714911789704e-01 9.879370410721114437e-01 -0.000000000000000000e+00 -4.443640518188476562e+01 -0.000000000000000000e+00 0.000000000000000000e+00 1.000000000000000000e+00 0.000000000000000000e+00
9.875664278672982022e-01 1.572022600010077598e-01 0.000000000000000000e+00 5.930602416992187500e+02 -1.572022600010077598e-01 9.875664278672982022e-01 -0.000000000000000000e+00 -4.493355178833007812e+01 -0.000000000000000000e+00 0.000000000000000000e+00 1.000000000000000000e+00 0.000000000000000000e+00
9.867311000154996847e-01 1.623629768826687636e-01 0.000000000000000000e+00 5.991026000976562500e+02 -1.623629768826687636e-01 9.867311000154996847e-01 -0.000000000000000000e+00 -4.595255661010742188e+01 -0.000000000000000000e+00 0.000000000000000000e+00 1.000000000000000000e+00 0.000000000000000000e+00
9.867311000154996847e-01 1.623629768826687636e-01 0.000000000000000000e+00 5.991026000976562500e+02 -1.623629768826687636e-01 9.867311000154996847e-01 -0.000000000000000000e+00 -4.595255661010742188e+01 -0.000000000000000000e+00 0.000000000000000000e+00 1.000000000000000000e+00 0.000000000000000000e+00
9.862758531067874479e-01 1.651058496192022440e-01 0.000000000000000000e+00 6.021282348632812500e+02 -1.651058496192022440e-01 9.862758531067874479e-01 -0.000000000000000000e+00 -4.647151565551757812e+01 -0.000000000000000000e+00 0.000000000000000000e+00 1.000000000000000000e+00 0.000000000000000000e+00
9.857690230985394209e-01 1.681054225756895559e-01 0.000000000000000000e+00 6.046870117187500000e+02 -1.681054225756895559e-01 9.857690230985394209e-01 -0.000000000000000000e+00 -4.684432601928710938e+01 -0.000000000000000000e+00 0.000000000000000000e+00 1.000000000000000000e+00 0.000000000000000000e+00
9.853085546572376563e-01 1.707836412519221636e-01 0.000000000000000000e+00 6.077242431640625000e+02 -1.707836412519221636e-01 9.853085546572376563e-01 -0.000000000000000000e+00 -4.737457275390625000e+01 -0.000000000000000000e+00 0.000000000000000000e+00 1.000000000000000000e+00 0.000000000000000000e+00
9.847924304163429010e-01 1.737350540181010483e-01 0.000000000000000000e+00 6.107481079101562500e+02 -1.737350540181010483e-01 9.847924304163429010e-01 -0.000000000000000000e+00 -4.790538406372070312e+01 -0.000000000000000000e+00 0.000000000000000000e+00 1.000000000000000000e+00 0.000000000000000000e+00
9.842425427513932235e-01 1.768236891320613402e-01 0.000000000000000000e+00 6.137594604492187500e+02 -1.768236891320613402e-01 9.842425427513932235e-01 -0.000000000000000000e+00 -4.843765258789062500e+01 -0.000000000000000000e+00 0.000000000000000000e+00 1.000000000000000000e+00 0.000000000000000000e+00
9.836338380119740155e-01 1.801790018782256364e-01 0.000000000000000000e+00 6.167676391601562500e+02 -1.801790018782256364e-01 9.836338380119740155e-01 -0.000000000000000000e+00 -4.897461700439453125e+01 -0.000000000000000000e+00 0.000000000000000000e+00 1.000000000000000000e+00 0.000000000000000000e+00
9.830117746737644380e-01 1.835425042128827899e-01 0.000000000000000000e+00 6.197827758789062500e+02 -1.835425042128827899e-01 9.830117746737644380e-01 -0.000000000000000000e+00 -4.952895736694335938e+01 -0.000000000000000000e+00 0.000000000000000000e+00 1.000000000000000000e+00 0.000000000000000000e+00
9.823433937385426251e-01 1.870867627018082680e-01 0.000000000000000000e+00 6.228031005859375000e+02 -1.870867627018082680e-01 9.823433937385426251e-01 -0.000000000000000000e+00 -5.009181213378906250e+01 -0.000000000000000000e+00 0.000000000000000000e+00 1.000000000000000000e+00 0.000000000000000000e+00
9.816328195195901385e-01 1.907799980134701479e-01 0.000000000000000000e+00 6.258229980468750000e+02 -1.907799980134701479e-01 9.816328195195901385e-01 -0.000000000000000000e+00 -5.065617752075195312e+01 -0.000000000000000000e+00 0.000000000000000000e+00 1.000000000000000000e+00 0.000000000000000000e+00
9.808845754384469817e-01 1.945904665366155473e-01 0.000000000000000000e+00 6.288424682617187500e+02 -1.945904665366155473e-01 9.808845754384469817e-01 -0.000000000000000000e+00 -5.122319030761718750e+01 -0.000000000000000000e+00 0.000000000000000000e+00 1.000000000000000000e+00 0.000000000000000000e+00
9.793998117350551924e-01 2.019307028991344510e-01 0.000000000000000000e+00 6.346958007812500000e+02 -2.019307028991344510e-01 9.793998117350551924e-01 -0.000000000000000000e+00 -5.233894348144531250e+01 -0.000000000000000000e+00 0.000000000000000000e+00 1.000000000000000000e+00 0.000000000000000000e+00
9.793998117350551924e-01 2.019307028991344510e-01 0.000000000000000000e+00 6.346958007812500000e+02 -2.019307028991344510e-01 9.793998117350551924e-01 -0.000000000000000000e+00 -5.233894348144531250e+01 -0.000000000000000000e+00 0.000000000000000000e+00 1.000000000000000000e+00 0.000000000000000000e+00
9.786047610247374795e-01 2.057491718080934617e-01 0.000000000000000000e+00 6.376467895507812500e+02 -2.057491718080934617e-01 9.786047610247374795e-01 -0.000000000000000000e+00 -5.290731430053710938e+01 -0.000000000000000000e+00 0.000000000000000000e+00 1.000000000000000000e+00 0.000000000000000000e+00
9.778260655119850320e-01 2.094186849480033918e-01 0.000000000000000000e+00 6.405958251953125000e+02 -2.094186849480033918e-01 9.778260655119850320e-01 -0.000000000000000000e+00 -5.348638916015625000e+01 -0.000000000000000000e+00 0.000000000000000000e+00 1.000000000000000000e+00 0.000000000000000000e+00
9.769897421764514034e-01 2.132862951105649607e-01 0.000000000000000000e+00 6.435601196289062500e+02 -2.132862951105649607e-01 9.769897421764514034e-01 -0.000000000000000000e+00 -5.407232666015625000e+01 -0.000000000000000000e+00 0.000000000000000000e+00 1.000000000000000000e+00 0.000000000000000000e+00
9.761278566481337293e-01 2.171967022666791147e-01 0.000000000000000000e+00 6.465253295898437500e+02 -2.171967022666791147e-01 9.761278566481337293e-01 -0.000000000000000000e+00 -5.466759109497070312e+01 -0.000000000000000000e+00 0.000000000000000000e+00 1.000000000000000000e+00 0.000000000000000000e+00
9.750576150078967830e-01 2.219519033824945697e-01 0.000000000000000000e+00 6.515248413085937500e+02 -2.219519033824945697e-01 9.750576150078967830e-01 -0.000000000000000000e+00 -5.572275543212890625e+01 -0.000000000000000000e+00 0.000000000000000000e+00 1.000000000000000000e+00 0.000000000000000000e+00
9.750576150078967830e-01 2.219519033824945697e-01 0.000000000000000000e+00 6.515248413085937500e+02 -2.219519033824945697e-01 9.750576150078967830e-01 -0.000000000000000000e+00 -5.572275543212890625e+01 -0.000000000000000000e+00 0.000000000000000000e+00 1.000000000000000000e+00 0.000000000000000000e+00
9.731783747639216609e-01 2.300518439218692812e-01 0.000000000000000000e+00 6.574558715820312500e+02 -2.300518439218692812e-01 9.731783747639216609e-01 -0.000000000000000000e+00 -5.707031631469726562e+01 -0.000000000000000000e+00 0.000000000000000000e+00 1.000000000000000000e+00 0.000000000000000000e+00
9.731783747639216609e-01 2.300518439218692812e-01 0.000000000000000000e+00 6.574558715820312500e+02 -2.300518439218692812e-01 9.731783747639216609e-01 -0.000000000000000000e+00 -5.707031631469726562e+01 -0.000000000000000000e+00 0.000000000000000000e+00 1.000000000000000000e+00 0.000000000000000000e+00
9.721893505775490718e-01 2.341962139395156184e-01 0.000000000000000000e+00 6.604266967773437500e+02 -2.341962139395156184e-01 9.721893505775490718e-01 -0.000000000000000000e+00 -5.777248382568359375e+01 -0.000000000000000000e+00 0.000000000000000000e+00 1.000000000000000000e+00 0.000000000000000000e+00
9.712325734403159938e-01 2.381329214713943376e-01 0.000000000000000000e+00 6.633942871093750000e+02 -2.381329214713943376e-01 9.712325734403159938e-01 -0.000000000000000000e+00 -5.849826431274414062e+01 -0.000000000000000000e+00 0.000000000000000000e+00 1.000000000000000000e+00 0.000000000000000000e+00
9.702854283984789774e-01 2.419631943862126933e-01 0.000000000000000000e+00 6.662993164062500000e+02 -2.419631943862126933e-01 9.702854283984789774e-01 -0.000000000000000000e+00 -5.924079513549804688e+01 -0.000000000000000000e+00 0.000000000000000000e+00 1.000000000000000000e+00 0.000000000000000000e+00
9.693565802143790933e-01 2.456579337108492356e-01 0.000000000000000000e+00 6.692264404296875000e+02 -2.456579337108492356e-01 9.693565802143790933e-01 -0.000000000000000000e+00 -5.999374008178710938e+01 -0.000000000000000000e+00 0.000000000000000000e+00 1.000000000000000000e+00 0.000000000000000000e+00
9.686384275550192768e-01 2.484745392665807795e-01 0.000000000000000000e+00 6.720678710937500000e+02 -2.484745392665807795e-01 9.686384275550192768e-01 -0.000000000000000000e+00 -6.076395797729492188e+01 -0.000000000000000000e+00 0.000000000000000000e+00 1.000000000000000000e+00 0.000000000000000000e+00
9.683696819173783776e-01 2.495198572122778180e-01 0.000000000000000000e+00 6.746861572265625000e+02 -2.495198572122778180e-01 9.683696819173783776e-01 -0.000000000000000000e+00 -6.142619323730468750e+01 -0.000000000000000000e+00 0.000000000000000000e+00 1.000000000000000000e+00 0.000000000000000000e+00
9.681642766212076312e-01 2.503156676569284200e-01 0.000000000000000000e+00 6.772717285156250000e+02 -2.503156676569284200e-01 9.681642766212076312e-01 -0.000000000000000000e+00 -6.210989761352539062e+01 -0.000000000000000000e+00 0.000000000000000000e+00 1.000000000000000000e+00 0.000000000000000000e+00
9.669923864436338334e-01 2.548052679205157767e-01 0.000000000000000000e+00 6.802332763671875000e+02 -2.548052679205157767e-01 9.669923864436338334e-01 -0.000000000000000000e+00 -6.280138015747070312e+01 -0.000000000000000000e+00 0.000000000000000000e+00 1.000000000000000000e+00 0.000000000000000000e+00
9.658406294631216582e-01 2.591367949139621318e-01 0.000000000000000000e+00 6.831806030273437500e+02 -2.591367949139621318e-01 9.658406294631216582e-01 -0.000000000000000000e+00 -6.350269699096679688e+01 -0.000000000000000000e+00 0.000000000000000000e+00 1.000000000000000000e+00 0.000000000000000000e+00
9.647221871395204040e-01 2.632700166003340558e-01 0.000000000000000000e+00 6.861156005859375000e+02 -2.632700166003340558e-01 9.647221871395204040e-01 -0.000000000000000000e+00 -6.421150970458984375e+01 -0.000000000000000000e+00 0.000000000000000000e+00 1.000000000000000000e+00 0.000000000000000000e+00
9.627365514592405304e-01 2.704409963085647739e-01 0.000000000000000000e+00 6.918009643554687500e+02 -2.704409963085647739e-01 9.627365514592405304e-01 -0.000000000000000000e+00 -6.561761474609375000e+01 -0.000000000000000000e+00 0.000000000000000000e+00 1.000000000000000000e+00 0.000000000000000000e+00
9.627365514592405304e-01 2.704409963085647739e-01 0.000000000000000000e+00 6.918009643554687500e+02 -2.704409963085647739e-01 9.627365514592405304e-01 -0.000000000000000000e+00 -6.561761474609375000e+01 -0.000000000000000000e+00 0.000000000000000000e+00 1.000000000000000000e+00 0.000000000000000000e+00
9.617652798347489096e-01 2.738750563749591249e-01 0.000000000000000000e+00 6.946823120117187500e+02 -2.738750563749591249e-01 9.617652798347489096e-01 -0.000000000000000000e+00 -6.635565185546875000e+01 -0.000000000000000000e+00 0.000000000000000000e+00 1.000000000000000000e+00 0.000000000000000000e+00
9.607371100235919670e-01 2.774602771993074368e-01 0.000000000000000000e+00 6.975772094726562500e+02 -2.774602771993074368e-01 9.607371100235919670e-01 -0.000000000000000000e+00 -6.710170745849609375e+01 -0.000000000000000000e+00 0.000000000000000000e+00 1.000000000000000000e+00 0.000000000000000000e+00
9.596619715943984774e-01 2.811563626801854565e-01 0.000000000000000000e+00 7.004734497070312500e+02 -2.811563626801854565e-01 9.596619715943984774e-01 -0.000000000000000000e+00 -6.785204315185546875e+01 -0.000000000000000000e+00 0.000000000000000000e+00 1.000000000000000000e+00 0.000000000000000000e+00
9.585737226694950319e-01 2.848445509528766406e-01 0.000000000000000000e+00 7.033671875000000000e+02 -2.848445509528766406e-01 9.585737226694950319e-01 -0.000000000000000000e+00 -6.861047363281250000e+01 -0.000000000000000000e+00 0.000000000000000000e+00 1.000000000000000000e+00 0.000000000000000000e+00
9.574568543427837142e-01 2.885764579310334810e-01 0.000000000000000000e+00 7.062647705078125000e+02 -2.885764579310334810e-01 9.574568543427837142e-01 -0.000000000000000000e+00 -6.937931060791015625e+01 -0.000000000000000000e+00 0.000000000000000000e+00 1.000000000000000000e+00 0.000000000000000000e+00
9.562351910116133613e-01 2.925991446860076728e-01 0.000000000000000000e+00 7.091802978515625000e+02 -2.925991446860076728e-01 9.562351910116133613e-01 -0.000000000000000000e+00 -7.015219116210937500e+01 -0.000000000000000000e+00 0.000000000000000000e+00 1.000000000000000000e+00 0.000000000000000000e+00
9.550466101562841148e-01 2.964556837522105415e-01 0.000000000000000000e+00 7.120875854492187500e+02 -2.964556837522105415e-01 9.550466101562841148e-01 -0.000000000000000000e+00 -7.094165802001953125e+01 -0.000000000000000000e+00 0.000000000000000000e+00 1.000000000000000000e+00 0.000000000000000000e+00
9.538171202940457505e-01 3.003879175898620524e-01 0.000000000000000000e+00 7.149966430664062500e+02 -3.003879175898620524e-01 9.538171202940457505e-01 -0.000000000000000000e+00 -7.174035644531250000e+01 -0.000000000000000000e+00 0.000000000000000000e+00 1.000000000000000000e+00 0.000000000000000000e+00
9.526061738764313169e-01 3.042063074502341924e-01 0.000000000000000000e+00 7.178952026367187500e+02 -3.042063074502341924e-01 9.526061738764313169e-01 -0.000000000000000000e+00 -7.254997253417968750e+01 -0.000000000000000000e+00 0.000000000000000000e+00 1.000000000000000000e+00 0.000000000000000000e+00
9.513845619202992987e-01 3.080055443327605613e-01 0.000000000000000000e+00 7.208085327148437500e+02 -3.080055443327605613e-01 9.513845619202992987e-01 -0.000000000000000000e+00 -7.337545776367187500e+01 -0.000000000000000000e+00 0.000000000000000000e+00 1.000000000000000000e+00 0.000000000000000000e+00
9.501860846693955809e-01 3.116831796883565153e-01 0.000000000000000000e+00 7.237267456054687500e+02 -3.116831796883565153e-01 9.501860846693955809e-01 -0.000000000000000000e+00 -7.421761322021484375e+01 -0.000000000000000000e+00 0.000000000000000000e+00 1.000000000000000000e+00 0.000000000000000000e+00
9.489980058203623114e-01 3.152820720386357300e-01 0.000000000000000000e+00 7.266390380859375000e+02 -3.152820720386357300e-01 9.489980058203623114e-01 -0.000000000000000000e+00 -7.507086181640625000e+01 -0.000000000000000000e+00 0.000000000000000000e+00 1.000000000000000000e+00 0.000000000000000000e+00
9.478719845245358044e-01 3.186513783957605761e-01 0.000000000000000000e+00 7.295343627929687500e+02 -3.186513783957605761e-01 9.478719845245358044e-01 -0.000000000000000000e+00 -7.593010711669921875e+01 -0.000000000000000000e+00 0.000000000000000000e+00 1.000000000000000000e+00 0.000000000000000000e+00
9.467746124257838680e-01 3.218972402273847511e-01 0.000000000000000000e+00 7.324358520507812500e+02 -3.218972402273847511e-01 9.467746124257838680e-01 -0.000000000000000000e+00 -7.679812622070312500e+01 -0.000000000000000000e+00 0.000000000000000000e+00 1.000000000000000000e+00 0.000000000000000000e+00
9.456859650239263226e-01 3.250816136861098271e-01 0.000000000000000000e+00 7.353322143554687500e+02 -3.250816136861098271e-01 9.456859650239263226e-01 -0.000000000000000000e+00 -7.767487335205078125e+01 -0.000000000000000000e+00 0.000000000000000000e+00 1.000000000000000000e+00 0.000000000000000000e+00
9.445477642411321817e-01 3.283740566291413199e-01 0.000000000000000000e+00 7.382459106445312500e+02 -3.283740566291413199e-01 9.445477642411321817e-01 -0.000000000000000000e+00 -7.855643463134765625e+01 -0.000000000000000000e+00 0.000000000000000000e+00 1.000000000000000000e+00 0.000000000000000000e+00
9.443712899096374791e-01 3.288812350901270110e-01 0.000000000000000000e+00 7.406277465820312500e+02 -3.288812350901270110e-01 9.443712899096374791e-01 -0.000000000000000000e+00 -7.933640289306640625e+01 -0.000000000000000000e+00 0.000000000000000000e+00 1.000000000000000000e+00 0.000000000000000000e+00
9.433656725397467913e-01 3.317547405443233011e-01 0.000000000000000000e+00 7.435384521484375000e+02 -3.317547405443233011e-01 9.433656725397467913e-01 -0.000000000000000000e+00 -8.026411437988281250e+01 -0.000000000000000000e+00 0.000000000000000000e+00 1.000000000000000000e+00 0.000000000000000000e+00
9.423995734676591240e-01 3.344892284184560194e-01 0.000000000000000000e+00 7.463814697265625000e+02 -3.344892284184560194e-01 9.423995734676591240e-01 -0.000000000000000000e+00 -8.120050048828125000e+01 -0.000000000000000000e+00 0.000000000000000000e+00 1.000000000000000000e+00 0.000000000000000000e+00
9.414008839728946754e-01 3.372897502964662397e-01 0.000000000000000000e+00 7.492574462890625000e+02 -3.372897502964662397e-01 9.414008839728946754e-01 -0.000000000000000000e+00 -8.217309570312500000e+01 -0.000000000000000000e+00 0.000000000000000000e+00 1.000000000000000000e+00 0.000000000000000000e+00
9.404452029455968587e-01 3.399453195097927316e-01 0.000000000000000000e+00 7.521438598632812500e+02 -3.399453195097927316e-01 9.404452029455968587e-01 -0.000000000000000000e+00 -8.317747497558593750e+01 -0.000000000000000000e+00 0.000000000000000000e+00 1.000000000000000000e+00 0.000000000000000000e+00
9.398243759109984330e-01 3.416579319194891218e-01 0.000000000000000000e+00 7.549838867187500000e+02 -3.416579319194891218e-01 9.398243759109984330e-01 -0.000000000000000000e+00 -8.420995330810546875e+01 -0.000000000000000000e+00 0.000000000000000000e+00 1.000000000000000000e+00 0.000000000000000000e+00
9.394251497045458255e-01 3.427541219337728595e-01 0.000000000000000000e+00 7.576975708007812500e+02 -3.427541219337728595e-01 9.394251497045458255e-01 -0.000000000000000000e+00 -8.514533996582031250e+01 -0.000000000000000000e+00 0.000000000000000000e+00 1.000000000000000000e+00 0.000000000000000000e+00
9.388858032363525119e-01 3.442287734650155695e-01 0.000000000000000000e+00 7.604610595703125000e+02 -3.442287734650155695e-01 9.388858032363525119e-01 -0.000000000000000000e+00 -8.615493011474609375e+01 -0.000000000000000000e+00 0.000000000000000000e+00 1.000000000000000000e+00 0.000000000000000000e+00
9.380956885454163618e-01 3.463762104020731147e-01 0.000000000000000000e+00 7.632989501953125000e+02 -3.463762104020731147e-01 9.380956885454163618e-01 -0.000000000000000000e+00 -8.721855163574218750e+01 -0.000000000000000000e+00 0.000000000000000000e+00 1.000000000000000000e+00 0.000000000000000000e+00
9.374532000060575854e-01 3.481113296036233429e-01 0.000000000000000000e+00 7.661026000976562500e+02 -3.481113296036233429e-01 9.374532000060575854e-01 -0.000000000000000000e+00 -8.829024505615234375e+01 -0.000000000000000000e+00 0.000000000000000000e+00 1.000000000000000000e+00 0.000000000000000000e+00
9.371776691798668901e-01 3.488524278123803501e-01 0.000000000000000000e+00 7.688153076171875000e+02 -3.488524278123803501e-01 9.371776691798668901e-01 -0.000000000000000000e+00 -8.933001708984375000e+01 -0.000000000000000000e+00 0.000000000000000000e+00 1.000000000000000000e+00 0.000000000000000000e+00
9.363940106677314246e-01 3.509505047518815535e-01 0.000000000000000000e+00 7.716793823242187500e+02 -3.509505047518815535e-01 9.363940106677314246e-01 -0.000000000000000000e+00 -9.031641387939453125e+01 -0.000000000000000000e+00 0.000000000000000000e+00 1.000000000000000000e+00 0.000000000000000000e+00
9.356716116152000717e-01 3.528719813436794750e-01 0.000000000000000000e+00 7.745308227539062500e+02 -3.528719813436794750e-01 9.356716116152000717e-01 -0.000000000000000000e+00 -9.132179260253906250e+01 -0.000000000000000000e+00 0.000000000000000000e+00 1.000000000000000000e+00 0.000000000000000000e+00
9.349575419564895018e-01 3.547596295221303597e-01 0.000000000000000000e+00 7.773887329101562500e+02 -3.547596295221303597e-01 9.349575419564895018e-01 -0.000000000000000000e+00 -9.233715057373046875e+01 -0.000000000000000000e+00 0.000000000000000000e+00 1.000000000000000000e+00 0.000000000000000000e+00
9.343140055104584007e-01 3.564510332528201264e-01 0.000000000000000000e+00 7.802322998046875000e+02 -3.564510332528201264e-01 9.343140055104584007e-01 -0.000000000000000000e+00 -9.336503601074218750e+01 -0.000000000000000000e+00 0.000000000000000000e+00 1.000000000000000000e+00 0.000000000000000000e+00
9.337438851934840578e-01 3.579418344700400767e-01 0.000000000000000000e+00 7.830733642578125000e+02 -3.579418344700400767e-01 9.337438851934840578e-01 -0.000000000000000000e+00 -9.440524291992187500e+01 -0.000000000000000000e+00 0.000000000000000000e+00 1.000000000000000000e+00 0.000000000000000000e+00
9.331724218753991718e-01 3.594290347915734540e-01 0.000000000000000000e+00 7.859042968750000000e+02 -3.594290347915734540e-01 9.331724218753991718e-01 -0.000000000000000000e+00 -9.545322418212890625e+01 -0.000000000000000000e+00 0.000000000000000000e+00 1.000000000000000000e+00 0.000000000000000000e+00
9.325319032953465204e-01 3.610875923323292325e-01 0.000000000000000000e+00 7.887326660156250000e+02 -3.610875923323292325e-01 9.325319032953465204e-01 -0.000000000000000000e+00 -9.649909210205078125e+01 -0.000000000000000000e+00 0.000000000000000000e+00 1.000000000000000000e+00 0.000000000000000000e+00
9.319353836675695613e-01 3.626243795835849548e-01 0.000000000000000000e+00 7.915582275390625000e+02 -3.626243795835849548e-01 9.319353836675695613e-01 -0.000000000000000000e+00 -9.755231475830078125e+01 -0.000000000000000000e+00 0.000000000000000000e+00 1.000000000000000000e+00 0.000000000000000000e+00
9.314587890454044672e-01 3.638468418305548235e-01 0.000000000000000000e+00 7.943803710937500000e+02 -3.638468418305548235e-01 9.314587890454044672e-01 -0.000000000000000000e+00 -9.861642456054687500e+01 -0.000000000000000000e+00 0.000000000000000000e+00 1.000000000000000000e+00 0.000000000000000000e+00
9.310265706330791424e-01 3.649514005661685379e-01 0.000000000000000000e+00 7.972024536132812500e+02 -3.649514005661685379e-01 9.310265706330791424e-01 -0.000000000000000000e+00 -9.968515777587890625e+01 -0.000000000000000000e+00 0.000000000000000000e+00 1.000000000000000000e+00 0.000000000000000000e+00
9.306191510560459790e-01 3.659890649838108967e-01 0.000000000000000000e+00 8.000260009765625000e+02 -3.659890649838108967e-01 9.306191510560459790e-01 -0.000000000000000000e+00 -1.007590866088867188e+02 -0.000000000000000000e+00 0.000000000000000000e+00 1.000000000000000000e+00 0.000000000000000000e+00
9.312229998314566215e-01 3.644498931059014235e-01 0.000000000000000000e+00 8.025247192382812500e+02 -3.644498931059014235e-01 9.312229998314566215e-01 -0.000000000000000000e+00 -1.018029251098632812e+02 -0.000000000000000000e+00 0.000000000000000000e+00 1.000000000000000000e+00 0.000000000000000000e+00
9.308157723684866713e-01 3.654887110569322584e-01 0.000000000000000000e+00 8.053122558593750000e+02 -3.654887110569322584e-01 9.308157723684866713e-01 -0.000000000000000000e+00 -1.028895492553710938e+02 -0.000000000000000000e+00 0.000000000000000000e+00 1.000000000000000000e+00 0.000000000000000000e+00
9.304819495619918168e-01 3.663377424444754782e-01 0.000000000000000000e+00 8.081136474609375000e+02 -3.663377424444754782e-01 9.304819495619918168e-01 -0.000000000000000000e+00 -1.040042800903320312e+02 -0.000000000000000000e+00 0.000000000000000000e+00 1.000000000000000000e+00 0.000000000000000000e+00
9.305844104287641638e-01 3.660773894505770509e-01 0.000000000000000000e+00 8.108891601562500000e+02 -3.660773894505770509e-01 9.305844104287641638e-01 -0.000000000000000000e+00 -1.051936340332031250e+02 -0.000000000000000000e+00 0.000000000000000000e+00 1.000000000000000000e+00 0.000000000000000000e+00
9.303697378475188628e-01 3.666226273670775693e-01 0.000000000000000000e+00 8.137041625976562500e+02 -3.666226273670775693e-01 9.303697378475188628e-01 -0.000000000000000000e+00 -1.063550872802734375e+02 -0.000000000000000000e+00 0.000000000000000000e+00 1.000000000000000000e+00 0.000000000000000000e+00
9.301620847981265650e-01 3.671491468109422396e-01 0.000000000000000000e+00 8.165206909179687500e+02 -3.671491468109422396e-01 9.301620847981265650e-01 -0.000000000000000000e+00 -1.075249710083007812e+02 -0.000000000000000000e+00 0.000000000000000000e+00 1.000000000000000000e+00 0.000000000000000000e+00
9.298929931520591996e-01 3.678301527698678575e-01 0.000000000000000000e+00 8.193626708984375000e+02 -3.678301527698678575e-01 9.298929931520591996e-01 -0.000000000000000000e+00 -1.087033081054687500e+02 -0.000000000000000000e+00 0.000000000000000000e+00 1.000000000000000000e+00 0.000000000000000000e+00
9.296668490681895269e-01 3.684013432978007208e-01 0.000000000000000000e+00 8.222025756835937500e+02 -3.684013432978007208e-01 9.296668490681895269e-01 -0.000000000000000000e+00 -1.098954849243164062e+02 -0.000000000000000000e+00 0.000000000000000000e+00 1.000000000000000000e+00 0.000000000000000000e+00
9.294700710592240789e-01 3.688975291394087086e-01 0.000000000000000000e+00 8.278687744140625000e+02 -3.688975291394087086e-01 9.294700710592240789e-01 -0.000000000000000000e+00 -1.123329696655273438e+02 -0.000000000000000000e+00 0.000000000000000000e+00 1.000000000000000000e+00 0.000000000000000000e+00
9.294700710592240789e-01 3.688975291394087086e-01 0.000000000000000000e+00 8.278687744140625000e+02 -3.688975291394087086e-01 9.294700710592240789e-01 -0.000000000000000000e+00 -1.123329696655273438e+02 -0.000000000000000000e+00 0.000000000000000000e+00 1.000000000000000000e+00 0.000000000000000000e+00
9.299110521729104795e-01 3.677844953864565225e-01 0.000000000000000000e+00 8.305117797851562500e+02 -3.677844953864565225e-01 9.299110521729104795e-01 -0.000000000000000000e+00 -1.135202178955078125e+02 -0.000000000000000000e+00 0.000000000000000000e+00 1.000000000000000000e+00 0.000000000000000000e+00
9.299460426232142307e-01 3.676960127733546746e-01 0.000000000000000000e+00 8.332318725585937500e+02 -3.676960127733546746e-01 9.299460426232142307e-01 -0.000000000000000000e+00 -1.146659469604492188e+02 -0.000000000000000000e+00 0.000000000000000000e+00 1.000000000000000000e+00 0.000000000000000000e+00
9.299561171710151175e-01 3.676705320476597594e-01 0.000000000000000000e+00 8.359736938476562500e+02 -3.676705320476597594e-01 9.299561171710151175e-01 -0.000000000000000000e+00 -1.158263397216796875e+02 -0.000000000000000000e+00 0.000000000000000000e+00 1.000000000000000000e+00 0.000000000000000000e+00
9.298566167104007629e-01 3.679221009397055653e-01 0.000000000000000000e+00 8.387929687500000000e+02 -3.679221009397055653e-01 9.298566167104007629e-01 -0.000000000000000000e+00 -1.170687866210937500e+02 -0.000000000000000000e+00 0.000000000000000000e+00 1.000000000000000000e+00 0.000000000000000000e+00
9.298311557936571603e-01 3.679864422983972760e-01 0.000000000000000000e+00 8.415131225585937500e+02 -3.679864422983972760e-01 9.298311557936571603e-01 -0.000000000000000000e+00 -1.182098693847656250e+02 -0.000000000000000000e+00 0.000000000000000000e+00 1.000000000000000000e+00 0.000000000000000000e+00
9.296363618917449223e-01 3.684782688961192321e-01 0.000000000000000000e+00 8.442921142578125000e+02 -3.684782688961192321e-01 9.296363618917449223e-01 -0.000000000000000000e+00 -1.193876037597656250e+02 -0.000000000000000000e+00 0.000000000000000000e+00 1.000000000000000000e+00 0.000000000000000000e+00
9.295151770701948202e-01 3.687838602707069202e-01 0.000000000000000000e+00 8.470216674804687500e+02 -3.687838602707069202e-01 9.295151770701948202e-01 -0.000000000000000000e+00 -1.205308227539062500e+02 -0.000000000000000000e+00 0.000000000000000000e+00 1.000000000000000000e+00 0.000000000000000000e+00
9.293503134388187981e-01 3.691991263683720992e-01 0.000000000000000000e+00 8.495449218750000000e+02 -3.691991263683720992e-01 9.293503134388187981e-01 -0.000000000000000000e+00 -1.215392990112304688e+02 -0.000000000000000000e+00 0.000000000000000000e+00 1.000000000000000000e+00 0.000000000000000000e+00
9.290153471780477901e-01 3.700411932577929996e-01 0.000000000000000000e+00 8.522276611328125000e+02 -3.700411932577929996e-01 9.290153471780477901e-01 -0.000000000000000000e+00 -1.226426925659179688e+02 -0.000000000000000000e+00 0.000000000000000000e+00 1.000000000000000000e+00 0.000000000000000000e+00
9.309715912512328551e-01 3.650916272432818688e-01 0.000000000000000000e+00 8.546576538085937500e+02 -3.650916272432818688e-01 9.309715912512328551e-01 -0.000000000000000000e+00 -1.238388290405273438e+02 -0.000000000000000000e+00 0.000000000000000000e+00 1.000000000000000000e+00 0.000000000000000000e+00
9.303802468414372751e-01 3.665959578163215382e-01 0.000000000000000000e+00 8.574146728515625000e+02 -3.665959578163215382e-01 9.303802468414372751e-01 -0.000000000000000000e+00 -1.250509719848632812e+02 -0.000000000000000000e+00 0.000000000000000000e+00 1.000000000000000000e+00 0.000000000000000000e+00
9.297356452909110169e-01 3.682276875460254173e-01 0.000000000000000000e+00 8.601954956054687500e+02 -3.682276875460254173e-01 9.297356452909110169e-01 -0.000000000000000000e+00 -1.262837982177734375e+02 -0.000000000000000000e+00 0.000000000000000000e+00 1.000000000000000000e+00 0.000000000000000000e+00
9.290980495748450974e-01 3.698334953411044901e-01 0.000000000000000000e+00 8.629512329101562500e+02 -3.698334953411044901e-01 9.290980495748450974e-01 -0.000000000000000000e+00 -1.275201950073242188e+02 -0.000000000000000000e+00 0.000000000000000000e+00 1.000000000000000000e+00 0.000000000000000000e+00
9.286609516891795035e-01 3.709296925399035438e-01 0.000000000000000000e+00 8.656813354492187500e+02 -3.709296925399035438e-01 9.286609516891795035e-01 -0.000000000000000000e+00 -1.287605285644531250e+02 -0.000000000000000000e+00 0.000000000000000000e+00 1.000000000000000000e+00 0.000000000000000000e+00
9.286609516891795035e-01 3.709296925399035438e-01 0.000000000000000000e+00 8.656813354492187500e+02 -3.709296925399035438e-01 9.286609516891795035e-01 -0.000000000000000000e+00 -1.287605285644531250e+02 -0.000000000000000000e+00 0.000000000000000000e+00 1.000000000000000000e+00 0.000000000000000000e+00
9.296793187130100167e-01 3.683698743889265992e-01 0.000000000000000000e+00 8.700626220703125000e+02 -3.683698743889265992e-01 9.296793187130100167e-01 -0.000000000000000000e+00 -1.308538055419921875e+02 -0.000000000000000000e+00 0.000000000000000000e+00 1.000000000000000000e+00 0.000000000000000000e+00
9.307670970203234528e-01 3.656126517290665401e-01 0.000000000000000000e+00 8.721309204101562500e+02 -3.656126517290665401e-01 9.307670970203234528e-01 -0.000000000000000000e+00 -1.319438323974609375e+02 -0.000000000000000000e+00 0.000000000000000000e+00 1.000000000000000000e+00 0.000000000000000000e+00
9.325832001484958278e-01 3.609550869579075116e-01 0.000000000000000000e+00 8.740881347656250000e+02 -3.609550869579075116e-01 9.325832001484958278e-01 -0.000000000000000000e+00 -1.330363464355468750e+02 -0.000000000000000000e+00 0.000000000000000000e+00 1.000000000000000000e+00 0.000000000000000000e+00
9.345858450769369830e-01 3.557376817007548153e-01 0.000000000000000000e+00 8.760243530273437500e+02 -3.557376817007548153e-01 9.345858450769369830e-01 -0.000000000000000000e+00 -1.341342163085937500e+02 -0.000000000000000000e+00 0.000000000000000000e+00 1.000000000000000000e+00 0.000000000000000000e+00
9.365388558502922844e-01 3.505637908892266785e-01 0.000000000000000000e+00 8.779752807617187500e+02 -3.505637908892266785e-01 9.365388558502922844e-01 -0.000000000000000000e+00 -1.352212371826171875e+02 -0.000000000000000000e+00 0.000000000000000000e+00 1.000000000000000000e+00 0.000000000000000000e+00
9.393622920476079052e-01 3.429263540165214397e-01 0.000000000000000000e+00 8.799205932617187500e+02 -3.429263540165214397e-01 9.393622920476079052e-01 -0.000000000000000000e+00 -1.363566131591796875e+02 -0.000000000000000000e+00 0.000000000000000000e+00 1.000000000000000000e+00 0.000000000000000000e+00
9.416642777243477980e-01 3.365536926819885921e-01 0.000000000000000000e+00 8.819003295898437500e+02 -3.365536926819885921e-01 9.416642777243477980e-01 -0.000000000000000000e+00 -1.374762573242187500e+02 -0.000000000000000000e+00 0.000000000000000000e+00 1.000000000000000000e+00 0.000000000000000000e+00
9.416642777243477980e-01 3.365536926819885921e-01 0.000000000000000000e+00 8.819003295898437500e+02 -3.365536926819885921e-01 9.416642777243477980e-01 -0.000000000000000000e+00 -1.374762573242187500e+02 -0.000000000000000000e+00 0.000000000000000000e+00 1.000000000000000000e+00 0.000000000000000000e+00
9.402399185784969804e-01 3.405126950812574771e-01 0.000000000000000000e+00 8.864485473632812500e+02 -3.405126950812574771e-01 9.402399185784969804e-01 -0.000000000000000000e+00 -1.393643188476562500e+02 -0.000000000000000000e+00 0.000000000000000000e+00 1.000000000000000000e+00 0.000000000000000000e+00
9.404885873243742367e-01 3.398252743875929682e-01 0.000000000000000000e+00 8.889893188476562500e+02 -3.398252743875929682e-01 9.404885873243742367e-01 -0.000000000000000000e+00 -1.404986877441406250e+02 -0.000000000000000000e+00 0.000000000000000000e+00 1.000000000000000000e+00 0.000000000000000000e+00
9.407292742142062680e-01 3.391584182007173487e-01 0.000000000000000000e+00 8.915363159179687500e+02 -3.391584182007173487e-01 9.407292742142062680e-01 -0.000000000000000000e+00 -1.416356201171875000e+02 -0.000000000000000000e+00 0.000000000000000000e+00 1.000000000000000000e+00 0.000000000000000000e+00
9.409651382652752805e-01 3.385034838364463505e-01 0.000000000000000000e+00 8.940933227539062500e+02 -3.385034838364463505e-01 9.409651382652752805e-01 -0.000000000000000000e+00 -1.427731323242187500e+02 -0.000000000000000000e+00 0.000000000000000000e+00 1.000000000000000000e+00 0.000000000000000000e+00
9.411031806899770036e-01 3.381195103734898622e-01 0.000000000000000000e+00 8.966624145507812500e+02 -3.381195103734898622e-01 9.411031806899770036e-01 -0.000000000000000000e+00 -1.439060821533203125e+02 -0.000000000000000000e+00 0.000000000000000000e+00 1.000000000000000000e+00 0.000000000000000000e+00
9.410197275846009513e-01 3.383516991188361689e-01 0.000000000000000000e+00 8.986796264648437500e+02 -3.383516991188361689e-01 9.410197275846009513e-01 -0.000000000000000000e+00 -1.448135375976562500e+02 -0.000000000000000000e+00 0.000000000000000000e+00 1.000000000000000000e+00 0.000000000000000000e+00
9.410027957381585928e-01 3.383987860689947613e-01 0.000000000000000000e+00 9.012368164062500000e+02 -3.383987860689947613e-01 9.410027957381585928e-01 -0.000000000000000000e+00 -1.459070434570312500e+02 -0.000000000000000000e+00 0.000000000000000000e+00 1.000000000000000000e+00 0.000000000000000000e+00
