9.929861583736463437e-01 1.182306613292331415e-01 0.000000000000000000e+00 0.000000000000000000e+00 -1.182306613292331415e-01 9.929861583736463437e-01 -0.000000000000000000e+00 0.000000000000000000e+00 -0.000000000000000000e+00 0.000000000000000000e+00 1.000000000000000000e+00 0.000000000000000000e+00
9.929861580373543495e-01 1.182306641536549907e-01 0.000000000000000000e+00 0.000000000000000000e+00 -1.182306641536549907e-01 9.929861580373543495e-01 -0.000000000000000000e+00 0.000000000000000000e+00 -0.000000000000000000e+00 0.000000000000000000e+00 1.000000000000000000e+00 0.000000000000000000e+00
9.928618028181874777e-01 1.192704510958964848e-01 0.000000000000000000e+00 2.991691589355468750e+00 -1.192704510958964848e-01 9.928618028181874777e-01 -0.000000000000000000e+00 -2.978186905384063721e-01 -0.000000000000000000e+00 0.000000000000000000e+00 1.000000000000000000e+00 0.000000000000000000e+00
9.927573413774571920e-01 1.201368433960328386e-01 0.000000000000000000e+00 5.984060287475585938e+00 -1.201368433960328386e-01 9.927573413774571920e-01 -0.000000000000000000e+00 -5.880535840988159180e-01 -0.000000000000000000e+00 0.000000000000000000e+00 1.000000000000000000e+00 0.000000000000000000e+00
9.927782942984720860e-01 1.199635710114378834e-01 0.000000000000000000e+00 8.976613998413085938e+00 -1.199635710114378834e-01 9.927782942984720860e-01 -0.000000000000000000e+00 -1.018161535263061523e+00 -0.000000000000000000e+00 0.000000000000000000e+00 1.000000000000000000e+00 0.000000000000000000e+00
9.927782946426861876e-01 1.199635681628379857e-01 0.000000000000000000e+00 1.197258458167766548e+01 -1.199635681628379857e-01 9.927782946426861876e-01 -0.000000000000000000e+00 -1.270503371314134711e+00 -0.000000000000000000e+00 0.000000000000000000e+00 1.000000000000000000e+00 0.000000000000000000e+00
9.925461519124016974e-01 1.218693411973812007e-01 0.000000000000000000e+00 1.507591915130615234e+01 -1.218693411973812007e-01 9.925461519124016974e-01 -0.000000000000000000e+00 -1.608767390251159668e+00 -0.000000000000000000e+00 0.000000000000000000e+00 1.000000000000000000e+00 0.000000000000000000e+00
9.923103501295382767e-01 1.237746703723875130e-01 0.000000000000000000e+00 1.805956649780273438e+01 -1.237746703723875130e-01 9.923103501295382767e-01 -0.000000000000000000e+00 -2.129779100418090820e+00 -0.000000000000000000e+00 0.000000000000000000e+00 1.000000000000000000e+00 0.000000000000000000e+00
9.919166036980211487e-01 1.268914942310272187e-01 0.000000000000000000e+00 2.104179954528808594e+01 -1.268914942310272187e-01 9.919166036980211487e-01 -0.000000000000000000e+00 -2.518442153930664062e+00 -0.000000000000000000e+00 0.000000000000000000e+00 1.000000000000000000e+00 0.000000000000000000e+00
9.922454066295061104e-01 1.242942195866168081e-01 0.000000000000000000e+00 2.404924964904785156e+01 -1.242942195866168081e-01 9.922454066295061104e-01 -0.000000000000000000e+00 -2.657174348831176758e+00 -0.000000000000000000e+00 0.000000000000000000e+00 1.000000000000000000e+00 0.000000000000000000e+00
9.921801899058582119e-01 1.248137442687109327e-01 0.000000000000000000e+00 2.704294967651367188e+01 -1.248137442687109327e-01 9.921801899058582119e-01 -0.000000000000000000e+00 -2.932229995727539062e+00 -0.000000000000000000e+00 0.000000000000000000e+00 1.000000000000000000e+00 0.000000000000000000e+00
9.922236972567596291e-01 1.244674037735427896e-01 0.000000000000000000e+00 2.992504882812500000e+01 -1.244674037735427896e-01 9.922236972567596291e-01 -0.000000000000000000e+00 -3.166836261749267578e+00 -0.000000000000000000e+00 0.000000000000000000e+00 1.000000000000000000e+00 0.000000000000000000e+00
9.893232660556411373e-01 1.457376932745919618e-01 0.000000000000000000e+00 3.281795883178710938e+01 -1.457376932745919618e-01 9.893232660556411373e-01 -0.000000000000000000e+00 -4.349740982055664062e+00 -0.000000000000000000e+00 0.000000000000000000e+00 1.000000000000000000e+00 0.000000000000000000e+00
9.907004066316794644e-01 1.360613990073043789e-01 0.000000000000000000e+00 3.574794387817382812e+01 -1.360613990073043789e-01 9.907004066316794644e-01 -0.000000000000000000e+00 -4.176090717315673828e+00 -0.000000000000000000e+00 0.000000000000000000e+00 1.000000000000000000e+00 0.000000000000000000e+00
9.902923438790923738e-01 1.390002649438245308e-01 0.000000000000000000e+00 3.861396789550781250e+01 -1.390002649438245308e-01 9.902923438790923738e-01 -0.000000000000000000e+00 -4.554423809051513672e+00 -0.000000000000000000e+00 0.000000000000000000e+00 1.000000000000000000e+00 0.000000000000000000e+00
9.902316000837546595e-01 1.394323427170573448e-01 0.000000000000000000e+00 4.143261337280273438e+01 -1.394323427170573448e-01 9.902316000837546595e-01 -0.000000000000000000e+00 -4.914460182189941406e+00 -0.000000000000000000e+00 0.000000000000000000e+00 1.000000000000000000e+00 0.000000000000000000e+00
9.901706668165716207e-01 1.398644006744597934e-01 0.000000000000000000e+00 4.425125503540039062e+01 -1.398644006744597934e-01 9.901706668165716207e-01 -0.000000000000000000e+00 -5.274494171142578125e+00 -0.000000000000000000e+00 0.000000000000000000e+00 1.000000000000000000e+00 0.000000000000000000e+00
9.896513864577468622e-01 1.434926244873211132e-01 0.000000000000000000e+00 4.722444152832031250e+01 -1.434926244873211132e-01 9.896513864577468622e-01 -0.000000000000000000e+00 -5.870918750762939453e+00 -0.000000000000000000e+00 0.000000000000000000e+00 1.000000000000000000e+00 0.000000000000000000e+00
9.904734471436399401e-01 1.377038507210132101e-01 0.000000000000000000e+00 5.019219207763671875e+01 -1.377038507210132101e-01 9.904734471436399401e-01 -0.000000000000000000e+00 -5.868655204772949219e+00 -0.000000000000000000e+00 0.000000000000000000e+00 1.000000000000000000e+00 0.000000000000000000e+00
9.912616460521058714e-01 1.319103827076154867e-01 0.000000000000000000e+00 5.315846633911132812e+01 -1.319103827076154867e-01 9.912616460521058714e-01 -0.000000000000000000e+00 -5.866222381591796875e+00 -0.000000000000000000e+00 0.000000000000000000e+00 1.000000000000000000e+00 0.000000000000000000e+00
9.900482336781215587e-01 1.407284441427233412e-01 0.000000000000000000e+00 5.610709762573242188e+01 -1.407284441427233412e-01 9.900482336781215587e-01 -0.000000000000000000e+00 -6.689681529998779297e+00 -0.000000000000000000e+00 0.000000000000000000e+00 1.000000000000000000e+00 0.000000000000000000e+00
9.899497462163929784e-01 1.414195883394485098e-01 0.000000000000000000e+00 5.921492767333984375e+01 -1.414195883394485098e-01 9.899497462163929784e-01 -0.000000000000000000e+00 -6.974813938140869141e+00 -0.000000000000000000e+00 0.000000000000000000e+00 1.000000000000000000e+00 0.000000000000000000e+00
9.898135373439331808e-01 1.423698047013138290e-01 0.000000000000000000e+00 6.225956726074218750e+01 -1.423698047013138290e-01 9.898135373439331808e-01 -0.000000000000000000e+00 -7.455335140228271484e+00 -0.000000000000000000e+00 0.000000000000000000e+00 1.000000000000000000e+00 0.000000000000000000e+00
9.893994378957325919e-01 1.452196690934405288e-01 0.000000000000000000e+00 6.529831695556640625e+01 -1.452196690934405288e-01 9.893994378957325919e-01 -0.000000000000000000e+00 -7.833642482757568359e+00 -0.000000000000000000e+00 0.000000000000000000e+00 1.000000000000000000e+00 0.000000000000000000e+00
9.887302667205287721e-01 1.497079145227533936e-01 0.000000000000000000e+00 6.838130187988281250e+01 -1.497079145227533936e-01 9.887302667205287721e-01 -0.000000000000000000e+00 -8.470292091369628906e+00 -0.000000000000000000e+00 0.000000000000000000e+00 1.000000000000000000e+00 0.000000000000000000e+00
9.880944997417895337e-01 1.538481705449323833e-01 0.000000000000000000e+00 7.135411834716796875e+01 -1.538481705449323833e-01 9.880944997417895337e-01 -0.000000000000000000e+00 -8.903813362121582031e+00 -0.000000000000000000e+00 0.000000000000000000e+00 1.000000000000000000e+00 0.000000000000000000e+00
9.877156272023779326e-01 1.562620868291896559e-01 0.000000000000000000e+00 7.445161437988281250e+01 -1.562620868291896559e-01 9.877156272023779326e-01 -0.000000000000000000e+00 -9.264356613159179688e+00 -0.000000000000000000e+00 0.000000000000000000e+00 1.000000000000000000e+00 0.000000000000000000e+00
9.868839060442481381e-01 1.614315830029784959e-01 0.000000000000000000e+00 7.752826690673828125e+01 -1.614315830029784959e-01 9.868839060442481381e-01 -0.000000000000000000e+00 -9.930881500244140625e+00 -0.000000000000000000e+00 0.000000000000000000e+00 1.000000000000000000e+00 0.000000000000000000e+00
9.860832205689448182e-01 1.662524649813585109e-01 0.000000000000000000e+00 8.061003112792968750e+01 -1.662524649813585109e-01 9.860832205689448182e-01 -0.000000000000000000e+00 -1.039682865142822266e+01 -0.000000000000000000e+00 0.000000000000000000e+00 1.000000000000000000e+00 0.000000000000000000e+00
9.853186420575743565e-01 1.707254334123001760e-01 0.000000000000000000e+00 8.357345581054687500e+01 -1.707254334123001760e-01 9.853186420575743565e-01 -0.000000000000000000e+00 -1.103033351898193359e+01 -0.000000000000000000e+00 0.000000000000000000e+00 1.000000000000000000e+00 0.000000000000000000e+00
9.845948659257368618e-01 1.748512224512034086e-01 0.000000000000000000e+00 8.665779876708984375e+01 -1.748512224512034086e-01 9.845948659257368618e-01 -0.000000000000000000e+00 -1.146588611602783203e+01 -0.000000000000000000e+00 0.000000000000000000e+00 1.000000000000000000e+00 0.000000000000000000e+00
9.847767583853366258e-01 1.738238652891720692e-01 0.000000000000000000e+00 8.949473571777343750e+01 -1.738238652891720692e-01 9.847767583853366258e-01 -0.000000000000000000e+00 -1.213443374633789062e+01 -0.000000000000000000e+00 0.000000000000000000e+00 1.000000000000000000e+00 0.000000000000000000e+00
9.841268183124044500e-01 1.774666320137500142e-01 0.000000000000000000e+00 9.256208801269531250e+01 -1.774666320137500142e-01 9.841268183124044500e-01 -0.000000000000000000e+00 -1.279727458953857422e+01 -0.000000000000000000e+00 0.000000000000000000e+00 1.000000000000000000e+00 0.000000000000000000e+00
9.833930592331295850e-01 1.814885424816302661e-01 0.000000000000000000e+00 9.565711975097656250e+01 -1.814885424816302661e-01 9.833930592331295850e-01 -0.000000000000000000e+00 -1.342768955230712891e+01 -0.000000000000000000e+00 0.000000000000000000e+00 1.000000000000000000e+00 0.000000000000000000e+00
9.826823961879211922e-01 1.852978904962644113e-01 0.000000000000000000e+00 9.870555877685546875e+01 -1.852978904962644113e-01 9.826823961879211922e-01 -0.000000000000000000e+00 -1.408064651489257812e+01 -0.000000000000000000e+00 0.000000000000000000e+00 1.000000000000000000e+00 0.000000000000000000e+00
9.819434792422470082e-01 1.891745320428485921e-01 0.000000000000000000e+00 1.017681274414062500e+02 -1.891745320428485921e-01 9.819434792422470082e-01 -0.000000000000000000e+00 -1.474059772491455078e+01 -0.000000000000000000e+00 0.000000000000000000e+00 1.000000000000000000e+00 0.000000000000000000e+00
9.811814411573792638e-01 1.930880097994909228e-01 0.000000000000000000e+00 1.048148193359375000e+02 -1.930880097994909228e-01 9.811814411573792638e-01 -0.000000000000000000e+00 -1.540442657470703125e+01 -0.000000000000000000e+00 0.000000000000000000e+00 1.000000000000000000e+00 0.000000000000000000e+00
9.804005006947953405e-01 1.970148680617647696e-01 0.000000000000000000e+00 1.078472595214843750e+02 -1.970148680617647696e-01 9.804005006947953405e-01 -0.000000000000000000e+00 -1.606669235229492188e+01 -0.000000000000000000e+00 0.000000000000000000e+00 1.000000000000000000e+00 0.000000000000000000e+00
9.795961992319597300e-01 2.009758354884951526e-01 0.000000000000000000e+00 1.106122817993164062e+02 -2.009758354884951526e-01 9.795961992319597300e-01 -0.000000000000000000e+00 -1.665253448486328125e+01 -0.000000000000000000e+00 0.000000000000000000e+00 1.000000000000000000e+00 0.000000000000000000e+00
9.787829037223723105e-01 2.049000424128832321e-01 0.000000000000000000e+00 1.135047073364257812e+02 -2.049000424128832321e-01 9.787829037223723105e-01 -0.000000000000000000e+00 -1.730336761474609375e+01 -0.000000000000000000e+00 0.000000000000000000e+00 1.000000000000000000e+00 0.000000000000000000e+00
9.779241949401810130e-01 2.089599697324795446e-01 0.000000000000000000e+00 1.164226531982421875e+02 -2.089599697324795446e-01 9.779241949401810130e-01 -0.000000000000000000e+00 -1.795053863525390625e+01 -0.000000000000000000e+00 0.000000000000000000e+00 1.000000000000000000e+00 0.000000000000000000e+00
9.770625581405154580e-01 2.129524770457293104e-01 0.000000000000000000e+00 1.193631668090820312e+02 -2.129524770457293104e-01 9.770625581405154580e-01 -0.000000000000000000e+00 -1.863024711608886719e+01 -0.000000000000000000e+00 0.000000000000000000e+00 1.000000000000000000e+00 0.000000000000000000e+00
9.761722808211112934e-01 2.169969542562971698e-01 0.000000000000000000e+00 1.223122100830078125e+02 -2.169969542562971698e-01 9.761722808211112934e-01 -0.000000000000000000e+00 -1.931834220886230469e+01 -0.000000000000000000e+00 0.000000000000000000e+00 1.000000000000000000e+00 0.000000000000000000e+00
9.752466914728865621e-01 2.211196299996645021e-01 0.000000000000000000e+00 1.252690505981445312e+02 -2.211196299996645021e-01 9.752466914728865621e-01 -0.000000000000000000e+00 -2.001653099060058594e+01 -0.000000000000000000e+00 0.000000000000000000e+00 1.000000000000000000e+00 0.000000000000000000e+00
9.744302615799121936e-01 2.246901540283950671e-01 0.000000000000000000e+00 1.269508361816406250e+02 -2.246901540283950671e-01 9.744302615799121936e-01 -0.000000000000000000e+00 -2.031803131103515625e+01 -0.000000000000000000e+00 0.000000000000000000e+00 1.000000000000000000e+00 0.000000000000000000e+00
9.735540562833914224e-01 2.284567781751183357e-01 0.000000000000000000e+00 1.299053039550781250e+02 -2.284567781751183357e-01 9.735540562833914224e-01 -0.000000000000000000e+00 -2.108894157409667969e+01 -0.000000000000000000e+00 0.000000000000000000e+00 1.000000000000000000e+00 0.000000000000000000e+00
9.716193706970032151e-01 2.365497801443904036e-01 0.000000000000000000e+00 1.360006561279296875e+02 -2.365497801443904036e-01 9.716193706970032151e-01 -0.000000000000000000e+00 -2.266902542114257812e+01 -0.000000000000000000e+00 0.000000000000000000e+00 1.000000000000000000e+00 0.000000000000000000e+00
9.716193706970032151e-01 2.365497801443904036e-01 0.000000000000000000e+00 1.360006561279296875e+02 -2.365497801443904036e-01 9.716193706970032151e-01 -0.000000000000000000e+00 -2.266902542114257812e+01 -0.000000000000000000e+00 0.000000000000000000e+00 1.000000000000000000e+00 0.000000000000000000e+00
9.705805743823175957e-01 2.407765533262955227e-01 0.000000000000000000e+00 1.391280059814453125e+02 -2.407765533262955227e-01 9.705805743823175957e-01 -0.000000000000000000e+00 -2.348816299438476562e+01 -0.000000000000000000e+00 0.000000000000000000e+00 1.000000000000000000e+00 0.000000000000000000e+00
9.695185818214662188e-01 2.450177942576681478e-01 0.000000000000000000e+00 1.423065338134765625e+02 -2.450177942576681478e-01 9.695185818214662188e-01 -0.000000000000000000e+00 -2.434073829650878906e+01 -0.000000000000000000e+00 0.000000000000000000e+00 1.000000000000000000e+00 0.000000000000000000e+00
9.683405530149090668e-01 2.496328772152819342e-01 0.000000000000000000e+00 1.454596252441406250e+02 -2.496328772152819342e-01 9.683405530149090668e-01 -0.000000000000000000e+00 -2.513833236694335938e+01 -0.000000000000000000e+00 0.000000000000000000e+00 1.000000000000000000e+00 0.000000000000000000e+00
9.671610693295984440e-01 2.541642499904885888e-01 0.000000000000000000e+00 1.487298431396484375e+02 -2.541642499904885888e-01 9.671610693295984440e-01 -0.000000000000000000e+00 -2.602737998962402344e+01 -0.000000000000000000e+00 0.000000000000000000e+00 1.000000000000000000e+00 0.000000000000000000e+00
9.659183038496266249e-01 2.588471175969714322e-01 0.000000000000000000e+00 1.520526580810546875e+02 -2.588471175969714322e-01 9.659183038496266249e-01 -0.000000000000000000e+00 -2.693665504455566406e+01 -0.000000000000000000e+00 0.000000000000000000e+00 1.000000000000000000e+00 0.000000000000000000e+00
9.646243066556705603e-01 2.636284260262289347e-01 0.000000000000000000e+00 1.554117126464843750e+02 -2.636284260262289347e-01 9.646243066556705603e-01 -0.000000000000000000e+00 -2.786647987365722656e+01 -0.000000000000000000e+00 0.000000000000000000e+00 1.000000000000000000e+00 0.000000000000000000e+00
9.632859645998885778e-01 2.684774672199928269e-01 0.000000000000000000e+00 1.586963500976562500e+02 -2.684774672199928269e-01 9.632859645998885778e-01 -0.000000000000000000e+00 -2.876979064941406250e+01 -0.000000000000000000e+00 0.000000000000000000e+00 1.000000000000000000e+00 0.000000000000000000e+00
9.621080833071271599e-01 2.726683627322503134e-01 0.000000000000000000e+00 1.615261535644531250e+02 -2.726683627322503134e-01 9.621080833071271599e-01 -0.000000000000000000e+00 -2.955007171630859375e+01 -0.000000000000000000e+00 0.000000000000000000e+00 1.000000000000000000e+00 0.000000000000000000e+00
9.609506900204337621e-01 2.767196620214257829e-01 0.000000000000000000e+00 1.643772735595703125e+02 -2.767196620214257829e-01 9.609506900204337621e-01 -0.000000000000000000e+00 -3.037365722656250000e+01 -0.000000000000000000e+00 0.000000000000000000e+00 1.000000000000000000e+00 0.000000000000000000e+00
9.597497498832132656e-01 2.808565783440180597e-01 0.000000000000000000e+00 1.672924652099609375e+02 -2.808565783440180597e-01 9.597497498832132656e-01 -0.000000000000000000e+00 -3.122441101074218750e+01 -0.000000000000000000e+00 0.000000000000000000e+00 1.000000000000000000e+00 0.000000000000000000e+00
9.585806217569139420e-01 2.848213327546380014e-01 0.000000000000000000e+00 1.699420013427734375e+02 -2.848213327546380014e-01 9.585806217569139420e-01 -0.000000000000000000e+00 -3.200043869018554688e+01 -0.000000000000000000e+00 0.000000000000000000e+00 1.000000000000000000e+00 0.000000000000000000e+00
9.573664770251286704e-01 2.888761476281725415e-01 0.000000000000000000e+00 1.727434539794921875e+02 -2.888761476281725415e-01 9.573664770251286704e-01 -0.000000000000000000e+00 -3.284317016601562500e+01 -0.000000000000000000e+00 0.000000000000000000e+00 1.000000000000000000e+00 0.000000000000000000e+00
9.561818644348678564e-01 2.927733630743413196e-01 0.000000000000000000e+00 1.756325378417968750e+02 -2.927733630743413196e-01 9.561818644348678564e-01 -0.000000000000000000e+00 -3.376298522949218750e+01 -0.000000000000000000e+00 0.000000000000000000e+00 1.000000000000000000e+00 0.000000000000000000e+00
9.549535594173970132e-01 2.967552853043124994e-01 0.000000000000000000e+00 1.785610351562500000e+02 -2.967552853043124994e-01 9.549535594173970132e-01 -0.000000000000000000e+00 -3.469432449340820312e+01 -0.000000000000000000e+00 0.000000000000000000e+00 1.000000000000000000e+00 0.000000000000000000e+00
9.536522051622906559e-01 3.009110692365774553e-01 0.000000000000000000e+00 1.815064697265625000e+02 -3.009110692365774553e-01 9.536522051622906559e-01 -0.000000000000000000e+00 -3.562548828125000000e+01 -0.000000000000000000e+00 0.000000000000000000e+00 1.000000000000000000e+00 0.000000000000000000e+00
9.523514029781857682e-01 3.050029594044643133e-01 0.000000000000000000e+00 1.844393463134765625e+02 -3.050029594044643133e-01 9.523514029781857682e-01 -0.000000000000000000e+00 -3.657358932495117188e+01 -0.000000000000000000e+00 0.000000000000000000e+00 1.000000000000000000e+00 0.000000000000000000e+00
9.509729663291004442e-01 3.092740165471900005e-01 0.000000000000000000e+00 1.873907775878906250e+02 -3.092740165471900005e-01 9.509729663291004442e-01 -0.000000000000000000e+00 -3.752807235717773438e+01 -0.000000000000000000e+00 0.000000000000000000e+00 1.000000000000000000e+00 0.000000000000000000e+00
9.495036401427225936e-01 3.137560156486552398e-01 0.000000000000000000e+00 1.903835754394531250e+02 -3.137560156486552398e-01 9.495036401427225936e-01 -0.000000000000000000e+00 -3.847660064697265625e+01 -0.000000000000000000e+00 0.000000000000000000e+00 1.000000000000000000e+00 0.000000000000000000e+00
9.480440038192354812e-01 3.181392255324599350e-01 0.000000000000000000e+00 1.933221893310546875e+02 -3.181392255324599350e-01 9.480440038192354812e-01 -0.000000000000000000e+00 -3.944178771972656250e+01 -0.000000000000000000e+00 0.000000000000000000e+00 1.000000000000000000e+00 0.000000000000000000e+00
9.465476754110931923e-01 3.225639443177985011e-01 0.000000000000000000e+00 1.962637939453125000e+02 -3.225639443177985011e-01 9.465476754110931923e-01 -0.000000000000000000e+00 -4.041674423217773438e+01 -0.000000000000000000e+00 0.000000000000000000e+00 1.000000000000000000e+00 0.000000000000000000e+00
9.450425606116166222e-01 3.269473331174898023e-01 0.000000000000000000e+00 1.991817779541015625e+02 -3.269473331174898023e-01 9.450425606116166222e-01 -0.000000000000000000e+00 -4.141077041625976562e+01 -0.000000000000000000e+00 0.000000000000000000e+00 1.000000000000000000e+00 0.000000000000000000e+00
9.435430390754488972e-01 3.312499560939833887e-01 0.000000000000000000e+00 2.021158294677734375e+02 -3.312499560939833887e-01 9.435430390754488972e-01 -0.000000000000000000e+00 -4.243368148803710938e+01 -0.000000000000000000e+00 0.000000000000000000e+00 1.000000000000000000e+00 0.000000000000000000e+00
9.420351523100035651e-01 3.355141901801895754e-01 0.000000000000000000e+00 2.051000518798828125e+02 -3.355141901801895754e-01 9.420351523100035651e-01 -0.000000000000000000e+00 -4.349852371215820312e+01 -0.000000000000000000e+00 0.000000000000000000e+00 1.000000000000000000e+00 0.000000000000000000e+00
9.405896772737706302e-01 3.395453710566882499e-01 0.000000000000000000e+00 2.080422973632812500e+02 -3.395453710566882499e-01 9.405896772737706302e-01 -0.000000000000000000e+00 -4.457991409301757812e+01 -0.000000000000000000e+00 0.000000000000000000e+00 1.000000000000000000e+00 0.000000000000000000e+00
9.392097963793644144e-01 3.433437903691177739e-01 0.000000000000000000e+00 2.109389038085937500e+02 -3.433437903691177739e-01 9.392097963793644144e-01 -0.000000000000000000e+00 -4.566687774658203125e+01 -0.000000000000000000e+00 0.000000000000000000e+00 1.000000000000000000e+00 0.000000000000000000e+00
9.378533847080220420e-01 3.470317403231394371e-01 0.000000000000000000e+00 2.138491058349609375e+02 -3.470317403231394371e-01 9.378533847080220420e-01 -0.000000000000000000e+00 -4.676609420776367188e+01 -0.000000000000000000e+00 0.000000000000000000e+00 1.000000000000000000e+00 0.000000000000000000e+00
9.364769011994603654e-01 3.507292595719043171e-01 0.000000000000000000e+00 2.167700500488281250e+02 -3.507292595719043171e-01 9.364769011994603654e-01 -0.000000000000000000e+00 -4.786096954345703125e+01 -0.000000000000000000e+00 0.000000000000000000e+00 1.000000000000000000e+00 0.000000000000000000e+00
9.351003314537355005e-01 3.543830838444663178e-01 0.000000000000000000e+00 2.196882781982421875e+02 -3.543830838444663178e-01 9.351003314537355005e-01 -0.000000000000000000e+00 -4.895432281494140625e+01 -0.000000000000000000e+00 0.000000000000000000e+00 1.000000000000000000e+00 0.000000000000000000e+00
9.342044156076206862e-01 3.567381530748062191e-01 0.000000000000000000e+00 2.210928192138671875e+02 -3.567381530748062191e-01 9.342044156076206862e-01 -0.000000000000000000e+00 -4.951260757446289062e+01 -0.000000000000000000e+00 0.000000000000000000e+00 1.000000000000000000e+00 0.000000000000000000e+00
9.332546641589196668e-01 3.592154392918295303e-01 0.000000000000000000e+00 2.239394989013671875e+02 -3.592154392918295303e-01 9.332546641589196668e-01 -0.000000000000000000e+00 -5.071995925903320312e+01 -0.000000000000000000e+00 0.000000000000000000e+00 1.000000000000000000e+00 0.000000000000000000e+00
9.321231935185703144e-01 3.621413427168208021e-01 0.000000000000000000e+00 2.268515777587890625e+02 -3.621413427168208021e-01 9.321231935185703144e-01 -0.000000000000000000e+00 -5.186118698120117188e+01 -0.000000000000000000e+00 0.000000000000000000e+00 1.000000000000000000e+00 0.000000000000000000e+00
9.310850013509845979e-01 3.648023029796234051e-01 0.000000000000000000e+00 2.298042144775390625e+02 -3.648023029796234051e-01 9.310850013509845979e-01 -0.000000000000000000e+00 -5.304162216186523438e+01 -0.000000000000000000e+00 0.000000000000000000e+00 1.000000000000000000e+00 0.000000000000000000e+00
9.300341635957618536e-01 3.674730664208353259e-01 0.000000000000000000e+00 2.328090362548828125e+02 -3.674730664208353259e-01 9.300341635957618536e-01 -0.000000000000000000e+00 -5.423526382446289062e+01 -0.000000000000000000e+00 0.000000000000000000e+00 1.000000000000000000e+00 0.000000000000000000e+00
9.290432887893018687e-01 3.699710361035817852e-01 0.000000000000000000e+00 2.358523406982421875e+02 -3.699710361035817852e-01 9.290432887893018687e-01 -0.000000000000000000e+00 -5.546644973754882812e+01 -0.000000000000000000e+00 0.000000000000000000e+00 1.000000000000000000e+00 0.000000000000000000e+00
9.279822150033569805e-01 3.726244874366999027e-01 0.000000000000000000e+00 2.389534454345703125e+02 -3.726244874366999027e-01 9.279822150033569805e-01 -0.000000000000000000e+00 -5.670255279541015625e+01 -0.000000000000000000e+00 0.000000000000000000e+00 1.000000000000000000e+00 0.000000000000000000e+00
9.269250719761058521e-01 3.752464669281924681e-01 0.000000000000000000e+00 2.420450744628906250e+02 -3.752464669281924681e-01 9.269250719761058521e-01 -0.000000000000000000e+00 -5.794567871093750000e+01 -0.000000000000000000e+00 0.000000000000000000e+00 1.000000000000000000e+00 0.000000000000000000e+00
9.258462215316711763e-01 3.779004817085148682e-01 0.000000000000000000e+00 2.451059265136718750e+02 -3.779004817085148682e-01 9.258462215316711763e-01 -0.000000000000000000e+00 -5.917475891113281250e+01 -0.000000000000000000e+00 0.000000000000000000e+00 1.000000000000000000e+00 0.000000000000000000e+00
9.248389722271604940e-01 3.803588771802355328e-01 0.000000000000000000e+00 2.480715179443359375e+02 -3.803588771802355328e-01 9.248389722271604940e-01 -0.000000000000000000e+00 -6.040083694458007812e+01 -0.000000000000000000e+00 0.000000000000000000e+00 1.000000000000000000e+00 0.000000000000000000e+00
9.228190851658175653e-01 3.852336123104052046e-01 0.000000000000000000e+00 2.537319335937500000e+02 -3.852336123104052046e-01 9.228190851658175653e-01 -0.000000000000000000e+00 -6.283425903320312500e+01 -0.000000000000000000e+00 0.000000000000000000e+00 1.000000000000000000e+00 0.000000000000000000e+00
9.228190851658175653e-01 3.852336123104052046e-01 0.000000000000000000e+00 2.537319335937500000e+02 -3.852336123104052046e-01 9.228190851658175653e-01 -0.000000000000000000e+00 -6.283425903320312500e+01 -0.000000000000000000e+00 0.000000000000000000e+00 1.000000000000000000e+00 0.000000000000000000e+00
9.218631666849703699e-01 3.875155505390184274e-01 0.000000000000000000e+00 2.565160522460937500e+02 -3.875155505390184274e-01 9.218631666849703699e-01 -0.000000000000000000e+00 -6.407400512695312500e+01 -0.000000000000000000e+00 0.000000000000000000e+00 1.000000000000000000e+00 0.000000000000000000e+00
9.208592857044006763e-01 3.898950832364790342e-01 0.000000000000000000e+00 2.593669738769531250e+02 -3.898950832364790342e-01 9.208592857044006763e-01 -0.000000000000000000e+00 -6.533315277099609375e+01 -0.000000000000000000e+00 0.000000000000000000e+00 1.000000000000000000e+00 0.000000000000000000e+00
9.198820807396670407e-01 3.921950503691506995e-01 0.000000000000000000e+00 2.622409973144531250e+02 -3.921950503691506995e-01 9.198820807396670407e-01 -0.000000000000000000e+00 -6.662445831298828125e+01 -0.000000000000000000e+00 0.000000000000000000e+00 1.000000000000000000e+00 0.000000000000000000e+00
9.189272114362727617e-01 3.944271543415281411e-01 0.000000000000000000e+00 2.651221313476562500e+02 -3.944271543415281411e-01 9.189272114362727617e-01 -0.000000000000000000e+00 -6.792642974853515625e+01 -0.000000000000000000e+00 0.000000000000000000e+00 1.000000000000000000e+00 0.000000000000000000e+00
9.179193886390559776e-01 3.967669290156396467e-01 0.000000000000000000e+00 2.679836425781250000e+02 -3.967669290156396467e-01 9.179193886390559776e-01 -0.000000000000000000e+00 -6.921115875244140625e+01 -0.000000000000000000e+00 0.000000000000000000e+00 1.000000000000000000e+00 0.000000000000000000e+00
9.169344981471669875e-01 3.990377502287257849e-01 0.000000000000000000e+00 2.708130798339843750e+02 -3.990377502287257849e-01 9.169344981471669875e-01 -0.000000000000000000e+00 -7.049404907226562500e+01 -0.000000000000000000e+00 0.000000000000000000e+00 1.000000000000000000e+00 0.000000000000000000e+00
9.159512924133805800e-01 4.012894590270941197e-01 0.000000000000000000e+00 2.736503601074218750e+02 -4.012894590270941197e-01 9.159512924133805800e-01 -0.000000000000000000e+00 -7.178076934814453125e+01 -0.000000000000000000e+00 0.000000000000000000e+00 1.000000000000000000e+00 0.000000000000000000e+00
9.150644476516016645e-01 4.033076451594602707e-01 0.000000000000000000e+00 2.764582824707031250e+02 -4.033076451594602707e-01 9.150644476516016645e-01 -0.000000000000000000e+00 -7.307110595703125000e+01 -0.000000000000000000e+00 0.000000000000000000e+00 1.000000000000000000e+00 0.000000000000000000e+00
9.142177218459007770e-01 4.052233421989547835e-01 0.000000000000000000e+00 2.792808532714843750e+02 -4.052233421989547835e-01 9.142177218459007770e-01 -0.000000000000000000e+00 -7.436436462402343750e+01 -0.000000000000000000e+00 0.000000000000000000e+00 1.000000000000000000e+00 0.000000000000000000e+00
9.135260578025277134e-01 4.067802130337372923e-01 0.000000000000000000e+00 2.820529174804687500e+02 -4.067802130337372923e-01 9.135260578025277134e-01 -0.000000000000000000e+00 -7.567878723144531250e+01 -0.000000000000000000e+00 0.000000000000000000e+00 1.000000000000000000e+00 0.000000000000000000e+00
9.133921789591172846e-01 4.070807382035113164e-01 0.000000000000000000e+00 2.838505249023437500e+02 -4.070807382035113164e-01 9.133921789591172846e-01 -0.000000000000000000e+00 -7.666276550292968750e+01 -0.000000000000000000e+00 0.000000000000000000e+00 1.000000000000000000e+00 0.000000000000000000e+00
9.127362907152760663e-01 4.085492181014656610e-01 0.000000000000000000e+00 2.867073364257812500e+02 -4.085492181014656610e-01 9.127362907152760663e-01 -0.000000000000000000e+00 -7.795708465576171875e+01 -0.000000000000000000e+00 0.000000000000000000e+00 1.000000000000000000e+00 0.000000000000000000e+00
9.122715165564724282e-01 4.095859861857505391e-01 0.000000000000000000e+00 2.895843505859375000e+02 -4.095859861857505391e-01 9.122715165564724282e-01 -0.000000000000000000e+00 -7.929274749755859375e+01 -0.000000000000000000e+00 0.000000000000000000e+00 1.000000000000000000e+00 0.000000000000000000e+00
9.119878683266819941e-01 4.102171717821604946e-01 0.000000000000000000e+00 2.924730224609375000e+02 -4.102171717821604946e-01 9.119878683266819941e-01 -0.000000000000000000e+00 -8.067556762695312500e+01 -0.000000000000000000e+00 0.000000000000000000e+00 1.000000000000000000e+00 0.000000000000000000e+00
9.118447003355196756e-01 4.105353120865806726e-01 0.000000000000000000e+00 2.953592834472656250e+02 -4.105353120865806726e-01 9.118447003355196756e-01 -0.000000000000000000e+00 -8.207695007324218750e+01 -0.000000000000000000e+00 0.000000000000000000e+00 1.000000000000000000e+00 0.000000000000000000e+00
9.117366658831951298e-01 4.107751843578126283e-01 0.000000000000000000e+00 2.982485656738281250e+02 -4.107751843578126283e-01 9.117366658831951298e-01 -0.000000000000000000e+00 -8.347187042236328125e+01 -0.000000000000000000e+00 0.000000000000000000e+00 1.000000000000000000e+00 0.000000000000000000e+00
9.116492052223750253e-01 4.109692526423502357e-01 0.000000000000000000e+00 3.039131774902343750e+02 -4.109692526423502357e-01 9.116492052223750253e-01 -0.000000000000000000e+00 -8.620863342285156250e+01 -0.000000000000000000e+00 0.000000000000000000e+00 1.000000000000000000e+00 0.000000000000000000e+00
9.116492052223750253e-01 4.109692526423502357e-01 0.000000000000000000e+00 3.039131774902343750e+02 -4.109692526423502357e-01 9.116492052223750253e-01 -0.000000000000000000e+00 -8.620863342285156250e+01 -0.000000000000000000e+00 0.000000000000000000e+00 1.000000000000000000e+00 0.000000000000000000e+00
9.116624203902417012e-01 4.109399363023825136e-01 0.000000000000000000e+00 3.067113037109375000e+02 -4.109399363023825136e-01 9.116624203902417012e-01 -0.000000000000000000e+00 -8.757384490966796875e+01 -0.000000000000000000e+00 0.000000000000000000e+00 1.000000000000000000e+00 0.000000000000000000e+00
9.117293764598721761e-01 4.107913632248038072e-01 0.000000000000000000e+00 3.094732360839843750e+02 -4.107913632248038072e-01 9.117293764598721761e-01 -0.000000000000000000e+00 -8.894400024414062500e+01 -0.000000000000000000e+00 0.000000000000000000e+00 1.000000000000000000e+00 0.000000000000000000e+00
9.115773253091068451e-01 4.111286659700279511e-01 0.000000000000000000e+00 3.122921752929687500e+02 -4.111286659700279511e-01 9.115773253091068451e-01 -0.000000000000000000e+00 -9.028235626220703125e+01 -0.000000000000000000e+00 0.000000000000000000e+00 1.000000000000000000e+00 0.000000000000000000e+00
9.116316971433202632e-01 4.110080884405921120e-01 0.000000000000000000e+00 3.150564575195312500e+02 -4.110080884405921120e-01 9.116316971433202632e-01 -0.000000000000000000e+00 -9.166285705566406250e+01 -0.000000000000000000e+00 0.000000000000000000e+00 1.000000000000000000e+00 0.000000000000000000e+00
9.116603255642276027e-01 4.109445836023715160e-01 0.000000000000000000e+00 3.178858032226562500e+02 -4.109445836023715160e-01 9.116603255642276027e-01 -0.000000000000000000e+00 -9.306489562988281250e+01 -0.000000000000000000e+00 0.000000000000000000e+00 1.000000000000000000e+00 0.000000000000000000e+00
9.116094291716481113e-01 4.110574760849654008e-01 0.000000000000000000e+00 3.206940917968750000e+02 -4.110574760849654008e-01 9.116094291716481113e-01 -0.000000000000000000e+00 -9.444933319091796875e+01 -0.000000000000000000e+00 0.000000000000000000e+00 1.000000000000000000e+00 0.000000000000000000e+00
9.115241812736254445e-01 4.112464795635907278e-01 0.000000000000000000e+00 3.235035400390625000e+02 -4.112464795635907278e-01 9.115241812736254445e-01 -0.000000000000000000e+00 -9.582781219482421875e+01 -0.000000000000000000e+00 0.000000000000000000e+00 1.000000000000000000e+00 0.000000000000000000e+00
9.113941744765319264e-01 4.115345170580967382e-01 0.000000000000000000e+00 3.262880554199218750e+02 -4.115345170580967382e-01 9.113941744765319264e-01 -0.000000000000000000e+00 -9.718730163574218750e+01 -0.000000000000000000e+00 0.000000000000000000e+00 1.000000000000000000e+00 0.000000000000000000e+00
9.113070537532600435e-01 4.117274022694540347e-01 0.000000000000000000e+00 3.290416870117187500e+02 -4.117274022694540347e-01 9.113070537532600435e-01 -0.000000000000000000e+00 -9.855489349365234375e+01 -0.000000000000000000e+00 0.000000000000000000e+00 1.000000000000000000e+00 0.000000000000000000e+00
9.111351128045551695e-01 4.121077604397065386e-01 0.000000000000000000e+00 3.317757568359375000e+02 -4.121077604397065386e-01 9.111351128045551695e-01 -0.000000000000000000e+00 -9.990473175048828125e+01 -0.000000000000000000e+00 0.000000000000000000e+00 1.000000000000000000e+00 0.000000000000000000e+00
9.109911101082543983e-01 4.124259900924410194e-01 0.000000000000000000e+00 3.344750061035156250e+02 -4.124259900924410194e-01 9.109911101082543983e-01 -0.000000000000000000e+00 -1.012632675170898438e+02 -0.000000000000000000e+00 0.000000000000000000e+00 1.000000000000000000e+00 0.000000000000000000e+00
9.108138556056070145e-01 4.128172966783834608e-01 0.000000000000000000e+00 3.368970947265625000e+02 -4.128172966783834608e-01 9.108138556056070145e-01 -0.000000000000000000e+00 -1.025113906860351562e+02 -0.000000000000000000e+00 0.000000000000000000e+00 1.000000000000000000e+00 0.000000000000000000e+00
9.106686863648417729e-01 4.131374392070191193e-01 0.000000000000000000e+00 3.394035949707031250e+02 -4.131374392070191193e-01 9.106686863648417729e-01 -0.000000000000000000e+00 -1.037693023681640625e+02 -0.000000000000000000e+00 0.000000000000000000e+00 1.000000000000000000e+00 0.000000000000000000e+00
9.105322781912562613e-01 4.134379885446433645e-01 0.000000000000000000e+00 3.419817504882812500e+02 -4.134379885446433645e-01 9.105322781912562613e-01 -0.000000000000000000e+00 -1.050622711181640625e+02 -0.000000000000000000e+00 0.000000000000000000e+00 1.000000000000000000e+00 0.000000000000000000e+00
9.103930209586044153e-01 4.137445436375760677e-01 0.000000000000000000e+00 3.446819763183593750e+02 -4.137445436375760677e-01 9.103930209586044153e-01 -0.000000000000000000e+00 -1.064300689697265625e+02 -0.000000000000000000e+00 0.000000000000000000e+00 1.000000000000000000e+00 0.000000000000000000e+00
9.102776773452828651e-01 4.139982489418006506e-01 0.000000000000000000e+00 3.473693237304687500e+02 -4.139982489418006506e-01 9.102776773452828651e-01 -0.000000000000000000e+00 -1.078044738769531250e+02 -0.000000000000000000e+00 0.000000000000000000e+00 1.000000000000000000e+00 0.000000000000000000e+00
9.101619770203721593e-01 4.142525504886692689e-01 0.000000000000000000e+00 3.500892944335937500e+02 -4.142525504886692689e-01 9.101619770203721593e-01 -0.000000000000000000e+00 -1.092070617675781250e+02 -0.000000000000000000e+00 0.000000000000000000e+00 1.000000000000000000e+00 0.000000000000000000e+00
9.101839391912105448e-01 4.142042936020471355e-01 0.000000000000000000e+00 3.527955932617187500e+02 -4.142042936020471355e-01 9.101839391912105448e-01 -0.000000000000000000e+00 -1.106221389770507812e+02 -0.000000000000000000e+00 0.000000000000000000e+00 1.000000000000000000e+00 0.000000000000000000e+00
9.101010368049704535e-01 4.143864172563067050e-01 0.000000000000000000e+00 3.555369567871093750e+02 -4.143864172563067050e-01 9.101010368049704535e-01 -0.000000000000000000e+00 -1.120244979858398438e+02 -0.000000000000000000e+00 0.000000000000000000e+00 1.000000000000000000e+00 0.000000000000000000e+00
9.101791356297042057e-01 4.142148489182450044e-01 0.000000000000000000e+00 3.582261962890625000e+02 -4.142148489182450044e-01 9.101791356297042057e-01 -0.000000000000000000e+00 -1.134342498779296875e+02 -0.000000000000000000e+00 0.000000000000000000e+00 1.000000000000000000e+00 0.000000000000000000e+00
9.096089374792304394e-01 4.154654989982987656e-01 0.000000000000000000e+00 3.636990661621093750e+02 -4.154654989982987656e-01 9.096089374792304394e-01 -0.000000000000000000e+00 -1.161034927368164062e+02 -0.000000000000000000e+00 0.000000000000000000e+00 1.000000000000000000e+00 0.000000000000000000e+00
9.096089374792304394e-01 4.154654989982987656e-01 0.000000000000000000e+00 3.636990661621093750e+02 -4.154654989982987656e-01 9.096089374792304394e-01 -0.000000000000000000e+00 -1.161034927368164062e+02 -0.000000000000000000e+00 0.000000000000000000e+00 1.000000000000000000e+00 0.000000000000000000e+00
9.094035133977450558e-01 4.159149550326813327e-01 0.000000000000000000e+00 3.664598999023437500e+02 -4.159149550326813327e-01 9.094035133977450558e-01 -0.000000000000000000e+00 -1.174660644531250000e+02 -0.000000000000000000e+00 0.000000000000000000e+00 1.000000000000000000e+00 0.000000000000000000e+00
9.092060525447751562e-01 4.163464350945587644e-01 0.000000000000000000e+00 3.692286987304687500e+02 -4.163464350945587644e-01 9.092060525447751562e-01 -0.000000000000000000e+00 -1.188410110473632812e+02 -0.000000000000000000e+00 0.000000000000000000e+00 1.000000000000000000e+00 0.000000000000000000e+00
9.090216820345595750e-01 4.167488231429813950e-01 0.000000000000000000e+00 3.719825439453125000e+02 -4.167488231429813950e-01 9.090216820345595750e-01 -0.000000000000000000e+00 -1.202240753173828125e+02 -0.000000000000000000e+00 0.000000000000000000e+00 1.000000000000000000e+00 0.000000000000000000e+00
